-0.516 -0.147 -0.215 226 189 125
-0.515 -0.150 -0.219 228 189 111
-0.513 -0.152 -0.219 222 185 105
-0.511 -0.155 -0.219 223 183 107
-0.510 -0.157 -0.219 224 184 106
-0.508 -0.159 -0.219 224 181 102
-0.506 -0.161 -0.219 219 178 100
-0.504 -0.164 -0.219 218 177 100
-0.413 -0.073  0.076 223 179 99
-0.411 -0.073  0.079 224 181 103
-0.410 -0.074  0.081 223 183 106
-0.408 -0.074  0.082 224 184 107
-0.407 -0.075  0.083 226 188 109
-0.405 -0.075  0.086 229 189 115
-0.423 -0.060  0.072 220 182 110
-0.422 -0.062  0.072 221 179 98
-0.421 -0.063  0.072 230 175 85
-0.420 -0.064  0.073 233 174 72
-0.419 -0.065  0.073 230 173 68
-0.418 -0.066  0.073 231 174 68
-0.417 -0.067  0.074 232 179 70
-0.415 -0.068  0.075 232 176 70
-0.414 -0.069  0.076 231 177 69
-0.413 -0.070  0.077 230 176 70
-0.412 -0.071  0.077 230 178 70
-0.410 -0.072  0.079 231 178 71
-0.408 -0.072  0.081 232 179 72
-0.407 -0.073  0.083 233 176 71
-0.406 -0.074  0.084 234 178 73
-0.404 -0.074  0.086 232 176 78
-0.403 -0.075  0.087 228 179 91
-0.402 -0.076  0.088 224 182 104
-0.400 -0.077  0.088 224 185 114
-0.423 -0.056  0.076 223 182 102
-0.422 -0.058  0.074 222 179 90
-0.422 -0.059  0.073 228 172 69
-0.420 -0.060  0.074 231 175 67
-0.420 -0.061  0.073 233 174 69
-0.418 -0.062  0.074 232 175 69
-0.417 -0.063  0.075 231 176 69
-0.416 -0.065  0.075 231 174 67
-0.415 -0.066  0.076 232 177 69
-0.414 -0.067  0.076 232 175 67
-0.412 -0.068  0.077 233 178 67
-0.411 -0.069  0.078 233 177 69
-0.410 -0.070  0.078 232 178 70
-0.409 -0.070  0.080 232 178 69
-0.407 -0.071  0.082 233 179 69
-0.406 -0.072  0.083 232 179 70
-0.404 -0.073  0.084 233 179 70
-0.403 -0.073  0.086 234 178 69
-0.402 -0.074  0.087 233 178 69
-0.400 -0.075  0.087 232 175 71
-0.399 -0.076  0.088 229 175 76
-0.398 -0.077  0.088 228 179 89
-0.397 -0.079  0.088 225 184 106
-0.397 -0.080  0.086 225 190 123
-0.425 -0.049  0.078 211 141 115
-0.424 -0.051  0.077 224 169 110
-0.423 -0.052  0.077 225 182 105
-0.422 -0.053  0.077 228 175 86
-0.422 -0.055  0.076 233 178 68
-0.421 -0.056  0.075 230 179 71
-0.420 -0.058  0.075 232 176 70
-0.419 -0.059  0.075 233 176 68
-0.418 -0.060  0.075 232 176 68
-0.417 -0.061  0.076 233 174 68
-0.415 -0.062  0.076 232 177 70
-0.414 -0.063  0.076 230 177 69
-0.413 -0.064  0.077 232 177 68
-0.412 -0.065  0.077 231 176 68
-0.411 -0.066  0.078 231 180 69
-0.409 -0.067  0.079 232 178 69
-0.409 -0.068  0.079 234 175 69
-0.407 -0.069  0.081 233 179 68
-0.405 -0.070  0.083 232 178 67
-0.404 -0.071  0.084 231 179 71
-0.403 -0.071  0.085 232 179 69
-0.401 -0.072  0.086 233 179 70
-0.400 -0.073  0.087 232 179 68
-0.399 -0.074  0.087 232 177 71
-0.398 -0.075  0.087 232 176 71
-0.397 -0.077  0.087 232 177 72
-0.396 -0.078  0.087 229 176 74
-0.396 -0.079  0.086 226 176 87
-0.395 -0.080  0.086 223 181 106
-0.425 -0.047  0.078 196 125 91
-0.424 -0.048  0.078 207 142 83
-0.423 -0.050  0.077 228 166 73
-0.422 -0.051  0.077 233 174 71
-0.421 -0.052  0.077 234 175 68
-0.420 -0.054  0.076 235 179 69
-0.419 -0.055  0.075 232 175 69
-0.418 -0.056  0.075 232 176 70
-0.417 -0.057  0.076 230 174 68
-0.416 -0.059  0.076 234 178 68
-0.415 -0.060  0.077 234 175 67
-0.414 -0.061  0.077 234 174 68
-0.413 -0.062  0.078 230 178 68
-0.411 -0.063  0.078 233 176 66
-0.410 -0.064  0.079 232 175 67
-0.409 -0.065  0.079 231 180 69
-0.408 -0.066  0.080 233 178 67
-0.407 -0.067  0.080 234 177 68
-0.405 -0.068  0.082 234 180 67
-0.404 -0.068  0.084 233 178 68
-0.403 -0.069  0.085 232 179 69
-0.401 -0.070  0.085 233 179 70
-0.400 -0.071  0.086 232 179 70
-0.399 -0.072  0.086 232 178 69
-0.398 -0.074  0.086 231 178 72
-0.397 -0.075  0.086 233 177 69
-0.396 -0.076  0.086 234 178 69
-0.395 -0.077  0.086 231 177 71
-0.394 -0.078  0.085 229 174 73
-0.393 -0.079  0.086 226 173 77
-0.393 -0.081  0.085 225 180 92
-0.392 -0.082  0.085 225 185 112
-0.423 -0.046  0.078 201 134 70
-0.422 -0.047  0.078 220 167 71
-0.421 -0.049  0.077 231 174 69
-0.421 -0.050  0.077 233 176 70
-0.420 -0.051  0.077 235 173 69
-0.419 -0.052  0.077 234 178 71
-0.418 -0.054  0.076 232 175 68
-0.417 -0.055  0.076 232 174 68
-0.416 -0.056  0.077 230 173 67
-0.415 -0.057  0.077 233 175 67
-0.413 -0.058  0.078 234 178 67
-0.412 -0.059  0.079 234 176 68
-0.411 -0.060  0.079 233 177 67
-0.410 -0.061  0.080 233 178 67
-0.408 -0.062  0.081 233 178 68
-0.407 -0.063  0.081 234 180 68
-0.406 -0.064  0.082 234 178 67
-0.405 -0.065  0.083 234 179 69
-0.404 -0.066  0.084 234 179 68
-0.402 -0.067  0.085 234 178 69
-0.401 -0.068  0.086 234 179 68
-0.400 -0.069  0.086 234 178 71
-0.399 -0.070  0.087 233 178 70
-0.398 -0.071  0.086 232 177 70
-0.397 -0.072  0.086 232 178 71
-0.396 -0.074  0.086 233 178 69
-0.395 -0.075  0.086 235 179 70
-0.394 -0.076  0.085 234 179 71
-0.393 -0.077  0.085 232 178 72
-0.392 -0.079  0.085 231 176 74
-0.391 -0.080  0.085 230 176 72
-0.390 -0.081  0.085 229 176 79
-0.390 -0.082  0.084 224 182 105
-0.423 -0.044  0.079 205 157 101
-0.422 -0.045  0.079 222 163 65
-0.421 -0.046  0.078 228 173 67
-0.420 -0.047  0.078 230 171 68
-0.419 -0.049  0.077 233 178 70
-0.418 -0.050  0.077 234 174 69
-0.417 -0.051  0.077 233 177 73
-0.416 -0.052  0.077 234 174 66
-0.415 -0.053  0.078 236 176 67
-0.414 -0.054  0.079 234 175 67
-0.413 -0.055  0.079 234 178 67
-0.411 -0.057  0.080 235 180 67
-0.410 -0.058  0.080 236 177 66
-0.409 -0.059  0.081 234 177 66
-0.408 -0.060  0.082 234 178 67
-0.407 -0.061  0.082 233 178 68
-0.405 -0.062  0.083 234 179 69
-0.404 -0.062  0.084 235 178 69
-0.403 -0.063  0.085 235 182 69
-0.402 -0.064  0.086 235 179 68
-0.400 -0.065  0.087 235 179 69
-0.400 -0.066  0.087 235 179 70
-0.398 -0.067  0.087 234 177 71
-0.397 -0.069  0.087 233 178 71
-0.397 -0.070  0.087 232 177 69
-0.396 -0.071  0.086 234 179 70
-0.395 -0.073  0.086 235 179 70
-0.394 -0.074  0.085 235 179 72
-0.393 -0.075  0.085 234 181 72
-0.392 -0.077  0.084 234 181 72
-0.391 -0.078  0.085 235 178 72
-0.390 -0.079  0.084 234 177 69
-0.389 -0.080  0.085 231 176 69
-0.388 -0.081  0.084 229 175 77
-0.387 -0.082  0.085 227 182 104
-0.421 -0.042  0.080 213 161 82
-0.420 -0.044  0.080 230 173 66
-0.419 -0.045  0.079 233 173 68
-0.418 -0.046  0.079 233 175 67
-0.418 -0.047  0.079 235 176 69
-0.417 -0.049  0.079 234 175 69
-0.415 -0.050  0.079 234 175 69
-0.414 -0.051  0.079 235 176 67
-0.413 -0.052  0.080 237 179 68
-0.412 -0.053  0.081 234 177 66
-0.411 -0.054  0.081 234 181 68
-0.409 -0.055  0.082 235 178 67
-0.408 -0.056  0.083 235 176 67
-0.407 -0.057  0.084 234 178 67
-0.406 -0.058  0.084 235 179 67
-0.405 -0.059  0.085 234 178 66
-0.404 -0.060  0.085 234 176 68
-0.403 -0.061  0.086 235 176 67
-0.401 -0.062  0.086 235 179 70
-0.400 -0.063  0.087 236 177 69
-0.399 -0.064  0.088 235 178 69
-0.398 -0.065  0.088 233 178 70
-0.397 -0.066  0.088 232 176 69
-0.396 -0.067  0.088 233 178 70
-0.395 -0.069  0.087 234 179 68
-0.394 -0.070  0.087 236 178 70
-0.394 -0.071  0.086 235 178 71
-0.393 -0.073  0.085 235 180 73
-0.392 -0.074  0.085 235 181 72
-0.391 -0.076  0.084 236 182 71
-0.390 -0.077  0.084 236 180 71
-0.389 -0.078  0.084 235 178 69
-0.388 -0.079  0.084 234 178 69
-0.387 -0.080  0.084 233 177 71
-0.386 -0.081  0.084 234 178 79
-0.385 -0.083  0.084 232 185 106
-0.423 -0.038  0.080 200 123 105
-0.422 -0.039  0.080 193 135 94
-0.421 -0.040  0.080 202 143 85
-0.420 -0.041  0.080 230 172 67
-0.419 -0.042  0.080 234 174 65
-0.418 -0.044  0.080 234 176 67
-0.417 -0.045  0.080 236 176 69
-0.416 -0.046  0.080 236 176 68
-0.415 -0.047  0.081 233 177 68
-0.414 -0.048  0.081 232 175 65
-0.412 -0.049  0.081 235 178 66
-0.411 -0.050  0.082 235 176 67
-0.410 -0.051  0.083 235 176 65
-0.409 -0.052  0.083 233 177 67
-0.408 -0.053  0.084 234 176 67
-0.406 -0.054  0.085 234 175 66
-0.405 -0.055  0.085 236 177 66
-0.404 -0.056  0.085 235 177 65
-0.403 -0.057  0.086 234 176 65
-0.402 -0.058  0.087 234 178 69
-0.401 -0.059  0.087 235 177 69
-0.400 -0.061  0.087 236 181 69
-0.399 -0.062  0.088 237 178 67
-0.397 -0.062  0.089 233 177 69
-0.397 -0.064  0.089 232 174 69
-0.396 -0.065  0.089 231 172 68
-0.395 -0.066  0.089 234 179 69
-0.394 -0.067  0.088 234 179 67
-0.393 -0.069  0.087 236 178 71
-0.392 -0.070  0.086 235 177 72
-0.391 -0.072  0.086 235 178 73
-0.391 -0.073  0.085 235 179 72
-0.390 -0.075  0.084 236 181 70
-0.389 -0.076  0.084 235 181 71
-0.388 -0.077  0.084 235 180 71
-0.387 -0.078  0.084 235 178 70
-0.386 -0.080  0.083 234 179 71
-0.385 -0.081  0.084 237 179 72
-0.384 -0.082  0.084 237 181 82
-0.383 -0.083  0.084 232 186 111
-0.421 -0.036  0.081 188 146 111
-0.420 -0.038  0.081 180 138 91
-0.419 -0.039  0.081 217 160 68
-0.418 -0.040  0.081 234 177 68
-0.417 -0.041  0.081 234 172 67
-0.416 -0.042  0.081 234 180 69
-0.415 -0.043  0.081 234 176 69
-0.414 -0.045  0.081 233 177 68
-0.413 -0.046  0.082 233 176 65
-0.412 -0.047  0.082 233 180 67
-0.411 -0.048  0.083 234 177 66
-0.409 -0.049  0.083 233 175 65
-0.408 -0.050  0.084 233 176 63
-0.407 -0.051  0.085 234 174 65
-0.406 -0.052  0.086 234 180 67
-0.405 -0.053  0.086 233 178 67
-0.404 -0.054  0.087 235 179 65
-0.402 -0.055  0.088 235 176 65
-0.401 -0.056  0.088 234 178 67
-0.400 -0.057  0.089 232 179 69
-0.399 -0.058  0.089 234 176 70
-0.398 -0.059  0.089 235 181 68
-0.397 -0.060  0.089 236 176 66
-0.396 -0.061  0.090 233 177 68
-0.395 -0.062  0.090 232 177 69
-0.394 -0.063  0.090 232 175 68
-0.393 -0.065  0.089 236 177 68
-0.392 -0.066  0.088 234 179 70
-0.392 -0.068  0.087 233 178 71
-0.391 -0.069  0.086 234 177 73
-0.390 -0.070  0.086 234 177 70
-0.389 -0.072  0.085 234 181 71
-0.389 -0.073  0.084 235 181 71
-0.388 -0.074  0.084 235 180 70
-0.387 -0.076  0.084 235 181 71
-0.386 -0.077  0.083 235 179 70
-0.385 -0.078  0.083 235 177 69
-0.384 -0.079  0.084 238 179 70
-0.383 -0.081  0.083 238 179 73
-0.382 -0.082  0.083 238 182 85
-0.419 -0.036  0.082 198 143 87
-0.417 -0.037  0.082 227 170 63
-0.417 -0.039  0.082 235 179 68
-0.416 -0.040  0.082 236 176 68
-0.415 -0.041  0.082 233 176 67
-0.413 -0.042  0.083 233 178 69
-0.412 -0.043  0.083 231 173 67
-0.411 -0.044  0.083 233 178 67
-0.410 -0.045  0.084 235 177 66
-0.409 -0.046  0.084 234 178 65
-0.408 -0.047  0.085 235 175 63
-0.407 -0.048  0.086 234 177 65
-0.405 -0.049  0.086 235 176 67
-0.404 -0.050  0.087 235 180 68
-0.403 -0.051  0.088 236 176 65
-0.402 -0.052  0.089 237 182 65
-0.401 -0.053  0.089 238 178 63
-0.400 -0.054  0.090 235 176 66
-0.399 -0.055  0.090 233 178 68
-0.398 -0.056  0.090 233 178 69
-0.397 -0.058  0.090 234 177 67
-0.395 -0.059  0.091 235 175 65
-0.395 -0.060  0.091 233 177 68
-0.394 -0.061  0.090 234 179 68
-0.393 -0.062  0.090 234 177 66
-0.392 -0.064  0.089 237 176 67
-0.391 -0.065  0.088 235 177 70
-0.390 -0.066  0.088 234 179 70
-0.390 -0.068  0.087 233 177 70
-0.389 -0.069  0.086 234 178 70
-0.388 -0.071  0.085 233 181 71
-0.388 -0.073  0.083 234 181 71
-0.386 -0.074  0.084 235 180 69
-0.386 -0.075  0.083 236 181 70
-0.385 -0.076  0.083 236 181 69
-0.384 -0.077  0.083 236 179 70
-0.383 -0.078  0.083 238 179 69
-0.382 -0.080  0.083 238 179 69
-0.381 -0.081  0.083 239 180 74
-0.380 -0.082  0.084 235 190 102
-0.417 -0.035  0.083 213 162 86
-0.416 -0.036  0.083 232 175 64
-0.415 -0.037  0.083 237 177 65
-0.414 -0.038  0.083 235 177 68
-0.413 -0.040  0.084 235 178 67
-0.412 -0.041  0.084 235 178 69
-0.411 -0.042  0.085 233 177 69
-0.409 -0.043  0.085 235 176 66
-0.408 -0.044  0.086 234 175 65
-0.407 -0.045  0.086 236 178 63
-0.406 -0.046  0.087 234 177 63
-0.405 -0.047  0.088 234 176 65
-0.404 -0.048  0.088 237 176 67
-0.403 -0.049  0.089 236 177 68
-0.401 -0.050  0.090 238 173 64
-0.400 -0.051  0.090 237 181 63
-0.399 -0.052  0.091 236 181 64
-0.398 -0.053  0.091 235 178 64
-0.397 -0.054  0.091 234 177 65
-0.396 -0.055  0.092 236 177 68
-0.395 -0.056  0.091 235 176 68
-0.394 -0.057  0.091 234 177 66
-0.393 -0.059  0.091 234 178 68
-0.392 -0.060  0.091 235 180 68
-0.391 -0.061  0.090 236 178 66
-0.391 -0.062  0.090 239 179 68
-0.390 -0.064  0.089 236 178 69
-0.389 -0.065  0.088 236 180 70
-0.388 -0.067  0.087 234 177 68
-0.388 -0.068  0.086 235 179 70
-0.387 -0.070  0.085 234 182 71
-0.386 -0.071  0.084 233 182 71
-0.385 -0.072  0.084 234 180 68
-0.384 -0.074  0.083 238 181 70
-0.383 -0.075  0.083 238 181 71
-0.382 -0.076  0.083 237 181 70
-0.381 -0.077  0.083 238 179 68
-0.381 -0.079  0.083 238 179 67
-0.379 -0.080  0.083 239 179 69
-0.378 -0.081  0.084 239 186 86
-0.415 -0.034  0.084 219 164 88
-0.414 -0.035  0.084 235 177 65
-0.413 -0.036  0.084 237 179 66
-0.412 -0.037  0.084 237 178 65
-0.411 -0.038  0.085 238 175 66
-0.410 -0.039  0.086 235 173 66
-0.409 -0.040  0.086 235 179 69
-0.408 -0.041  0.087 236 174 66
-0.407 -0.042  0.088 233 174 68
-0.406 -0.043  0.088 234 176 65
-0.404 -0.044  0.089 235 177 65
-0.403 -0.045  0.089 233 176 65
-0.402 -0.046  0.090 235 179 70
-0.401 -0.047  0.090 236 177 69
-0.400 -0.048  0.091 236 176 66
-0.399 -0.049  0.092 236 176 65
-0.398 -0.051  0.092 235 178 66
-0.396 -0.051  0.092 236 178 66
-0.396 -0.053  0.092 234 177 67
-0.395 -0.054  0.092 234 180 70
-0.394 -0.055  0.092 236 178 67
-0.393 -0.056  0.091 233 178 67
-0.392 -0.058  0.091 234 176 69
-0.391 -0.059  0.090 236 181 71
-0.390 -0.060  0.090 238 178 68
-0.390 -0.062  0.089 238 182 71
-0.389 -0.063  0.089 235 182 70
-0.388 -0.064  0.089 236 178 68
-0.387 -0.065  0.088 237 176 67
-0.386 -0.067  0.087 236 179 69
-0.385 -0.068  0.086 234 179 69
-0.385 -0.070  0.085 234 180 69
-0.384 -0.072  0.084 234 180 70
-0.383 -0.073  0.084 237 179 70
-0.382 -0.074  0.083 236 179 69
-0.381 -0.075  0.083 236 180 69
-0.380 -0.076  0.083 237 179 68
-0.379 -0.078  0.083 238 180 68
-0.378 -0.079  0.083 238 179 70
-0.377 -0.079  0.084 241 182 78
-0.376 -0.080  0.085 234 187 106
-0.414 -0.033  0.085 221 163 86
-0.413 -0.034  0.085 234 177 67
-0.412 -0.035  0.085 236 178 64
-0.411 -0.036  0.085 237 174 62
-0.409 -0.037  0.087 238 176 65
-0.408 -0.038  0.087 235 176 66
-0.407 -0.039  0.088 236 177 67
-0.406 -0.040  0.089 236 177 69
-0.405 -0.041  0.089 234 176 66
-0.404 -0.042  0.089 236 175 65
-0.403 -0.043  0.090 235 176 66
-0.401 -0.044  0.091 234 177 66
-0.400 -0.045  0.091 234 177 69
-0.399 -0.046  0.092 235 178 68
-0.398 -0.047  0.093 237 178 67
-0.397 -0.048  0.093 235 179 68
-0.396 -0.049  0.093 235 176 65
-0.395 -0.050  0.094 235 177 65
-0.394 -0.051  0.093 233 177 65
-0.393 -0.053  0.093 236 179 70
-0.392 -0.054  0.093 236 177 68
-0.391 -0.055  0.092 234 177 68
-0.391 -0.056  0.091 235 175 66
-0.390 -0.058  0.091 235 179 69
-0.389 -0.059  0.090 236 182 70
-0.388 -0.060  0.090 236 181 70
-0.387 -0.062  0.089 236 180 68
-0.386 -0.063  0.089 237 179 67
-0.386 -0.064  0.088 237 178 68
-0.385 -0.066  0.088 236 179 69
-0.384 -0.067  0.087 236 179 70
-0.383 -0.069  0.085 236 180 70
-0.383 -0.070  0.084 235 181 70
-0.382 -0.072  0.084 237 182 69
-0.381 -0.073  0.083 236 181 68
-0.380 -0.074  0.083 235 180 69
-0.379 -0.075  0.084 237 181 70
-0.378 -0.076  0.083 238 179 68
-0.377 -0.078  0.083 237 179 69
-0.376 -0.078  0.084 242 182 74
-0.375 -0.079  0.085 238 186 95
-0.413 -0.031  0.085 224 161 80
-0.411 -0.033  0.086 232 176 69
-0.410 -0.034  0.086 233 171 63
-0.409 -0.035  0.086 236 175 63
-0.408 -0.036  0.088 238 176 66
-0.407 -0.037  0.089 237 179 64
-0.405 -0.037  0.090 239 179 67
-0.404 -0.038  0.090 237 175 66
-0.403 -0.039  0.091 234 178 66
-0.402 -0.041  0.091 236 175 65
-0.401 -0.041  0.093 235 177 66
-0.400 -0.043  0.093 236 177 65
-0.399 -0.044  0.093 235 177 69
-0.398 -0.045  0.094 234 175 66
-0.396 -0.045  0.094 235 178 67
-0.395 -0.047  0.095 236 179 66
-0.394 -0.048  0.095 237 176 65
-0.393 -0.049  0.095 235 176 65
-0.393 -0.050  0.095 234 177 67
-0.392 -0.051  0.094 234 178 70
-0.391 -0.052  0.094 235 179 71
-0.390 -0.054  0.093 232 177 68
-0.389 -0.055  0.092 234 177 65
-0.388 -0.056  0.092 236 179 68
-0.388 -0.058  0.091 236 177 67
-0.387 -0.059  0.090 237 176 67
-0.386 -0.061  0.090 238 179 69
-0.385 -0.062  0.089 238 180 68
-0.384 -0.063  0.089 237 180 71
-0.384 -0.064  0.088 238 178 70
-0.383 -0.066  0.087 238 177 69
-0.382 -0.068  0.085 235 181 69
-0.381 -0.069  0.085 236 180 67
-0.381 -0.070  0.084 236 183 69
-0.380 -0.072  0.084 236 182 69
-0.379 -0.073  0.083 236 182 68
-0.378 -0.074  0.084 237 182 70
-0.377 -0.075  0.083 238 179 68
-0.376 -0.076  0.084 237 180 71
-0.374 -0.077  0.085 242 182 74
-0.373 -0.078  0.086 240 185 95
-0.411 -0.030  0.086 218 162 81
-0.410 -0.032  0.086 230 171 64
-0.409 -0.032  0.086 234 174 66
-0.408 -0.034  0.087 238 171 63
-0.406 -0.034  0.089 241 177 65
-0.405 -0.035  0.090 237 180 66
-0.404 -0.036  0.091 237 177 65
-0.403 -0.037  0.091 238 176 64
-0.401 -0.038  0.092 235 178 65
-0.400 -0.039  0.093 236 177 65
-0.399 -0.040  0.094 238 179 61
-0.398 -0.041  0.094 236 178 66
-0.397 -0.042  0.095 233 177 67
-0.396 -0.043  0.095 234 179 68
-0.395 -0.044  0.095 236 177 65
-0.394 -0.045  0.096 237 181 66
-0.393 -0.046  0.096 238 178 64
-0.392 -0.047  0.096 237 178 64
-0.391 -0.049  0.096 237 177 67
-0.390 -0.050  0.096 235 177 65
-0.389 -0.051  0.095 237 178 65
-0.389 -0.052  0.094 235 179 67
-0.388 -0.054  0.093 235 176 69
-0.387 -0.055  0.092 236 182 71
-0.386 -0.057  0.091 235 178 67
-0.386 -0.058  0.090 236 178 67
-0.385 -0.060  0.090 237 178 68
-0.384 -0.061  0.089 237 178 68
-0.383 -0.062  0.089 236 179 69
-0.382 -0.064  0.088 236 178 68
-0.382 -0.065  0.087 238 178 70
-0.381 -0.067  0.085 236 179 69
-0.380 -0.068  0.085 237 180 67
-0.379 -0.069  0.084 238 182 70
-0.378 -0.071  0.084 238 182 68
-0.378 -0.072  0.083 238 183 68
-0.376 -0.073  0.084 237 181 67
-0.375 -0.074  0.084 237 181 69
-0.374 -0.075  0.084 238 179 71
-0.373 -0.076  0.085 243 182 73
-0.372 -0.077  0.086 240 187 93
-0.410 -0.029  0.086 215 159 85
-0.409 -0.030  0.086 229 169 60
-0.408 -0.031  0.087 234 176 66
-0.406 -0.032  0.087 238 170 61
-0.405 -0.033  0.089 239 172 63
-0.404 -0.034  0.091 240 176 64
-0.402 -0.035  0.092 240 179 65
-0.401 -0.036  0.092 239 178 63
-0.400 -0.037  0.093 238 181 66
-0.399 -0.038  0.094 237 179 65
-0.398 -0.039  0.095 237 178 66
-0.396 -0.040  0.096 236 181 67
-0.395 -0.041  0.096 237 178 66
-0.394 -0.042  0.096 237 180 68
-0.393 -0.043  0.097 239 179 67
-0.392 -0.044  0.098 239 177 64
-0.391 -0.045  0.097 237 181 66
-0.390 -0.046  0.098 237 178 66
-0.390 -0.047  0.097 238 175 66
-0.389 -0.049  0.097 235 178 66
-0.388 -0.050  0.096 237 177 64
-0.387 -0.051  0.095 238 180 68
-0.387 -0.053  0.094 237 178 68
-0.386 -0.054  0.093 237 178 68
-0.385 -0.055  0.092 235 176 68
-0.384 -0.057  0.091 236 180 67
-0.384 -0.058  0.090 236 181 67
-0.383 -0.060  0.089 238 181 68
-0.382 -0.061  0.089 237 180 70
-0.381 -0.062  0.088 236 180 70
-0.380 -0.064  0.087 237 179 69
-0.380 -0.065  0.086 236 180 69
-0.379 -0.067  0.085 238 179 68
-0.378 -0.068  0.084 238 180 68
-0.377 -0.069  0.084 239 182 68
-0.376 -0.071  0.084 238 183 70
-0.375 -0.072  0.084 238 181 68
-0.374 -0.073  0.084 237 180 69
-0.373 -0.074  0.084 237 180 70
-0.372 -0.075  0.085 242 183 73
-0.371 -0.076  0.086 239 188 94
-0.409 -0.028  0.085 211 156 89
-0.408 -0.029  0.086 221 161 59
-0.406 -0.030  0.087 231 173 69
-0.405 -0.031  0.088 226 165 61
-0.403 -0.032  0.090 233 170 62
-0.402 -0.033  0.092 237 175 64
-0.401 -0.034  0.093 239 178 65
-0.400 -0.035  0.094 239 177 64
-0.398 -0.035  0.095 238 178 64
-0.397 -0.037  0.096 236 180 66
-0.396 -0.037  0.097 238 178 68
-0.395 -0.038  0.097 238 182 69
-0.394 -0.039  0.098 240 180 65
-0.393 -0.041  0.098 241 178 63
-0.392 -0.041  0.099 239 180 68
-0.391 -0.043  0.098 238 178 65
-0.390 -0.044  0.098 236 179 66
-0.389 -0.045  0.098 236 182 69
-0.388 -0.046  0.097 238 178 66
-0.388 -0.048  0.097 236 179 66
-0.387 -0.049  0.096 237 179 67
-0.386 -0.050  0.095 238 177 66
-0.385 -0.052  0.094 239 177 66
-0.385 -0.053  0.093 240 176 66
-0.384 -0.054  0.092 238 179 68
-0.383 -0.056  0.091 238 178 65
-0.382 -0.057  0.091 237 181 69
-0.382 -0.059  0.089 237 178 69
-0.381 -0.060  0.089 236 177 70
-0.380 -0.062  0.087 235 177 67
-0.379 -0.063  0.086 236 179 68
-0.379 -0.064  0.085 236 180 70
-0.378 -0.066  0.084 238 180 71
-0.377 -0.067  0.084 239 180 67
-0.376 -0.068  0.084 238 182 70
-0.375 -0.069  0.084 237 179 69
-0.374 -0.071  0.084 238 178 68
-0.373 -0.072  0.084 238 179 68
-0.372 -0.073  0.084 237 180 70
-0.371 -0.074  0.085 242 183 75
-0.370 -0.075  0.085 238 186 97
-0.408 -0.028  0.084 212 154 89
-0.407 -0.029  0.085 212 151 65
-0.405 -0.029  0.087 231 169 67
-0.404 -0.030  0.088 227 168 68
-0.402 -0.031  0.091 227 164 61
-0.401 -0.032  0.093 234 177 68
-0.399 -0.032  0.094 237 175 64
-0.398 -0.033  0.096 240 175 65
-0.397 -0.034  0.097 240 178 67
-0.396 -0.035  0.097 238 179 66
-0.394 -0.036  0.098 238 179 67
-0.393 -0.037  0.098 239 180 66
-0.392 -0.038  0.099 242 180 62
-0.391 -0.039  0.099 241 179 63
-0.390 -0.040  0.099 239 183 68
-0.390 -0.042  0.099 238 180 64
-0.389 -0.043  0.099 238 182 67
-0.388 -0.044  0.098 237 180 66
-0.387 -0.045  0.098 237 179 64
-0.386 -0.046  0.097 235 179 64
-0.385 -0.048  0.097 238 175 65
-0.385 -0.049  0.096 236 179 66
-0.384 -0.050  0.095 238 180 69
-0.383 -0.052  0.094 237 178 66
-0.382 -0.053  0.093 238 181 67
-0.382 -0.055  0.092 238 179 67
-0.381 -0.056  0.091 237 180 68
-0.380 -0.058  0.090 237 178 68
-0.379 -0.059  0.089 237 179 68
-0.379 -0.060  0.087 236 180 67
-0.378 -0.062  0.086 237 181 67
-0.377 -0.063  0.085 239 182 67
-0.377 -0.065  0.084 238 183 68
-0.376 -0.066  0.084 238 182 69
-0.375 -0.067  0.083 239 181 67
-0.374 -0.068  0.084 238 179 68
-0.373 -0.070  0.084 238 178 68
-0.372 -0.071  0.084 238 179 67
-0.371 -0.072  0.084 240 181 70
-0.370 -0.073  0.084 247 188 79
-0.369 -0.074  0.084 239 184 97
-0.407 -0.027  0.082 209 154 87
-0.406 -0.028  0.083 205 149 70
-0.404 -0.029  0.085 222 159 56
-0.403 -0.030  0.087 231 173 68
-0.401 -0.030  0.090 231 169 65
-0.399 -0.031  0.093 233 170 64
-0.398 -0.031  0.095 238 178 64
-0.396 -0.032  0.097 237 179 64
-0.395 -0.033  0.098 236 178 64
-0.394 -0.034  0.099 238 182 69
-0.393 -0.035  0.100 238 175 66
-0.392 -0.036  0.099 241 178 65
-0.391 -0.037  0.100 239 181 65
-0.390 -0.038  0.100 240 180 63
-0.389 -0.039  0.100 239 180 66
-0.388 -0.040  0.099 239 179 63
-0.387 -0.042  0.099 239 182 65
-0.386 -0.043  0.099 240 180 63
-0.386 -0.044  0.098 237 178 65
-0.385 -0.045  0.098 234 180 68
-0.384 -0.047  0.097 236 179 67
-0.383 -0.048  0.096 236 179 64
-0.383 -0.049  0.095 236 179 67
-0.382 -0.051  0.094 235 177 69
-0.381 -0.052  0.094 237 179 67
-0.380 -0.053  0.093 238 177 66
-0.380 -0.055  0.092 238 181 65
-0.379 -0.056  0.091 237 179 67
-0.378 -0.058  0.090 235 180 68
-0.378 -0.059  0.088 237 180 68
-0.377 -0.061  0.086 237 182 70
-0.376 -0.062  0.085 238 181 67
-0.375 -0.064  0.084 239 180 67
-0.375 -0.065  0.084 238 183 71
-0.374 -0.066  0.084 239 181 69
-0.373 -0.067  0.084 240 179 67
-0.372 -0.069  0.084 239 180 67
-0.371 -0.070  0.084 237 179 68
-0.370 -0.071  0.084 244 183 74
-0.369 -0.072  0.083 245 188 86
-0.368 -0.073  0.083 237 185 103
-0.409 -0.024  0.078 173 172 139
-0.408 -0.025  0.079 162 147 117
-0.406 -0.026  0.080 192 143 81
-0.405 -0.027  0.082 202 147 76
-0.403 -0.028  0.085 211 147 58
-0.402 -0.029  0.086 225 163 57
-0.400 -0.029  0.090 234 174 68
-0.398 -0.030  0.093 233 173 67
-0.396 -0.030  0.096 236 175 63
-0.395 -0.031  0.098 238 178 66
-0.394 -0.032  0.099 239 174 65
-0.392 -0.033  0.100 239 177 64
-0.391 -0.034  0.101 238 179 66
-0.390 -0.035  0.101 243 181 64
-0.389 -0.036  0.101 240 180 64
-0.389 -0.037  0.101 240 179 67
-0.388 -0.038  0.101 240 176 64
-0.387 -0.039  0.100 239 179 66
-0.386 -0.040  0.100 238 181 64
-0.385 -0.042  0.099 237 178 64
-0.384 -0.043  0.099 237 178 65
-0.384 -0.044  0.098 237 180 69
-0.383 -0.045  0.098 237 177 68
-0.382 -0.047  0.097 238 180 65
-0.381 -0.048  0.096 238 179 67
-0.380 -0.049  0.096 238 176 66
-0.380 -0.051  0.095 239 180 66
-0.379 -0.052  0.094 236 181 66
-0.378 -0.053  0.093 237 181 63
-0.378 -0.055  0.091 237 181 66
-0.377 -0.056  0.090 236 180 65
-0.376 -0.058  0.088 237 179 67
-0.376 -0.060  0.086 240 183 68
-0.375 -0.061  0.085 237 182 67
-0.374 -0.063  0.085 239 180 69
-0.373 -0.064  0.084 239 179 68
-0.372 -0.065  0.083 239 181 70
-0.371 -0.066  0.084 239 180 69
-0.370 -0.068  0.084 238 179 70
-0.369 -0.069  0.084 239 180 74
-0.369 -0.070  0.083 251 191 87
-0.368 -0.071  0.082 241 186 95
-0.367 -0.073  0.082 231 186 119
-0.408 -0.024  0.076 172 139 115
-0.407 -0.025  0.077 156 100 68
-0.406 -0.026  0.078 190 138 78
-0.405 -0.027  0.079 201 145 77
-0.403 -0.027  0.083 202 146 66
-0.401 -0.028  0.084 210 150 57
-0.399 -0.028  0.089 225 165 59
-0.397 -0.029  0.093 233 176 69
-0.395 -0.029  0.096 236 174 68
-0.394 -0.030  0.098 239 180 68
-0.392 -0.031  0.100 239 175 67
-0.391 -0.031  0.101 240 180 68
-0.390 -0.032  0.102 239 179 65
-0.389 -0.033  0.102 238 174 63
-0.388 -0.035  0.102 240 181 66
-0.387 -0.036  0.102 240 177 65
-0.386 -0.037  0.102 240 180 65
-0.386 -0.038  0.101 238 179 63
-0.385 -0.039  0.101 240 180 63
-0.384 -0.041  0.100 238 179 67
-0.383 -0.042  0.099 237 178 66
-0.382 -0.043  0.099 238 180 65
-0.382 -0.044  0.098 237 178 66
-0.381 -0.046  0.098 237 177 65
-0.380 -0.047  0.097 238 180 68
-0.379 -0.048  0.096 238 178 66
-0.378 -0.049  0.095 237 177 64
-0.378 -0.051  0.094 235 179 65
-0.377 -0.052  0.094 239 182 66
-0.376 -0.054  0.092 238 180 67
-0.376 -0.055  0.091 237 180 68
-0.375 -0.057  0.088 239 179 65
-0.375 -0.059  0.086 240 180 66
-0.374 -0.060  0.085 236 182 68
-0.373 -0.062  0.084 237 180 67
-0.372 -0.063  0.084 237 181 70
-0.371 -0.064  0.084 237 181 71
-0.370 -0.065  0.084 239 181 69
-0.369 -0.067  0.084 240 182 72
-0.368 -0.068  0.083 251 190 87
-0.367 -0.069  0.083 249 200 102
-0.367 -0.071  0.081 233 179 102
-0.408 -0.023  0.073 172 136 111
-0.407 -0.024  0.074 153 106 71
-0.405 -0.025  0.075 182 128 77
-0.404 -0.026  0.077 198 147 80
-0.402 -0.027  0.080 200 140 67
-0.400 -0.027  0.083 201 138 56
-0.398 -0.028  0.087 209 150 53
-0.396 -0.028  0.092 222 164 60
-0.394 -0.028  0.095 235 176 64
-0.392 -0.029  0.098 238 175 66
-0.391 -0.029  0.100 238 181 69
-0.390 -0.030  0.101 239 177 64
-0.389 -0.031  0.102 240 176 64
-0.388 -0.032  0.102 237 177 63
-0.387 -0.033  0.102 242 176 66
-0.386 -0.035  0.102 237 177 65
-0.385 -0.036  0.102 239 180 66
-0.384 -0.037  0.101 239 176 65
-0.383 -0.038  0.101 238 177 62
-0.383 -0.039  0.100 239 179 64
-0.382 -0.041  0.100 239 178 64
-0.381 -0.042  0.099 240 181 65
-0.380 -0.043  0.099 239 179 65
-0.380 -0.045  0.098 238 176 65
-0.379 -0.046  0.097 239 173 64
-0.378 -0.047  0.097 238 178 64
-0.377 -0.048  0.096 240 180 65
-0.376 -0.050  0.095 240 180 66
-0.376 -0.051  0.094 240 178 65
-0.375 -0.053  0.092 240 178 65
-0.374 -0.054  0.091 239 180 68
-0.374 -0.056  0.089 241 182 67
-0.373 -0.058  0.086 241 180 66
-0.373 -0.059  0.085 239 181 67
-0.372 -0.061  0.085 237 179 66
-0.371 -0.062  0.084 238 184 69
-0.370 -0.063  0.083 238 180 68
-0.369 -0.064  0.084 239 180 72
-0.368 -0.066  0.083 251 191 88
-0.367 -0.067  0.082 249 208 103
-0.367 -0.069  0.081 234 182 91
-0.366 -0.070  0.079 222 172 103
-0.407 -0.022  0.071 167 127 107
-0.406 -0.023  0.072 149 107 76
-0.405 -0.024  0.073 162 118 77
-0.403 -0.025  0.075 194 148 78
-0.401 -0.026  0.078 196 143 68
-0.400 -0.027  0.080 196 136 62
-0.397 -0.027  0.086 200 137 52
-0.395 -0.027  0.091 207 148 50
-0.393 -0.027  0.095 220 163 57
-0.391 -0.028  0.098 232 172 63
-0.390 -0.029  0.100 236 175 68
-0.389 -0.029  0.101 240 180 70
-0.388 -0.030  0.102 239 179 68
-0.387 -0.031  0.102 236 176 65
-0.386 -0.032  0.103 240 176 66
-0.385 -0.034  0.103 239 177 66
-0.384 -0.035  0.103 238 180 67
-0.383 -0.036  0.102 238 179 67
-0.382 -0.037  0.102 238 179 66
-0.381 -0.038  0.101 238 178 64
-0.381 -0.040  0.100 240 177 62
-0.380 -0.041  0.100 240 179 64
-0.379 -0.042  0.099 239 178 66
-0.378 -0.043  0.098 237 177 63
-0.377 -0.045  0.098 238 176 65
-0.377 -0.046  0.097 238 173 64
-0.376 -0.047  0.096 238 177 67
-0.375 -0.048  0.096 239 178 63
-0.374 -0.050  0.095 241 182 66
-0.374 -0.052  0.093 241 178 67
-0.373 -0.053  0.091 240 182 68
-0.373 -0.055  0.089 239 178 66
-0.372 -0.057  0.086 240 180 67
-0.371 -0.058  0.085 240 177 66
-0.371 -0.059  0.085 239 178 67
-0.370 -0.061  0.083 238 179 70
-0.369 -0.062  0.083 240 180 78
-0.368 -0.063  0.083 252 196 90
-0.367 -0.065  0.082 250 198 97
-0.366 -0.066  0.081 233 179 80
-0.366 -0.068  0.079 222 165 85
-0.365 -0.070  0.078 217 172 114
-0.406 -0.022  0.070 171 114 90
-0.405 -0.023  0.070 151 109 81
-0.404 -0.024  0.072 152 114 80
-0.402 -0.025  0.073 179 132 79
-0.400 -0.025  0.077 194 139 71
-0.399 -0.026  0.079 192 135 64
-0.397 -0.026  0.084 192 131 58
-0.394 -0.026  0.090 196 134 53
-0.392 -0.026  0.095 204 143 51
-0.390 -0.027  0.098 214 156 53
-0.389 -0.028  0.100 226 168 62
-0.387 -0.028  0.102 236 173 66
-0.386 -0.029  0.103 238 177 68
-0.385 -0.030  0.103 239 173 65
-0.384 -0.031  0.103 239 175 67
-0.383 -0.032  0.103 238 174 64
-0.383 -0.034  0.103 237 178 66
-0.382 -0.035  0.102 238 177 67
-0.381 -0.036  0.102 239 176 66
-0.380 -0.037  0.102 237 179 64
-0.379 -0.038  0.101 237 178 63
-0.379 -0.040  0.100 237 178 64
-0.378 -0.041  0.100 240 176 64
-0.377 -0.042  0.099 237 176 65
-0.376 -0.043  0.099 237 177 66
-0.375 -0.045  0.098 239 177 63
-0.375 -0.046  0.096 237 178 63
-0.374 -0.047  0.096 238 178 62
-0.373 -0.049  0.095 238 179 63
-0.373 -0.051  0.093 239 181 66
-0.372 -0.052  0.091 241 180 64
-0.371 -0.054  0.089 240 180 68
-0.371 -0.056  0.086 236 178 65
-0.370 -0.057  0.085 236 178 65
-0.369 -0.059  0.084 236 177 68
-0.369 -0.060  0.083 245 180 79
-0.368 -0.061  0.082 251 211 100
-0.367 -0.063  0.082 246 189 98
-0.366 -0.064  0.081 234 174 77
-0.365 -0.066  0.079 222 166 78
-0.365 -0.067  0.078 216 165 93
-0.364 -0.069  0.076 218 181 122
-0.405 -0.021  0.069 170 111 80
-0.404 -0.022  0.069 150 115 86
-0.403 -0.023  0.071 147 110 79
-0.401 -0.024  0.072 165 131 86
-0.400 -0.024  0.076 187 136 68
-0.398 -0.025  0.079 193 134 65
-0.396 -0.025  0.083 188 131 63
-0.393 -0.025  0.088 190 132 58
-0.391 -0.026  0.093 194 130 52
-0.389 -0.026  0.097 201 138 47
-0.388 -0.027  0.099 209 149 50
-0.386 -0.028  0.101 220 160 58
-0.385 -0.028  0.102 232 172 63
-0.384 -0.029  0.103 235 178 66
-0.383 -0.030  0.104 235 173 66
-0.382 -0.031  0.104 224 167 63
-0.381 -0.032  0.104 232 176 63
-0.380 -0.034  0.103 240 176 68
-0.380 -0.035  0.103 240 176 64
-0.379 -0.036  0.103 237 176 62
-0.378 -0.037  0.102 238 179 65
-0.377 -0.038  0.101 238 177 66
-0.376 -0.040  0.100 239 179 67
-0.376 -0.041  0.100 241 177 65
-0.375 -0.042  0.099 238 177 65
-0.374 -0.044  0.098 237 173 64
-0.373 -0.045  0.097 238 178 66
-0.373 -0.046  0.096 238 179 64
-0.372 -0.048  0.095 239 180 64
-0.371 -0.049  0.093 239 180 66
-0.371 -0.051  0.092 238 180 66
-0.370 -0.053  0.089 235 178 66
-0.370 -0.054  0.087 238 181 69
-0.369 -0.056  0.086 244 178 71
-0.368 -0.057  0.085 247 190 81
-0.367 -0.059  0.083 239 187 90
-0.367 -0.060  0.082 240 178 79
-0.366 -0.062  0.082 229 167 75
-0.365 -0.063  0.080 218 156 76
-0.364 -0.065  0.078 214 159 83
-0.364 -0.067  0.076 215 166 102
-0.363 -0.069  0.075 220 183 129
-0.404 -0.020  0.068 198 155 98
-0.403 -0.021  0.068 154 120 96
-0.402 -0.022  0.069 143 107 79
-0.401 -0.023  0.071 161 120 88
-0.399 -0.024  0.074 172 131 83
-0.397 -0.024  0.076 186 136 66
-0.395 -0.025  0.079 187 132 63
-0.393 -0.025  0.084 189 131 58
-0.391 -0.025  0.091 187 127 55
-0.389 -0.026  0.094 190 127 51
-0.387 -0.026  0.097 194 132 49
-0.386 -0.027  0.099 203 138 45
-0.385 -0.028  0.100 213 152 55
-0.383 -0.029  0.102 219 164 63
-0.382 -0.029  0.103 228 174 67
-0.381 -0.030  0.104 229 169 67
-0.380 -0.031  0.104 234 179 67
-0.379 -0.033  0.104 238 179 69
-0.378 -0.034  0.104 237 176 66
-0.377 -0.035  0.104 239 176 62
-0.377 -0.036  0.103 240 178 66
-0.376 -0.037  0.103 239 172 67
-0.375 -0.039  0.101 239 175 69
-0.374 -0.040  0.100 236 173 67
-0.374 -0.041  0.099 236 177 69
-0.373 -0.043  0.098 235 177 68
-0.372 -0.044  0.097 236 175 67
-0.372 -0.046  0.095 239 178 67
-0.371 -0.047  0.094 239 180 67
-0.370 -0.048  0.093 242 181 70
-0.370 -0.050  0.092 242 180 69
-0.369 -0.052  0.089 239 180 70
-0.368 -0.053  0.088 238 185 74
-0.368 -0.055  0.087 237 180 75
-0.367 -0.056  0.085 235 172 71
-0.366 -0.058  0.083 226 165 72
-0.366 -0.060  0.082 220 159 75
-0.365 -0.061  0.080 214 154 74
-0.364 -0.063  0.079 210 153 77
-0.364 -0.065  0.076 212 160 86
-0.363 -0.067  0.074 208 168 111
-0.402 -0.020  0.068 187 152 124
-0.401 -0.021  0.069 157 109 84
-0.400 -0.022  0.070 152 114 83
-0.398 -0.023  0.072 164 119 90
-0.396 -0.024  0.075 176 122 71
-0.395 -0.024  0.077 185 133 63
-0.392 -0.024  0.083 185 132 60
-0.390 -0.025  0.088 187 129 55
-0.388 -0.025  0.091 188 128 51
-0.387 -0.026  0.094 188 127 50
-0.385 -0.026  0.096 190 130 49
-0.384 -0.027  0.098 193 133 48
-0.383 -0.028  0.100 201 135 47
-0.381 -0.029  0.102 208 145 51
-0.380 -0.030  0.103 213 154 58
-0.379 -0.030  0.104 218 163 62
-0.378 -0.032  0.104 227 171 64
-0.377 -0.033  0.104 232 176 67
-0.376 -0.034  0.104 234 175 65
-0.376 -0.035  0.102 235 176 67
-0.375 -0.037  0.101 236 177 68
-0.374 -0.038  0.100 236 174 68
-0.373 -0.039  0.099 232 172 72
-0.373 -0.041  0.098 220 159 66
-0.372 -0.042  0.097 225 165 66
-0.371 -0.043  0.096 235 176 68
-0.371 -0.045  0.095 240 181 72
-0.370 -0.046  0.093 241 181 72
-0.369 -0.048  0.092 242 181 74
-0.369 -0.049  0.090 241 180 73
-0.368 -0.051  0.088 231 178 74
-0.367 -0.052  0.087 223 170 75
-0.367 -0.054  0.086 220 162 70
-0.366 -0.055  0.085 217 156 67
-0.365 -0.057  0.084 213 151 67
-0.364 -0.058  0.082 209 147 70
-0.364 -0.060  0.079 209 151 73
-0.363 -0.062  0.078 210 157 79
-0.363 -0.064  0.074 208 160 93
-0.362 -0.066  0.072 205 170 121
-0.401 -0.019  0.066 194 168 137
-0.400 -0.020  0.067 164 114 84
-0.399 -0.021  0.068 152 107 80
-0.397 -0.022  0.070 179 117 86
-0.396 -0.023  0.072 190 112 77
-0.394 -0.024  0.074 186 121 64
-0.392 -0.024  0.080 187 128 58
-0.390 -0.024  0.084 185 128 56
-0.388 -0.025  0.088 187 126 51
-0.386 -0.025  0.091 184 128 54
-0.385 -0.026  0.094 184 123 53
-0.383 -0.027  0.095 186 130 53
-0.382 -0.027  0.098 189 128 47
-0.380 -0.028  0.100 191 125 47
-0.379 -0.029  0.102 195 128 46
-0.378 -0.030  0.103 198 136 47
-0.377 -0.031  0.103 206 140 49
-0.376 -0.032  0.103 212 147 51
-0.375 -0.033  0.103 216 151 51
-0.375 -0.034  0.101 218 155 54
-0.374 -0.036  0.101 219 161 57
-0.373 -0.037  0.100 221 163 59
-0.373 -0.039  0.098 221 163 62
-0.372 -0.040  0.097 217 161 62
-0.371 -0.041  0.096 219 165 65
-0.370 -0.043  0.095 221 170 68
-0.370 -0.044  0.093 220 167 66
-0.369 -0.046  0.092 220 163 65
-0.368 -0.047  0.090 220 161 65
-0.368 -0.049  0.088 222 158 60
-0.367 -0.050  0.087 218 157 66
-0.366 -0.052  0.085 214 154 71
-0.366 -0.053  0.084 210 149 69
-0.365 -0.055  0.082 206 146 66
-0.364 -0.056  0.082 205 149 68
-0.363 -0.058  0.081 206 149 70
-0.363 -0.060  0.077 208 154 76
-0.362 -0.062  0.075 206 158 86
-0.362 -0.064  0.072 198 159 108
-0.400 -0.018  0.064 191 164 141
-0.399 -0.019  0.065 187 125 84
-0.398 -0.021  0.066 176 114 84
-0.396 -0.021  0.068 191 116 82
-0.395 -0.022  0.070 195 107 75
-0.393 -0.023  0.072 194 105 71
-0.392 -0.024  0.073 189 115 61
-0.391 -0.025  0.076 184 127 57
-0.389 -0.026  0.078 184 128 53
-0.387 -0.026  0.082 183 125 51
-0.386 -0.027  0.084 184 125 53
-0.384 -0.028  0.087 188 130 56
-0.381 -0.027  0.096 187 129 51
-0.380 -0.027  0.099 184 126 50
-0.378 -0.028  0.100 186 123 47
-0.377 -0.029  0.102 184 125 46
-0.376 -0.030  0.102 187 130 48
-0.375 -0.031  0.102 192 129 46
-0.374 -0.032  0.102 200 137 46
-0.374 -0.034  0.100 198 135 48
-0.373 -0.035  0.101 199 137 48
-0.372 -0.036  0.098 202 142 51
-0.372 -0.038  0.096 205 142 52
-0.371 -0.039  0.096 203 145 54
-0.370 -0.040  0.095 204 145 53
-0.369 -0.042  0.094 208 145 55
-0.369 -0.043  0.092 207 145 56
-0.368 -0.045  0.091 205 145 58
-0.367 -0.046  0.089 200 142 62
-0.367 -0.048  0.087 205 147 60
-0.366 -0.050  0.086 204 146 64
-0.366 -0.051  0.083 205 141 66
-0.365 -0.053  0.083 206 145 64
-0.364 -0.054  0.082 205 146 70
-0.363 -0.056  0.080 205 149 73
-0.363 -0.057  0.078 205 150 74
-0.362 -0.060  0.075 205 157 83
-0.361 -0.061  0.073 192 157 101
-0.400 -0.018  0.062 191 164 141
-0.398 -0.019  0.063 194 131 93
-0.397 -0.020  0.064 184 122 99
-0.396 -0.021  0.066 195 115 83
-0.394 -0.022  0.068 195 108 72
-0.393 -0.023  0.070 194 103 69
-0.392 -0.024  0.070 195 101 65
-0.390 -0.024  0.072 188 109 57
-0.389 -0.025  0.075 183 117 52
-0.387 -0.026  0.079 183 129 54
-0.385 -0.026  0.082 186 125 50
-0.383 -0.027  0.085 187 123 53
-0.380 -0.026  0.094 186 128 54
-0.379 -0.027  0.097 186 126 51
-0.378 -0.028  0.099 185 126 49
-0.376 -0.029  0.100 185 125 50
-0.375 -0.029  0.101 186 121 49
-0.374 -0.031  0.100 186 129 51
-0.374 -0.032  0.099 188 128 49
-0.373 -0.033  0.098 191 127 49
-0.372 -0.035  0.097 191 130 45
-0.372 -0.036  0.096 191 130 49
-0.371 -0.037  0.095 192 134 52
-0.370 -0.039  0.094 192 132 53
-0.369 -0.040  0.093 196 133 52
-0.369 -0.041  0.092 199 136 56
-0.368 -0.043  0.090 197 137 55
-0.367 -0.044  0.090 198 137 60
-0.367 -0.046  0.087 194 136 61
-0.366 -0.048  0.085 199 144 62
-0.365 -0.049  0.083 200 139 64
-0.365 -0.051  0.081 201 145 69
-0.364 -0.052  0.080 205 146 70
-0.363 -0.053  0.081 203 147 73
-0.362 -0.055  0.078 201 150 75
-0.362 -0.057  0.076 198 152 83
-0.361 -0.059  0.072 189 152 101
-0.361 -0.061  0.070 177 165 130
-0.399 -0.017  0.060 185 159 140
-0.398 -0.018  0.061 195 133 97
-0.396 -0.019  0.062 192 130 102
-0.395 -0.020  0.064 197 114 82
-0.393 -0.021  0.066 196 108 76
-0.392 -0.022  0.067 198 101 69
-0.391 -0.023  0.068 198 97 64
-0.389 -0.024  0.071 193 95 61
-0.388 -0.025  0.072 188 95 58
-0.386 -0.025  0.076 177 111 56
-0.384 -0.026  0.079 180 123 55
-0.382 -0.026  0.084 185 130 57
-0.380 -0.026  0.091 186 128 52
-0.378 -0.026  0.095 186 128 51
-0.377 -0.027  0.097 183 127 50
-0.375 -0.028  0.099 185 122 46
-0.374 -0.028  0.100 183 124 48
-0.374 -0.030  0.099 184 125 49
-0.373 -0.031  0.097 185 129 50
-0.372 -0.033  0.096 188 127 50
-0.372 -0.034  0.095 188 128 48
-0.371 -0.035  0.094 192 132 51
-0.370 -0.037  0.093 191 131 52
-0.369 -0.038  0.092 190 134 53
-0.368 -0.039  0.092 190 135 56
-0.368 -0.041  0.091 191 134 55
-0.367 -0.042  0.089 191 137 58
-0.366 -0.044  0.088 195 139 63
-0.366 -0.045  0.086 192 138 63
-0.365 -0.047  0.083 198 145 66
-0.365 -0.049  0.080 200 141 62
-0.365 -0.052  0.074 200 142 68
-0.364 -0.053  0.073 201 143 69
-0.363 -0.054  0.075 199 150 77
-0.363 -0.057  0.066 188 152 89
-0.362 -0.059  0.064 174 147 104
-0.362 -0.061  0.061 178 163 133
-0.361 -0.063  0.060 161 170 150
-0.398 -0.016  0.058 180 158 135
-0.397 -0.017  0.058 191 141 107
-0.396 -0.019  0.059 194 130 102
-0.394 -0.020  0.060 199 113 83
-0.393 -0.021  0.061 198 105 74
-0.392 -0.022  0.062 198 101 67
-0.390 -0.023  0.064 196 92 62
-0.389 -0.023  0.066 192 92 60
-0.387 -0.024  0.069 189 93 58
-0.386 -0.025  0.073 184 93 60
-0.384 -0.025  0.076 177 93 58
-0.382 -0.026  0.079 174 107 52
-0.379 -0.026  0.088 174 120 51
-0.378 -0.026  0.092 179 129 55
-0.376 -0.026  0.094 182 128 51
-0.375 -0.027  0.096 184 125 48
-0.374 -0.028  0.097 182 124 50
-0.373 -0.030  0.095 184 123 45
-0.372 -0.031  0.094 186 129 48
-0.372 -0.033  0.092 186 127 46
-0.371 -0.034  0.092 187 129 48
-0.370 -0.035  0.091 189 131 50
-0.369 -0.036  0.091 190 136 53
-0.368 -0.037  0.091 190 134 51
-0.368 -0.039  0.090 190 133 55
-0.367 -0.040  0.089 192 136 58
-0.366 -0.042  0.086 192 134 57
-0.366 -0.043  0.086 194 136 59
-0.365 -0.045  0.084 193 134 61
-0.364 -0.047  0.080 198 144 67
-0.364 -0.048  0.078 197 143 67
-0.363 -0.050  0.074 195 147 75
-0.363 -0.053  0.071 190 144 81
-0.362 -0.055  0.068 162 138 92
-0.362 -0.057  0.063 137 122 115
-0.362 -0.059  0.060 132 128 132
-0.361 -0.061  0.058 163 154 141
-0.360 -0.062  0.057 150 154 149
-0.398 -0.016  0.054 182 163 136
-0.396 -0.017  0.055 187 141 109
-0.395 -0.018  0.055 192 128 104
-0.394 -0.019  0.057 196 115 87
-0.393 -0.020  0.058 196 106 74
-0.391 -0.021  0.059 194 102 72
-0.390 -0.022  0.061 192 93 62
-0.388 -0.023  0.063 189 93 62
-0.387 -0.024  0.065 191 88 54
-0.385 -0.024  0.069 189 89 58
-0.383 -0.025  0.074 186 91 60
-0.381 -0.025  0.077 183 91 61
-0.379 -0.025  0.085 183 93 59
-0.377 -0.026  0.088 176 102 55
-0.376 -0.026  0.091 162 111 55
-0.374 -0.027  0.092 168 122 59
-0.373 -0.028  0.095 174 127 58
-0.372 -0.029  0.094 179 129 52
-0.372 -0.031  0.091 181 127 48
-0.371 -0.032  0.091 184 129 47
-0.370 -0.033  0.089 188 127 48
-0.369 -0.034  0.089 185 130 49
-0.369 -0.036  0.089 188 130 50
-0.368 -0.037  0.088 188 132 51
-0.367 -0.038  0.088 189 131 53
-0.366 -0.039  0.087 189 133 56
-0.365 -0.041  0.085 190 137 56
-0.365 -0.043  0.084 191 138 61
-0.364 -0.044  0.081 192 137 61
-0.364 -0.046  0.078 192 151 80
-0.363 -0.048  0.076 168 140 83
-0.363 -0.051  0.070 141 129 93
-0.362 -0.052  0.067 134 116 107
-0.361 -0.054  0.066 119 116 116
-0.362 -0.057  0.059 112 116 130
-0.361 -0.059  0.057 120 120 132
-0.360 -0.060  0.056 150 143 136
-0.359 -0.062  0.054 168 154 138
-0.397 -0.015  0.051 174 162 142
-0.396 -0.016  0.051 184 139 108
-0.395 -0.017  0.052 189 129 104
-0.393 -0.018  0.053 193 113 85
-0.392 -0.020  0.054 195 107 76
-0.391 -0.021  0.056 192 101 73
-0.389 -0.021  0.058 192 93 65
-0.388 -0.022  0.060 190 91 63
-0.386 -0.023  0.063 193 90 56
-0.384 -0.024  0.067 195 89 56
-0.382 -0.024  0.071 192 92 59
-0.381 -0.025  0.075 193 94 61
-0.378 -0.025  0.081 191 92 61
-0.377 -0.025  0.085 169 92 64
-0.375 -0.026  0.088 121 79 67
-0.374 -0.027  0.090 111 78 72
-0.373 -0.027  0.091 114 86 66
-0.372 -0.029  0.090 120 100 63
-0.371 -0.030  0.088 129 112 65
-0.371 -0.032  0.087 139 116 64
-0.370 -0.033  0.086 152 123 62
-0.369 -0.034  0.085 160 127 63
-0.368 -0.036  0.084 168 126 59
-0.367 -0.037  0.084 171 132 64
-0.366 -0.038  0.084 168 131 65
-0.365 -0.039  0.084 159 130 67
-0.365 -0.041  0.081 153 128 69
-0.364 -0.042  0.080 150 125 74
-0.363 -0.044  0.079 148 121 78
-0.363 -0.046  0.075 125 103 92
-0.362 -0.048  0.072 116 100 101
-0.362 -0.050  0.067 106 110 110
-0.362 -0.052  0.064 102 105 119
-0.361 -0.054  0.062 101 112 124
-0.361 -0.057  0.056 112 123 133
-0.360 -0.058  0.054 119 129 139
-0.359 -0.060  0.052 137 139 137
-0.358 -0.062  0.051 184 160 141
-0.396 -0.014  0.049 179 161 142
-0.395 -0.016  0.049 181 142 109
-0.394 -0.017  0.050 171 131 105
-0.393 -0.018  0.051 186 113 86
-0.392 -0.019  0.051 188 103 77
-0.390 -0.020  0.053 190 103 75
-0.389 -0.021  0.055 192 94 67
-0.387 -0.022  0.058 191 93 66
-0.385 -0.023  0.060 192 92 59
-0.384 -0.023  0.064 193 89 58
-0.382 -0.024  0.068 193 89 58
-0.380 -0.024  0.072 176 100 62
-0.378 -0.024  0.077 165 96 64
-0.377 -0.025  0.079 144 80 63
-0.375 -0.026  0.083 117 94 72
-0.374 -0.027  0.083 119 87 71
-0.372 -0.028  0.086 122 97 71
-0.372 -0.029  0.085 105 89 73
-0.371 -0.030  0.084 93 75 77
-0.370 -0.031  0.083 86 71 78
-0.369 -0.033  0.082 96 75 80
-0.368 -0.034  0.082 114 82 78
-0.368 -0.035  0.081 116 93 75
-0.367 -0.036  0.081 131 94 77
-0.366 -0.038  0.081 140 97 77
-0.365 -0.039  0.080 129 91 79
-0.364 -0.041  0.078 132 103 82
-0.363 -0.042  0.078 124 111 88
-0.363 -0.044  0.074 104 97 92
-0.362 -0.046  0.071 109 96 97
-0.362 -0.048  0.069 120 115 104
-0.361 -0.050  0.064 101 101 110
-0.361 -0.052  0.060 98 103 118
-0.360 -0.053  0.059 102 112 125
-0.360 -0.057  0.052 131 130 139
-0.359 -0.058  0.050 126 136 148
-0.358 -0.060  0.049 135 139 143
-0.396 -0.014  0.045 179 164 141
-0.395 -0.015  0.046 178 148 115
-0.393 -0.016  0.047 154 134 110
-0.392 -0.017  0.049 157 114 89
-0.390 -0.018  0.050 178 111 81
-0.389 -0.019  0.052 187 103 76
-0.387 -0.020  0.055 188 100 69
-0.386 -0.021  0.055 186 96 65
-0.385 -0.022  0.057 188 94 60
-0.383 -0.023  0.059 191 92 60
-0.382 -0.024  0.062 190 96 61
-0.380 -0.024  0.065 163 98 63
-0.379 -0.025  0.067 151 100 66
-0.377 -0.026  0.069 138 97 65
-0.376 -0.027  0.072 134 100 69
-0.374 -0.027  0.077 129 94 71
-0.373 -0.028  0.079 129 89 66
-0.372 -0.029  0.079 113 98 69
-0.370 -0.030  0.080 111 87 76
-0.370 -0.031  0.079 81 75 76
-0.369 -0.033  0.078 72 73 83
-0.368 -0.034  0.078 90 72 80
-0.367 -0.035  0.077 95 87 82
-0.366 -0.036  0.077 114 86 82
-0.365 -0.038  0.077 124 89 77
-0.364 -0.039  0.077 128 109 85
-0.363 -0.040  0.075 129 111 86
-0.363 -0.042  0.074 103 88 91
-0.362 -0.043  0.073 110 94 92
-0.361 -0.045  0.071 124 110 100
-0.361 -0.047  0.068 108 102 102
-0.360 -0.049  0.062 93 101 110
-0.360 -0.051  0.059 98 105 119
-0.359 -0.053  0.055 108 111 127
-0.359 -0.056  0.050 124 128 141
-0.358 -0.058  0.048 124 133 141
-0.357 -0.059  0.047 133 140 145
-0.395 -0.013  0.043 175 159 139
-0.394 -0.014  0.044 174 148 119
-0.393 -0.015  0.045 146 138 115
-0.391 -0.016  0.046 129 113 94
-0.390 -0.017  0.047 132 104 86
-0.388 -0.018  0.049 145 102 82
-0.387 -0.019  0.051 171 103 69
-0.385 -0.020  0.054 178 101 61
-0.384 -0.021  0.056 179 99 58
-0.382 -0.022  0.058 173 101 62
-0.381 -0.023  0.061 171 100 63
-0.379 -0.024  0.063 167 103 59
-0.378 -0.025  0.063 156 103 63
-0.377 -0.026  0.066 131 95 68
-0.376 -0.027  0.067 120 89 65
-0.374 -0.028  0.068 126 98 69
-0.373 -0.029  0.069 122 91 70
-0.372 -0.030  0.068 124 99 68
-0.372 -0.032  0.066 124 95 71
-0.371 -0.033  0.065 105 87 78
-0.370 -0.035  0.063 83 70 77
-0.369 -0.036  0.061 83 75 73
-0.369 -0.037  0.061 118 83 76
-0.368 -0.039  0.061 118 83 71
-0.366 -0.040  0.061 122 106 71
-0.365 -0.041  0.062 110 95 79
-0.364 -0.042  0.062 103 86 83
-0.363 -0.043  0.062 104 86 87
-0.362 -0.044  0.063 121 113 96
-0.361 -0.046  0.062 107 99 102
-0.360 -0.047  0.062 95 97 104
-0.360 -0.049  0.059 93 102 112
-0.359 -0.051  0.056 96 104 119
-0.358 -0.053  0.054 101 110 124
-0.358 -0.055  0.048 110 118 130
-0.357 -0.057  0.047 122 129 136
-0.356 -0.059  0.045 134 141 146
-0.394 -0.012  0.040 173 156 141
-0.393 -0.013  0.041 172 147 116
-0.392 -0.015  0.042 148 139 113
-0.390 -0.016  0.043 127 116 96
-0.389 -0.017  0.044 116 107 89
-0.388 -0.018  0.046 127 104 84
-0.386 -0.019  0.049 164 117 73
-0.385 -0.020  0.051 175 118 68
-0.383 -0.020  0.054 178 116 64
-0.382 -0.021  0.055 180 124 67
-0.380 -0.022  0.057 182 123 66
-0.379 -0.023  0.059 186 130 64
-0.378 -0.024  0.061 184 134 64
-0.376 -0.025  0.063 180 135 64
-0.375 -0.026  0.063 176 132 67
-0.374 -0.027  0.063 176 121 71
-0.373 -0.029  0.062 149 103 68
-0.372 -0.030  0.061 113 93 68
-0.372 -0.032  0.060 95 93 72
-0.370 -0.033  0.060 91 86 71
-0.370 -0.035  0.058 81 66 64
-0.369 -0.036  0.057 82 64 58
-0.368 -0.037  0.057 106 66 56
-0.367 -0.038  0.057 124 74 53
-0.366 -0.040  0.057 146 96 61
-0.365 -0.041  0.058 163 108 65
-0.364 -0.042  0.058 167 117 72
-0.362 -0.043  0.059 165 112 77
-0.361 -0.044  0.059 129 106 84
-0.360 -0.045  0.059 103 94 95
-0.359 -0.047  0.058 97 98 103
-0.359 -0.048  0.057 94 101 115
-0.358 -0.050  0.053 94 104 118
-0.357 -0.052  0.051 101 110 123
-0.357 -0.055  0.046 110 119 129
-0.356 -0.057  0.043 127 131 134
-0.355 -0.058  0.041 148 146 141
-0.393 -0.011  0.038 177 169 147
-0.392 -0.013  0.038 171 148 120
-0.391 -0.014  0.039 148 137 111
-0.390 -0.015  0.040 126 117 99
-0.388 -0.016  0.042 114 109 93
-0.387 -0.017  0.043 137 110 84
-0.385 -0.018  0.045 169 126 73
-0.384 -0.019  0.048 175 126 70
-0.382 -0.020  0.050 180 125 66
-0.381 -0.021  0.053 190 133 66
-0.380 -0.022  0.054 194 136 69
-0.378 -0.023  0.056 195 135 64
-0.377 -0.024  0.057 199 139 62
-0.376 -0.025  0.058 201 144 64
-0.375 -0.026  0.058 195 139 66
-0.374 -0.027  0.058 198 147 74
-0.373 -0.029  0.057 172 128 64
-0.372 -0.030  0.056 134 95 54
-0.371 -0.031  0.055 99 61 51
-0.370 -0.033  0.053 83 62 52
-0.369 -0.035  0.052 84 62 55
-0.368 -0.036  0.052 108 65 43
-0.367 -0.037  0.053 138 86 48
-0.366 -0.038  0.053 166 113 57
-0.365 -0.039  0.054 181 121 62
-0.364 -0.040  0.055 194 131 63
-0.363 -0.041  0.056 203 138 64
-0.362 -0.042  0.057 205 144 72
-0.360 -0.043  0.057 191 141 80
-0.360 -0.045  0.056 159 120 93
-0.359 -0.047  0.054 115 97 102
-0.358 -0.049  0.050 99 102 112
-0.357 -0.050  0.048 97 108 116
-0.357 -0.053  0.044 103 114 124
-0.356 -0.054  0.042 115 122 130
-0.355 -0.056  0.041 135 135 138
-0.354 -0.058  0.039 170 154 144
-0.393 -0.011  0.036 177 171 145
-0.391 -0.012  0.036 169 155 124
-0.390 -0.013  0.037 147 138 109
-0.389 -0.014  0.038 125 119 103
-0.387 -0.015  0.040 116 116 97
-0.386 -0.016  0.041 148 117 86
-0.385 -0.017  0.043 170 124 73
-0.383 -0.018  0.045 178 128 68
-0.382 -0.019  0.047 182 132 66
-0.380 -0.020  0.050 198 140 68
-0.379 -0.021  0.051 201 148 75
-0.377 -0.022  0.053 199 139 66
-0.376 -0.023  0.054 207 150 68
-0.375 -0.024  0.055 210 152 74
-0.374 -0.026  0.055 204 143 66
-0.373 -0.027  0.054 203 145 73
-0.372 -0.028  0.054 187 132 61
-0.371 -0.030  0.053 154 103 55
-0.370 -0.031  0.051 116 61 47
-0.370 -0.033  0.049 101 63 49
-0.369 -0.034  0.049 119 69 51
-0.368 -0.035  0.049 153 103 49
-0.367 -0.037  0.049 175 114 55
-0.365 -0.038  0.050 191 129 56
-0.364 -0.039  0.051 203 136 60
-0.363 -0.040  0.052 209 139 63
-0.362 -0.041  0.053 214 147 64
-0.361 -0.042  0.054 221 154 71
-0.360 -0.043  0.054 221 157 80
-0.359 -0.044  0.053 210 152 90
-0.358 -0.046  0.052 142 130 103
-0.357 -0.048  0.049 105 112 118
-0.356 -0.050  0.046 105 114 125
-0.356 -0.052  0.043 110 120 137
-0.355 -0.054  0.041 121 135 146
-0.354 -0.055  0.039 151 165 156
-0.392 -0.010  0.033 179 168 144
-0.391 -0.011  0.034 169 151 121
-0.389 -0.012  0.035 146 141 113
-0.388 -0.013  0.036 125 124 107
-0.387 -0.014  0.037 116 119 101
-0.385 -0.016  0.039 150 121 88
-0.384 -0.016  0.041 174 129 72
-0.382 -0.018  0.043 181 130 66
-0.381 -0.018  0.045 184 132 65
-0.379 -0.019  0.047 196 147 72
-0.378 -0.020  0.049 201 152 77
-0.377 -0.021  0.051 201 141 66
-0.375 -0.022  0.052 207 152 73
-0.374 -0.024  0.052 209 151 76
-0.373 -0.025  0.052 206 149 75
-0.372 -0.026  0.052 214 157 94
-0.371 -0.028  0.050 198 134 62
-0.371 -0.029  0.049 151 106 61
-0.370 -0.031  0.048 121 63 48
-0.369 -0.032  0.046 138 74 47
-0.368 -0.034  0.045 165 111 53
-0.367 -0.035  0.045 183 122 54
-0.366 -0.036  0.046 194 126 58
-0.365 -0.037  0.047 203 135 55
-0.363 -0.038  0.049 210 141 60
-0.362 -0.039  0.050 216 142 63
-0.361 -0.040  0.051 220 152 67
-0.360 -0.041  0.052 224 157 72
-0.359 -0.042  0.052 225 159 79
-0.358 -0.044  0.051 226 163 93
-0.357 -0.045  0.050 174 151 108
-0.356 -0.047  0.048 123 136 128
-0.355 -0.049  0.045 116 143 137
-0.355 -0.051  0.041 136 162 158
-0.354 -0.053  0.039 135 175 179
-0.353 -0.055  0.037 150 171 175
-0.390 -0.010  0.032 169 152 122
-0.388 -0.011  0.032 143 139 117
-0.387 -0.012  0.033 124 126 109
-0.386 -0.014  0.035 111 119 104
-0.384 -0.015  0.036 147 121 89
-0.383 -0.016  0.039 174 135 73
-0.381 -0.017  0.041 181 130 66
-0.380 -0.018  0.043 185 134 64
-0.378 -0.019  0.046 192 139 66
-0.377 -0.020  0.047 197 141 67
-0.376 -0.021  0.049 199 142 66
-0.374 -0.022  0.050 207 148 67
-0.373 -0.023  0.050 207 145 70
-0.372 -0.024  0.050 221 158 84
-0.371 -0.025  0.049 212 167 106
-0.370 -0.027  0.048 197 133 63
-0.370 -0.028  0.047 137 100 62
-0.369 -0.030  0.047 124 71 52
-0.368 -0.031  0.045 165 110 50
-0.367 -0.033  0.045 185 122 51
-0.366 -0.034  0.045 195 131 57
-0.365 -0.035  0.046 204 135 57
-0.363 -0.036  0.047 207 139 59
-0.362 -0.037  0.048 215 144 61
-0.361 -0.038  0.049 219 147 64
-0.360 -0.039  0.051 223 156 72
-0.359 -0.040  0.051 234 167 86
-0.358 -0.042  0.051 233 164 83
-0.357 -0.043  0.050 233 168 94
-0.356 -0.044  0.049 201 163 101
-0.355 -0.046  0.046 144 138 99
-0.354 -0.048  0.043 129 146 112
-0.354 -0.050  0.040 137 156 135
-0.353 -0.052  0.037 143 172 162
-0.352 -0.054  0.035 155 176 162
-0.389 -0.009  0.029 168 151 122
-0.388 -0.011  0.030 144 143 118
-0.386 -0.012  0.032 123 129 113
-0.385 -0.013  0.033 112 120 106
-0.383 -0.014  0.035 139 116 90
-0.382 -0.015  0.037 172 136 73
-0.380 -0.016  0.038 179 131 66
-0.379 -0.017  0.041 184 133 65
-0.377 -0.018  0.044 188 134 63
-0.376 -0.019  0.046 193 139 63
-0.375 -0.020  0.047 198 140 63
-0.373 -0.021  0.049 202 145 63
-0.372 -0.022  0.049 204 148 71
-0.371 -0.023  0.049 221 167 89
-0.370 -0.025  0.048 208 151 84
-0.369 -0.026  0.047 194 130 60
-0.368 -0.027  0.046 130 91 56
-0.367 -0.029  0.046 161 97 44
-0.367 -0.030  0.045 188 125 49
-0.366 -0.032  0.044 197 131 53
-0.365 -0.033  0.044 204 134 58
-0.363 -0.034  0.045 207 138 60
-0.362 -0.035  0.047 212 146 63
-0.361 -0.036  0.048 217 149 69
-0.360 -0.037  0.049 220 149 69
-0.358 -0.038  0.050 227 166 81
-0.357 -0.039  0.050 228 172 95
-0.356 -0.041  0.050 235 171 92
-0.355 -0.042  0.049 232 176 106
-0.355 -0.044  0.048 205 169 99
-0.354 -0.045  0.045 151 142 100
-0.353 -0.047  0.043 135 157 108
-0.352 -0.049  0.039 143 168 118
-0.352 -0.051  0.036 155 178 135
-0.351 -0.053  0.033 170 179 146
-0.388 -0.008  0.026 168 156 126
-0.387 -0.010  0.028 145 143 119
-0.385 -0.011  0.029 124 130 117
-0.384 -0.012  0.031 112 120 110
-0.382 -0.013  0.032 122 115 96
-0.381 -0.014  0.035 166 135 76
-0.380 -0.015  0.036 179 130 65
-0.378 -0.016  0.040 183 131 63
-0.376 -0.017  0.043 187 132 61
-0.375 -0.018  0.045 191 139 62
-0.373 -0.019  0.046 196 141 60
-0.372 -0.020  0.047 203 141 62
-0.371 -0.021  0.048 204 150 72
-0.370 -0.022  0.048 210 151 73
-0.369 -0.024  0.047 207 145 64
-0.368 -0.025  0.046 181 125 59
-0.367 -0.027  0.045 145 82 53
-0.366 -0.028  0.044 181 120 50
-0.365 -0.029  0.043 195 131 53
-0.364 -0.031  0.043 202 134 55
-0.363 -0.032  0.043 205 137 59
-0.362 -0.033  0.044 211 145 64
-0.361 -0.034  0.046 222 162 79
-0.360 -0.035  0.047 220 155 75
-0.359 -0.036  0.048 221 151 71
-0.357 -0.037  0.048 224 156 74
-0.356 -0.038  0.049 226 163 85
-0.355 -0.040  0.048 238 177 100
-0.354 -0.041  0.048 232 170 98
-0.353 -0.043  0.046 199 170 102
-0.353 -0.045  0.044 151 148 98
-0.352 -0.046  0.042 139 162 110
-0.351 -0.048  0.038 145 174 120
-0.350 -0.050  0.035 158 181 133
-0.350 -0.053  0.031 181 185 144
-0.387 -0.008  0.024 168 160 128
-0.386 -0.009  0.025 144 143 120
-0.384 -0.010  0.027 125 131 117
-0.383 -0.011  0.029 112 122 109
-0.381 -0.012  0.031 110 120 97
-0.380 -0.013  0.033 158 124 78
-0.379 -0.014  0.034 177 131 67
-0.377 -0.015  0.038 182 128 61
-0.375 -0.016  0.041 187 133 65
-0.374 -0.017  0.043 193 135 62
-0.372 -0.018  0.045 196 138 61
-0.371 -0.019  0.046 203 143 66
-0.370 -0.020  0.046 207 150 78
-0.369 -0.022  0.046 206 146 66
-0.368 -0.023  0.046 199 139 59
-0.367 -0.024  0.045 170 106 52
-0.366 -0.026  0.044 164 100 47
-0.365 -0.027  0.044 186 130 55
-0.364 -0.028  0.043 198 132 55
-0.363 -0.030  0.043 202 137 59
-0.362 -0.031  0.043 203 136 62
-0.361 -0.032  0.044 211 151 69
-0.360 -0.033  0.045 214 150 70
-0.359 -0.034  0.046 216 146 68
-0.357 -0.035  0.046 219 156 71
-0.356 -0.036  0.047 222 157 74
-0.355 -0.038  0.047 224 161 87
-0.354 -0.039  0.047 231 174 101
-0.353 -0.040  0.046 229 170 93
-0.352 -0.042  0.044 183 169 102
-0.352 -0.044  0.043 145 154 101
-0.351 -0.046  0.040 156 166 115
-0.350 -0.048  0.037 157 175 125
-0.349 -0.049  0.035 161 178 136
-0.386 -0.007  0.022 165 154 125
-0.385 -0.008  0.023 143 142 119
-0.383 -0.009  0.025 125 129 110
-0.382 -0.010  0.027 113 121 100
-0.380 -0.011  0.029 107 111 88
-0.379 -0.012  0.032 138 116 74
-0.377 -0.013  0.033 171 130 69
-0.376 -0.014  0.037 181 130 64
-0.374 -0.015  0.040 184 131 62
-0.373 -0.016  0.042 188 133 60
-0.371 -0.017  0.043 195 139 63
-0.370 -0.018  0.044 202 147 66
-0.369 -0.019  0.044 203 145 67
-0.368 -0.021  0.044 203 144 65
-0.367 -0.022  0.044 190 132 60
-0.366 -0.023  0.044 179 111 45
-0.365 -0.025  0.043 181 112 47
-0.364 -0.026  0.042 193 129 55
-0.363 -0.027  0.043 199 133 55
-0.362 -0.029  0.043 202 137 60
-0.361 -0.030  0.042 204 141 65
-0.360 -0.031  0.044 207 145 67
-0.359 -0.032  0.044 209 145 67
-0.357 -0.033  0.045 211 150 69
-0.356 -0.034  0.045 218 152 71
-0.355 -0.036  0.046 222 159 78
-0.354 -0.037  0.045 222 164 86
-0.353 -0.038  0.044 225 161 87
-0.352 -0.040  0.044 224 168 93
-0.351 -0.041  0.043 168 157 101
-0.350 -0.043  0.041 141 157 105
-0.350 -0.045  0.039 150 175 122
-0.349 -0.047  0.035 163 186 133
-0.348 -0.049  0.032 167 184 143
-0.385 -0.006  0.018 169 152 121
-0.384 -0.007  0.019 142 128 106
-0.383 -0.008  0.022 127 121 94
-0.381 -0.009  0.025 120 121 88
-0.379 -0.010  0.027 113 116 81
-0.378 -0.011  0.030 116 113 76
-0.376 -0.012  0.032 159 122 70
-0.375 -0.013  0.035 177 129 66
-0.373 -0.014  0.038 182 130 62
-0.372 -0.015  0.040 186 136 59
-0.370 -0.016  0.041 195 136 60
-0.369 -0.017  0.042 204 143 66
-0.368 -0.019  0.042 206 146 65
-0.367 -0.020  0.042 200 142 64
-0.366 -0.021  0.042 194 122 50
-0.365 -0.023  0.042 194 123 48
-0.364 -0.024  0.041 195 126 50
-0.363 -0.025  0.041 197 125 51
-0.362 -0.026  0.042 198 132 55
-0.361 -0.028  0.042 198 138 61
-0.360 -0.029  0.042 202 143 65
-0.358 -0.030  0.043 207 139 62
-0.357 -0.031  0.044 210 145 64
-0.356 -0.032  0.044 213 149 70
-0.355 -0.034  0.044 217 154 74
-0.354 -0.035  0.044 223 164 84
-0.353 -0.036  0.044 224 161 81
-0.352 -0.038  0.042 226 164 85
-0.351 -0.039  0.042 218 170 94
-0.350 -0.041  0.041 178 164 102
-0.349 -0.042  0.038 145 157 106
-0.349 -0.044  0.036 142 169 122
-0.348 -0.046  0.033 164 196 145
-0.347 -0.048  0.028 166 184 145
-0.385 -0.005  0.015 170 154 120
-0.383 -0.006  0.016 151 130 101
-0.382 -0.007  0.019 134 130 96
-0.380 -0.008  0.023 123 129 91
-0.378 -0.009  0.026 113 122 83
-0.377 -0.010  0.029 108 120 78
-0.375 -0.011  0.030 124 120 73
-0.374 -0.012  0.034 158 121 68
-0.372 -0.013  0.037 174 128 66
-0.371 -0.014  0.038 182 130 62
-0.369 -0.015  0.039 193 135 59
-0.368 -0.017  0.040 200 141 66
-0.367 -0.018  0.040 202 137 62
-0.366 -0.019  0.040 194 125 55
-0.365 -0.020  0.040 198 131 52
-0.364 -0.022  0.040 205 135 53
-0.363 -0.023  0.040 203 135 55
-0.362 -0.024  0.040 202 132 55
-0.361 -0.025  0.041 201 129 55
-0.360 -0.027  0.042 198 137 62
-0.358 -0.028  0.042 200 139 61
-0.357 -0.029  0.043 206 143 63
-0.356 -0.030  0.043 210 148 66
-0.355 -0.031  0.043 213 148 72
-0.354 -0.033  0.043 217 157 78
-0.353 -0.034  0.043 219 159 82
-0.352 -0.036  0.041 224 159 82
-0.351 -0.037  0.040 225 163 85
-0.350 -0.039  0.039 187 160 94
-0.349 -0.040  0.037 151 150 99
-0.348 -0.042  0.035 141 155 106
-0.348 -0.044  0.033 144 172 120
-0.347 -0.046  0.029 154 183 141
-0.346 -0.048  0.025 173 180 143
-0.384 -0.004  0.011 169 152 118
-0.383 -0.006  0.012 159 136 102
-0.381 -0.007  0.016 140 139 97
-0.379 -0.008  0.020 124 134 91
-0.377 -0.009  0.023 113 127 83
-0.376 -0.010  0.026 112 124 78
-0.374 -0.011  0.028 110 124 76
-0.373 -0.012  0.031 122 115 74
-0.371 -0.012  0.034 121 107 67
-0.370 -0.014  0.036 132 113 68
-0.368 -0.015  0.038 166 123 59
-0.367 -0.016  0.038 184 126 60
-0.366 -0.017  0.038 197 125 50
-0.365 -0.018  0.038 202 132 54
-0.364 -0.020  0.039 203 141 59
-0.363 -0.021  0.039 208 144 60
-0.362 -0.022  0.039 209 143 62
-0.361 -0.023  0.039 209 141 61
-0.359 -0.024  0.040 205 137 58
-0.358 -0.026  0.041 200 135 59
-0.357 -0.027  0.041 200 137 61
-0.356 -0.028  0.042 206 137 64
-0.355 -0.029  0.043 208 150 70
-0.354 -0.030  0.042 213 154 76
-0.353 -0.032  0.042 218 157 79
-0.352 -0.033  0.040 220 159 82
-0.351 -0.035  0.039 220 160 86
-0.350 -0.036  0.037 200 165 95
-0.349 -0.038  0.035 154 130 91
-0.348 -0.040  0.034 135 140 97
-0.348 -0.041  0.032 137 154 107
-0.347 -0.043  0.029 144 167 118
-0.346 -0.045  0.026 157 180 132
-0.345 -0.047  0.022 180 186 146
-0.384 -0.004  0.004 167 153 121
-0.382 -0.005  0.008 154 138 105
-0.380 -0.006  0.010 140 142 96
-0.378 -0.007  0.016 128 137 90
-0.377 -0.008  0.019 120 133 81
-0.375 -0.009  0.023 127 131 80
-0.373 -0.010  0.026 122 128 82
-0.372 -0.011  0.030 102 106 73
-0.370 -0.012  0.033 95 92 63
-0.369 -0.013  0.034 119 89 58
-0.367 -0.014  0.037 167 125 60
-0.366 -0.015  0.037 186 126 55
-0.365 -0.016  0.037 198 132 52
-0.364 -0.017  0.037 204 140 62
-0.363 -0.019  0.037 215 147 68
-0.362 -0.020  0.038 222 153 71
-0.361 -0.021  0.038 215 147 63
-0.359 -0.022  0.038 214 144 61
-0.358 -0.024  0.039 215 147 64
-0.357 -0.025  0.040 212 144 66
-0.356 -0.026  0.041 208 140 66
-0.355 -0.027  0.041 199 139 68
-0.354 -0.028  0.042 193 134 76
-0.353 -0.030  0.041 207 157 84
-0.352 -0.031  0.040 213 160 86
-0.351 -0.033  0.038 216 159 85
-0.350 -0.034  0.036 205 154 91
-0.349 -0.036  0.034 155 120 93
-0.348 -0.038  0.032 126 123 88
-0.347 -0.039  0.030 128 136 98
-0.347 -0.041  0.028 137 149 107
-0.346 -0.043  0.026 146 165 121
-0.345 -0.045  0.023 159 186 141
-0.383 -0.003 -0.001 166 152 121
-0.381 -0.004  0.003 149 134 105
-0.380 -0.005  0.005 140 141 97
-0.377 -0.006  0.013 133 138 89
-0.376 -0.007  0.016 124 135 80
-0.374 -0.008  0.020 123 132 84
-0.372 -0.009  0.024 109 123 83
-0.371 -0.010  0.027 95 103 67
-0.369 -0.011  0.031 94 101 61
-0.367 -0.012  0.033 122 105 58
-0.366 -0.013  0.035 169 128 63
-0.365 -0.014  0.036 185 131 58
-0.364 -0.015  0.036 195 136 61
-0.363 -0.017  0.036 200 148 72
-0.362 -0.018  0.036 205 154 81
-0.361 -0.019  0.037 210 153 73
-0.359 -0.020  0.037 211 150 62
-0.358 -0.021  0.037 216 149 62
-0.357 -0.023  0.038 216 149 65
-0.356 -0.024  0.039 217 153 69
-0.355 -0.025  0.040 218 152 75
-0.354 -0.026  0.041 218 158 84
-0.353 -0.027  0.041 173 98 80
-0.352 -0.029  0.040 166 109 75
-0.351 -0.030  0.039 179 128 89
-0.350 -0.032  0.035 184 132 94
-0.349 -0.034  0.033 176 99 89
-0.348 -0.036  0.030 159 97 83
-0.347 -0.037  0.028 137 119 93
-0.347 -0.039  0.026 132 139 100
-0.346 -0.041  0.025 138 154 108
-0.345 -0.042  0.022 149 169 124
-0.344 -0.044  0.019 163 184 142
-0.383 -0.003 -0.006 167 151 120
-0.381 -0.004 -0.003 148 128 102
-0.380 -0.005 -0.003 140 134 95
-0.378 -0.006  0.000 134 139 94
-0.376 -0.007  0.003 122 134 87
-0.375 -0.008  0.007 123 133 84
-0.371 -0.008  0.023 100 98 76
-0.369 -0.009  0.026 92 97 66
-0.368 -0.010  0.029 96 107 64
-0.366 -0.011  0.032 116 114 64
-0.365 -0.012  0.033 165 127 63
-0.364 -0.013  0.034 187 129 58
-0.363 -0.014  0.034 194 132 59
-0.362 -0.016  0.034 200 139 62
-0.361 -0.017  0.034 202 143 62
-0.359 -0.018  0.035 204 140 62
-0.358 -0.019  0.036 208 145 61
-0.357 -0.020  0.036 213 150 64
-0.356 -0.022  0.037 217 151 65
-0.355 -0.023  0.038 221 154 70
-0.354 -0.024  0.039 221 163 81
-0.352 -0.025  0.040 219 165 94
-0.351 -0.026  0.040 175 115 89
-0.350 -0.028  0.039 161 78 73
-0.350 -0.029  0.037 172 83 74
-0.349 -0.031  0.034 180 81 76
-0.348 -0.033  0.031 181 86 77
-0.347 -0.035  0.028 178 94 82
-0.346 -0.037  0.026 169 104 95
-0.346 -0.039  0.022 150 142 107
-0.345 -0.040  0.020 146 157 117
-0.344 -0.042  0.018 158 170 136
-0.343 -0.044  0.016 174 183 152
-0.381 -0.001 -0.007 168 148 118
-0.380 -0.003 -0.007 155 127 99
-0.379 -0.004 -0.006 146 122 90
-0.377 -0.005 -0.002 137 139 91
-0.375 -0.006  0.001 123 135 88
-0.373 -0.007  0.006 118 131 86
-0.370 -0.007  0.021 100 92 69
-0.368 -0.008  0.024 93 91 66
-0.367 -0.009  0.028 92 96 64
-0.365 -0.010  0.030 104 111 64
-0.364 -0.011  0.032 157 118 59
-0.363 -0.012  0.032 183 127 59
-0.362 -0.013  0.032 191 135 60
-0.361 -0.015  0.032 196 140 60
-0.360 -0.016  0.032 197 139 59
-0.358 -0.017  0.033 202 140 62
-0.357 -0.018  0.033 206 146 64
-0.356 -0.020  0.035 210 146 64
-0.355 -0.021  0.035 216 150 67
-0.354 -0.022  0.036 219 154 72
-0.353 -0.023  0.037 219 162 80
-0.351 -0.024  0.038 216 157 81
-0.350 -0.025  0.038 184 129 96
-0.349 -0.027  0.037 172 81 75
-0.348 -0.028  0.036 179 81 74
-0.348 -0.030  0.031 184 82 78
-0.347 -0.032  0.028 190 87 81
-0.346 -0.034  0.025 196 96 90
-0.345 -0.036  0.023 193 100 91
-0.345 -0.038  0.019 173 121 100
-0.344 -0.040  0.017 167 136 119
-0.343 -0.041  0.015 173 153 145
-0.342 -0.043  0.013 185 171 157
-0.380 -0.000 -0.009 169 148 115
-0.379 -0.002 -0.007 162 123 97
-0.377 -0.003 -0.005 152 110 90
-0.376 -0.004 -0.003 139 124 86
-0.374 -0.005  0.001 125 138 92
-0.372 -0.006  0.004 110 127 91
-0.369 -0.006  0.018 101 96 68
-0.367 -0.007  0.022 94 92 65
-0.366 -0.008  0.025 93 91 65
-0.364 -0.009  0.028 98 100 59
-0.363 -0.010  0.031 125 111 62
-0.362 -0.011  0.031 169 126 65
-0.360 -0.012  0.032 184 131 63
-0.359 -0.014  0.032 190 134 60
-0.358 -0.015  0.032 194 134 62
-0.357 -0.016  0.033 198 140 64
-0.356 -0.017  0.033 202 144 63
-0.355 -0.019  0.033 206 146 63
-0.354 -0.020  0.033 211 147 69
-0.353 -0.021  0.034 212 151 74
-0.352 -0.022  0.034 214 155 81
-0.350 -0.024  0.035 213 153 84
-0.349 -0.025  0.035 185 124 94
-0.348 -0.026  0.035 177 82 73
-0.347 -0.028  0.033 189 90 81
-0.347 -0.030  0.030 190 93 91
-0.346 -0.032  0.025 198 101 97
-0.345 -0.034  0.022 210 109 110
-0.344 -0.035  0.020 206 100 93
-0.343 -0.037  0.016 192 110 100
-0.343 -0.039  0.014 185 119 116
-0.342 -0.041  0.012 188 135 132
-0.341 -0.043  0.010 197 160 146
-0.379  0.001 -0.011 168 145 115
-0.378 -0.001 -0.009 163 123 98
-0.376 -0.002 -0.008 158 109 90
-0.374 -0.003 -0.003 148 100 80
-0.373 -0.004 -0.001 131 122 85
-0.371 -0.005  0.004 119 132 89
-0.368 -0.005  0.015 104 105 71
-0.366 -0.006  0.020 97 100 64
-0.365 -0.007  0.024 97 100 67
-0.363 -0.008  0.027 96 101 66
-0.362 -0.009  0.030 106 103 66
-0.360 -0.010  0.031 130 105 65
-0.359 -0.011  0.031 159 121 62
-0.358 -0.013  0.032 178 126 61
-0.357 -0.014  0.032 187 131 65
-0.356 -0.015  0.033 194 138 68
-0.355 -0.016  0.033 199 141 67
-0.354 -0.018  0.032 203 145 72
-0.353 -0.019  0.031 203 147 77
-0.352 -0.020  0.031 204 148 83
-0.351 -0.022  0.032 198 146 89
-0.349 -0.023  0.032 179 131 93
-0.348 -0.024  0.032 166 95 84
-0.347 -0.026  0.032 175 80 76
-0.346 -0.027  0.030 185 81 82
-0.346 -0.029  0.026 191 91 95
-0.345 -0.031  0.022 208 131 121
-0.344 -0.033  0.019 202 115 129
-0.343 -0.035  0.017 207 107 101
-0.342 -0.037  0.014 179 118 113
-0.341 -0.038  0.012 158 143 146
-0.340 -0.040  0.010 170 169 163
-0.378  0.002 -0.013 164 144 117
-0.377  0.000 -0.012 163 122 97
-0.375 -0.001 -0.010 161 107 87
-0.373 -0.002 -0.006 156 96 80
-0.372 -0.003 -0.002 155 105 84
-0.370 -0.004  0.000 138 120 83
-0.367 -0.004  0.013 120 121 80
-0.365 -0.005  0.017 109 110 74
-0.364 -0.006  0.021 107 109 71
-0.362 -0.007  0.026 108 105 71
-0.360 -0.008  0.029 99 96 68
-0.359 -0.009  0.031 127 83 62
-0.358 -0.010  0.031 130 103 68
-0.357 -0.012  0.031 133 126 70
-0.356 -0.013  0.030 141 130 74
-0.355 -0.014  0.030 154 131 83
-0.354 -0.016  0.030 170 110 75
-0.353 -0.017  0.029 189 114 80
-0.352 -0.018  0.028 196 110 87
-0.351 -0.020  0.028 182 95 85
-0.350 -0.021  0.029 146 87 84
-0.348 -0.022  0.029 152 84 81
-0.347 -0.024  0.029 162 84 82
-0.346 -0.025  0.029 172 81 80
-0.345 -0.027  0.026 180 83 84
-0.345 -0.029  0.023 186 89 94
-0.344 -0.030  0.019 197 93 96
-0.343 -0.032  0.016 199 99 99
-0.342 -0.034  0.014 200 104 104
-0.341 -0.036  0.011 153 132 131
-0.340 -0.038  0.009 139 157 164
-0.339 -0.039  0.007 164 181 175
-0.377  0.003 -0.014 165 145 116
-0.375  0.001 -0.012 161 120 94
-0.374  0.000 -0.011 160 108 90
-0.372 -0.001 -0.007 157 95 81
-0.370 -0.002 -0.004 159 86 78
-0.369 -0.003 -0.001 153 83 73
-0.366 -0.004  0.010 150 100 78
-0.364 -0.004  0.014 134 110 87
-0.363 -0.005  0.018 109 97 79
-0.361 -0.006  0.023 94 87 79
-0.359 -0.007  0.026 92 81 80
-0.358 -0.008  0.029 125 77 66
-0.357 -0.009  0.029 132 79 65
-0.356 -0.011  0.029 125 112 72
-0.355 -0.012  0.029 133 152 91
-0.354 -0.013  0.028 148 146 105
-0.353 -0.015  0.028 166 74 72
-0.352 -0.016  0.026 181 81 84
-0.351 -0.018  0.025 196 124 112
-0.350 -0.019  0.025 179 86 90
-0.349 -0.020  0.026 119 92 100
-0.347 -0.022  0.026 115 100 102
-0.346 -0.023  0.025 145 95 97
-0.345 -0.024  0.026 164 85 90
-0.344 -0.026  0.023 176 87 85
-0.344 -0.028  0.020 183 92 89
-0.343 -0.030  0.017 189 89 92
-0.342 -0.032  0.014 191 99 99
-0.341 -0.033  0.012 172 116 119
-0.340 -0.035  0.008 133 144 153
-0.339 -0.037  0.005 134 161 169
-0.338 -0.039  0.004 164 180 175
-0.375  0.004 -0.014 164 142 115
-0.374  0.003 -0.013 162 119 95
-0.372  0.001 -0.010 162 110 91
-0.371  0.000 -0.007 160 92 78
-0.369 -0.001 -0.004 160 86 74
-0.367 -0.002 -0.001 158 79 73
-0.365 -0.003  0.007 160 84 78
-0.363 -0.004  0.011 148 81 75
-0.362 -0.005  0.015 105 76 74
-0.360 -0.005  0.020 86 79 88
-0.358 -0.006  0.025 88 84 91
-0.357 -0.007  0.026 110 82 77
-0.356 -0.009  0.027 133 73 66
-0.355 -0.010  0.028 139 77 66
-0.354 -0.011  0.026 141 116 87
-0.353 -0.013  0.026 148 92 91
-0.352 -0.014  0.024 168 68 66
-0.351 -0.016  0.023 180 77 75
-0.350 -0.017  0.022 188 83 89
-0.349 -0.018  0.022 157 99 104
-0.348 -0.020  0.022 108 116 127
-0.346 -0.021  0.022 98 128 140
-0.345 -0.022  0.022 112 128 145
-0.344 -0.024  0.023 128 122 132
-0.343 -0.025  0.020 146 111 124
-0.342 -0.027  0.018 158 107 124
-0.342 -0.029  0.014 162 110 127
-0.341 -0.031  0.011 155 134 135
-0.340 -0.033  0.009 135 140 154
-0.339 -0.034  0.006 128 151 164
-0.338 -0.036  0.003 137 162 168
-0.337 -0.038 -0.000 164 180 170
-0.374  0.005 -0.016 164 140 114
-0.373  0.004 -0.014 160 125 96
-0.371  0.003 -0.011 166 115 92
-0.369  0.001 -0.008 161 97 82
-0.368  0.000 -0.005 160 89 76
-0.366 -0.001 -0.002 163 82 72
-0.364 -0.002  0.004 157 79 70
-0.362 -0.003  0.008 124 80 71
-0.361 -0.004  0.011 96 84 81
-0.359 -0.005  0.016 87 83 89
-0.358 -0.006  0.019 92 84 85
-0.356 -0.007  0.020 101 92 86
-0.355 -0.008  0.021 107 82 77
-0.354 -0.009  0.022 130 74 63
-0.353 -0.011  0.021 148 76 69
-0.352 -0.012  0.021 156 71 67
-0.351 -0.013  0.021 168 71 66
-0.350 -0.015  0.020 179 76 74
-0.349 -0.016  0.020 162 91 94
-0.348 -0.018  0.019 120 115 126
-0.346 -0.019  0.020 104 140 152
-0.345 -0.020  0.019 120 159 172
-0.344 -0.022  0.019 116 164 179
-0.343 -0.023  0.019 106 160 184
-0.342 -0.025  0.017 111 163 193
-0.341 -0.026  0.016 129 168 203
-0.340 -0.028  0.012 128 176 203
-0.340 -0.030  0.009 123 176 197
-0.339 -0.032  0.006 121 162 181
-0.338 -0.034  0.003 126 161 176
-0.337 -0.036 -0.003 140 164 170
-0.373  0.006 -0.018 164 142 115
-0.371  0.005 -0.016 151 129 101
-0.370  0.004 -0.013 141 113 97
-0.368  0.002 -0.010 143 103 84
-0.367  0.001 -0.007 155 96 76
-0.365  0.000 -0.004 159 90 71
-0.363 -0.001  0.000 146 83 71
-0.362 -0.002  0.003 108 81 73
-0.360 -0.003  0.007 91 78 74
-0.358 -0.004  0.011 89 76 70
-0.357 -0.005  0.013 94 77 69
-0.356 -0.006  0.014 120 80 69
-0.355 -0.008  0.015 114 80 65
-0.353 -0.009  0.017 108 82 66
-0.352 -0.010  0.016 118 88 69
-0.351 -0.012  0.016 126 91 71
-0.350 -0.013  0.017 130 90 79
-0.349 -0.014  0.018 127 98 93
-0.348 -0.015  0.018 114 109 114
-0.347 -0.017  0.017 97 133 143
-0.345 -0.018  0.017 96 147 167
-0.344 -0.020  0.016 103 161 181
-0.343 -0.021  0.016 103 168 189
-0.342 -0.022  0.016 100 171 204
-0.341 -0.024  0.014 130 189 226
-0.340 -0.026  0.012 149 218 248
-0.339 -0.027  0.009 122 192 230
-0.338 -0.029  0.006 116 186 215
-0.337 -0.031  0.003 122 175 195
-0.336 -0.033  0.000 129 176 191
-0.336 -0.036 -0.008 142 176 182
-0.372  0.007 -0.020 163 144 119
-0.370  0.006 -0.019 144 133 104
-0.369  0.005 -0.016 126 114 101
-0.367  0.003 -0.013 122 104 93
-0.365  0.002 -0.010 124 93 79
-0.364  0.001 -0.006 146 87 72
-0.362 -0.000 -0.003 150 89 72
-0.361 -0.001  0.001 138 86 70
-0.359 -0.002  0.004 116 81 69
-0.357 -0.003  0.008 98 76 68
-0.356 -0.004  0.010 128 75 64
-0.355 -0.006  0.011 152 85 64
-0.353 -0.007  0.013 151 82 62
-0.352 -0.008  0.014 136 82 61
-0.351 -0.009  0.013 111 91 66
-0.350 -0.011  0.013 107 106 80
-0.349 -0.012  0.015 104 102 94
-0.348 -0.013  0.015 99 113 113
-0.346 -0.015  0.015 89 122 130
-0.345 -0.016  0.015 87 139 152
-0.344 -0.017  0.015 90 149 173
-0.343 -0.019  0.014 95 162 186
-0.342 -0.020  0.013 102 169 197
-0.341 -0.022  0.014 102 178 214
-0.340 -0.023  0.011 117 196 238
-0.339 -0.025  0.009 119 192 232
-0.338 -0.027  0.006 112 185 222
-0.337 -0.029  0.003 120 185 209
-0.336 -0.031 -0.001 128 153 164
-0.335 -0.033 -0.004 139 158 167
-0.335 -0.036 -0.014 150 159 167
-0.371  0.008 -0.024 161 142 117
-0.369  0.007 -0.023 147 132 103
-0.368  0.006 -0.020 124 113 104
-0.366  0.004 -0.017 113 105 95
-0.364  0.003 -0.014 106 94 85
-0.363  0.002 -0.010 113 85 78
-0.361  0.001 -0.006 123 86 71
-0.360 -0.000 -0.003 146 86 71
-0.358 -0.001  0.001 149 86 68
-0.356 -0.002  0.004 143 82 67
-0.355 -0.004  0.006 167 87 64
-0.354 -0.005  0.008 179 89 65
-0.352 -0.006  0.010 179 87 63
-0.351 -0.007  0.012 171 85 60
-0.350 -0.009  0.011 148 84 62
-0.349 -0.010  0.012 116 94 71
-0.348 -0.011  0.012 106 100 86
-0.347 -0.012  0.012 103 109 109
-0.345 -0.014  0.012 94 124 132
-0.344 -0.015  0.013 89 137 153
-0.343 -0.016  0.013 90 149 171
-0.342 -0.018  0.012 93 160 184
-0.341 -0.019  0.011 97 165 195
-0.340 -0.021  0.012 97 171 203
-0.339 -0.022  0.009 100 177 212
-0.338 -0.024  0.007 100 181 215
-0.337 -0.026  0.003 107 181 216
-0.336 -0.028 -0.000 113 169 198
-0.335 -0.030 -0.006 123 137 159
-0.334 -0.032 -0.008 139 155 170
-0.334 -0.035 -0.020 159 158 160
-0.370  0.009 -0.028 162 142 117
-0.368  0.008 -0.025 145 136 106
-0.367  0.006 -0.023 124 115 106
-0.365  0.005 -0.019 112 105 98
-0.363  0.004 -0.016 105 96 91
-0.362  0.003 -0.013 100 90 81
-0.360  0.002 -0.009 102 84 74
-0.359  0.001 -0.006 115 83 74
-0.357 -0.001 -0.003 141 82 68
-0.355 -0.002  0.000 175 88 65
-0.354 -0.003  0.003 190 94 66
-0.353 -0.004  0.006 193 94 64
-0.351 -0.005  0.007 197 92 63
-0.350 -0.006  0.008 190 90 65
-0.349 -0.008  0.008 175 85 63
-0.348 -0.009  0.008 147 86 68
-0.347 -0.010  0.009 117 87 74
-0.345 -0.012  0.009 104 91 91
-0.344 -0.013  0.010 106 110 117
-0.343 -0.014  0.010 99 130 143
-0.342 -0.016  0.010 95 142 163
-0.341 -0.017  0.010 95 152 177
-0.340 -0.019  0.009 96 160 188
-0.339 -0.020  0.009 95 167 196
-0.338 -0.022  0.006 96 170 202
-0.337 -0.023  0.004 100 176 205
-0.336 -0.025 -0.000 114 178 199
-0.335 -0.027 -0.005 115 146 170
-0.334 -0.030 -0.010 123 129 147
-0.333 -0.032 -0.013 138 144 155
-0.332 -0.035 -0.024 166 162 158
-0.369  0.010 -0.032 157 144 119
-0.367  0.009 -0.029 141 139 116
-0.366  0.007 -0.026 125 124 114
-0.364  0.006 -0.022 113 112 102
-0.362  0.005 -0.019 104 102 93
-0.361  0.004 -0.016 104 92 86
-0.359  0.003 -0.012 105 87 77
-0.358  0.001 -0.009 115 81 73
-0.356  0.000 -0.007 145 77 67
-0.355 -0.001 -0.004 184 99 70
-0.353 -0.002 -0.001 197 99 68
-0.352 -0.003  0.002 205 93 65
-0.350 -0.004  0.004 217 100 70
-0.349 -0.006  0.005 210 104 77
-0.348 -0.007  0.007 196 90 70
-0.347 -0.008  0.007 179 86 66
-0.345 -0.009  0.007 123 81 69
-0.344 -0.011  0.008 114 77 77
-0.343 -0.012  0.008 123 83 84
-0.342 -0.013  0.008 128 99 108
-0.341 -0.015  0.008 114 124 136
-0.340 -0.016  0.007 108 140 157
-0.339 -0.018  0.006 109 156 173
-0.338 -0.019  0.006 106 161 180
-0.337 -0.021  0.003 108 164 185
-0.336 -0.023  0.001 111 167 187
-0.335 -0.025 -0.004 114 143 172
-0.334 -0.027 -0.008 116 129 153
-0.333 -0.029 -0.017 127 136 152
-0.332 -0.031 -0.020 142 146 156
-0.331 -0.034 -0.030 176 170 158
-0.368  0.011 -0.035 151 144 121
-0.366  0.010 -0.032 138 139 116
-0.364  0.009 -0.029 121 130 120
-0.363  0.007 -0.025 110 116 108
-0.361  0.006 -0.022 107 105 94
-0.360  0.005 -0.019 111 92 80
-0.358  0.004 -0.015 128 88 72
-0.356  0.002 -0.012 140 84 66
-0.355  0.001 -0.009 164 88 65
-0.353  0.000 -0.007 188 92 66
-0.352 -0.001 -0.004 198 91 64
-0.351 -0.002 -0.001 206 91 62
-0.349 -0.003  0.001 216 96 66
-0.348 -0.005  0.003 216 98 77
-0.347 -0.006  0.005 226 102 81
-0.345 -0.007  0.005 209 99 75
-0.344 -0.008  0.005 132 85 74
-0.343 -0.010  0.005 125 72 73
-0.342 -0.011  0.006 143 76 73
-0.341 -0.012  0.006 166 86 86
-0.340 -0.014  0.005 166 96 100
-0.339 -0.015  0.004 156 99 108
-0.338 -0.017  0.003 135 112 125
-0.336 -0.018  0.002 126 119 136
-0.335 -0.020 -0.000 147 119 139
-0.334 -0.022 -0.003 126 125 144
-0.334 -0.025 -0.012 120 132 150
-0.333 -0.027 -0.017 120 125 145
-0.332 -0.029 -0.022 128 135 155
-0.331 -0.031 -0.028 150 150 157
-0.366  0.012 -0.037 153 145 120
-0.365  0.011 -0.034 136 133 108
-0.363  0.010 -0.031 123 126 115
-0.361  0.008 -0.027 112 120 107
-0.360  0.007 -0.024 106 102 92
-0.358  0.006 -0.021 134 92 75
-0.357  0.005 -0.018 151 90 70
-0.355  0.003 -0.015 156 88 67
-0.354  0.002 -0.012 174 91 65
-0.352  0.001 -0.009 186 92 68
-0.351 -0.000 -0.005 196 92 62
-0.349 -0.001 -0.003 205 93 61
-0.348 -0.002 -0.001 213 94 63
-0.347 -0.004  0.001 223 99 76
-0.345 -0.005  0.002 231 128 99
-0.344 -0.006  0.003 218 107 84
-0.343 -0.008  0.003 149 84 76
-0.342 -0.009  0.003 146 75 73
-0.341 -0.010  0.003 146 75 70
-0.340 -0.012  0.003 156 83 77
-0.339 -0.013  0.001 173 85 82
-0.337 -0.015  0.001 173 89 87
-0.336 -0.016 -0.002 155 93 93
-0.336 -0.019 -0.010 144 93 96
-0.335 -0.021 -0.013 175 101 106
-0.334 -0.023 -0.017 139 115 128
-0.333 -0.025 -0.021 141 125 143
-0.332 -0.027 -0.026 135 126 138
-0.331 -0.029 -0.030 136 136 147
-0.330 -0.031 -0.034 162 156 152
-0.365  0.013 -0.039 157 148 117
-0.364  0.012 -0.036 139 132 101
-0.362  0.011 -0.032 126 121 100
-0.360  0.009 -0.029 114 108 96
-0.359  0.008 -0.026 106 97 88
-0.357  0.007 -0.023 149 96 79
-0.356  0.006 -0.021 162 93 71
-0.354  0.004 -0.018 168 90 70
-0.353  0.003 -0.015 185 98 72
-0.351  0.002 -0.012 185 95 73
-0.350  0.001 -0.008 193 94 67
-0.348 -0.000 -0.005 202 89 64
-0.347 -0.001 -0.003 210 93 66
-0.345 -0.003 -0.001 223 95 69
-0.344 -0.004 -0.000 231 106 80
-0.343 -0.005 -0.000 216 95 77
-0.342 -0.007 -0.000 188 89 72
-0.341 -0.008 -0.000 179 83 74
-0.340 -0.010 -0.001 156 77 72
-0.339 -0.011 -0.001 147 79 73
-0.337 -0.012 -0.002 157 83 79
-0.336 -0.014 -0.003 161 86 85
-0.336 -0.016 -0.009 158 89 86
-0.335 -0.018 -0.013 156 88 88
-0.334 -0.020 -0.017 183 102 103
-0.333 -0.022 -0.021 148 119 126
-0.332 -0.024 -0.025 176 131 128
-0.331 -0.026 -0.031 186 137 127
-0.330 -0.028 -0.035 171 141 141
-0.329 -0.030 -0.038 184 159 149
-0.364  0.015 -0.041 157 151 116
-0.362  0.013 -0.038 144 136 99
-0.360  0.012 -0.034 129 126 96
-0.359  0.011 -0.031 113 105 96
-0.357  0.009 -0.028 106 97 92
-0.356  0.008 -0.026 148 93 83
-0.354  0.007 -0.023 167 95 73
-0.353  0.005 -0.020 174 90 69
-0.351  0.004 -0.017 185 103 74
-0.350  0.003 -0.014 186 98 76
-0.348  0.002 -0.010 191 95 72
-0.347  0.001 -0.007 195 90 65
-0.346 -0.001 -0.006 192 90 64
-0.344 -0.002 -0.004 204 92 66
-0.343 -0.003 -0.004 217 88 69
-0.342 -0.004 -0.003 221 90 69
-0.341 -0.006 -0.003 223 95 73
-0.340 -0.007 -0.004 212 93 77
-0.338 -0.009 -0.004 179 81 76
-0.337 -0.010 -0.005 155 83 78
-0.336 -0.012 -0.006 151 85 81
-0.335 -0.013 -0.007 154 87 84
-0.334 -0.015 -0.009 160 90 86
-0.333 -0.017 -0.016 177 90 92
-0.332 -0.019 -0.020 165 108 115
-0.331 -0.021 -0.023 149 125 137
-0.330 -0.023 -0.030 204 150 131
-0.329 -0.025 -0.035 218 142 119
-0.328 -0.028 -0.040 196 141 131
-0.363  0.016 -0.044 158 153 117
-0.361  0.014 -0.040 147 141 99
-0.359  0.013 -0.037 132 130 97
-0.358  0.012 -0.033 115 105 100
-0.356  0.010 -0.031 103 97 97
-0.355  0.009 -0.029 128 91 87
-0.353  0.008 -0.026 164 94 74
-0.352  0.006 -0.023 177 92 68
-0.350  0.005 -0.020 182 94 69
-0.349  0.004 -0.017 187 95 72
-0.347  0.003 -0.014 193 100 73
-0.346  0.002 -0.011 184 96 73
-0.345  0.000 -0.009 172 77 64
-0.343 -0.001 -0.008 189 84 63
-0.342 -0.002 -0.007 209 85 67
-0.341 -0.004 -0.006 223 93 76
-0.340 -0.005 -0.007 243 105 84
-0.338 -0.006 -0.007 230 107 92
-0.337 -0.008 -0.008 169 86 86
-0.336 -0.009 -0.009 151 88 85
-0.335 -0.011 -0.010 162 91 86
-0.334 -0.013 -0.012 169 91 87
-0.333 -0.014 -0.014 177 92 88
-0.332 -0.017 -0.021 168 100 101
-0.331 -0.018 -0.024 141 112 127
-0.330 -0.020 -0.029 171 127 142
-0.329 -0.023 -0.036 218 154 140
-0.328 -0.025 -0.039 225 144 119
-0.327 -0.027 -0.044 206 143 128
-0.361  0.017 -0.046 157 149 114
-0.360  0.016 -0.041 149 145 99
-0.358  0.014 -0.038 133 133 98
-0.356  0.013 -0.036 116 113 100
-0.355  0.011 -0.033 101 98 100
-0.353  0.010 -0.031 105 93 95
-0.352  0.009 -0.029 130 94 87
-0.351  0.007 -0.027 168 96 74
-0.349  0.006 -0.024 181 93 69
-0.348  0.005 -0.021 187 96 70
-0.346  0.004 -0.017 190 97 73
-0.345  0.003 -0.014 148 94 85
-0.343  0.001 -0.013 139 77 77
-0.342 -0.000 -0.011 176 80 69
-0.341 -0.001 -0.010 208 87 65
-0.340 -0.003 -0.009 225 95 69
-0.338 -0.004 -0.010 241 107 82
-0.337 -0.006 -0.011 211 117 97
-0.336 -0.007 -0.011 138 104 113
-0.335 -0.009 -0.012 128 96 94
-0.334 -0.010 -0.014 154 101 91
-0.333 -0.012 -0.016 171 97 89
-0.332 -0.014 -0.019 185 98 88
-0.331 -0.016 -0.024 150 110 105
-0.330 -0.018 -0.028 131 121 130
-0.329 -0.020 -0.032 192 133 124
-0.328 -0.022 -0.041 226 142 119
-0.327 -0.024 -0.045 222 140 117
-0.326 -0.026 -0.048 208 148 129
-0.360  0.018 -0.048 156 148 113
-0.358  0.017 -0.043 150 145 100
-0.357  0.015 -0.039 137 136 97
-0.355  0.014 -0.038 125 124 98
-0.354  0.013 -0.036 111 105 96
-0.352  0.011 -0.034 103 95 94
-0.351  0.010 -0.031 106 93 94
-0.349  0.008 -0.030 137 89 82
-0.348  0.007 -0.027 166 90 70
-0.346  0.006 -0.024 180 96 72
-0.345  0.005 -0.021 167 101 79
-0.344  0.003 -0.018 117 94 102
-0.342  0.002 -0.016 111 91 105
-0.341  0.001 -0.015 132 87 91
-0.340 -0.000 -0.013 172 90 78
-0.338 -0.002 -0.012 203 99 74
-0.337 -0.003 -0.013 217 104 80
-0.336 -0.005 -0.014 187 120 108
-0.335 -0.006 -0.016 127 122 144
-0.334 -0.008 -0.017 115 104 112
-0.333 -0.010 -0.019 131 106 97
-0.332 -0.011 -0.020 162 102 91
-0.331 -0.013 -0.023 187 104 89
-0.330 -0.015 -0.026 175 111 102
-0.329 -0.017 -0.030 173 119 120
-0.328 -0.019 -0.035 211 130 108
-0.327 -0.021 -0.044 223 138 113
-0.325 -0.023 -0.048 216 138 120
-0.324 -0.025 -0.052 208 157 136
-0.359  0.019 -0.049 152 146 117
-0.357  0.018 -0.043 149 142 102
-0.355  0.017 -0.041 141 141 99
-0.354  0.015 -0.040 137 130 93
-0.352  0.014 -0.038 134 103 83
-0.351  0.012 -0.036 127 96 81
-0.350  0.011 -0.034 122 93 81
-0.348  0.009 -0.034 130 89 77
-0.347  0.008 -0.030 151 85 72
-0.345  0.007 -0.027 167 87 72
-0.344  0.006 -0.023 161 88 79
-0.342  0.004 -0.021 136 87 96
-0.341  0.003 -0.020 113 93 112
-0.340  0.002 -0.017 101 94 111
-0.338  0.000 -0.017 118 90 102
-0.337 -0.001 -0.016 144 94 91
-0.336 -0.002 -0.017 181 96 81
-0.335 -0.004 -0.018 191 110 92
-0.334 -0.005 -0.018 174 119 115
-0.333 -0.007 -0.020 137 113 122
-0.332 -0.009 -0.021 119 115 114
-0.330 -0.010 -0.023 143 118 99
-0.329 -0.012 -0.025 172 120 96
-0.328 -0.014 -0.029 192 115 98
-0.327 -0.016 -0.032 207 118 104
-0.326 -0.018 -0.038 220 128 105
-0.325 -0.020 -0.046 218 138 123
-0.324 -0.022 -0.051 212 137 126
-0.323 -0.024 -0.055 209 162 141
-0.357  0.020 -0.052 152 144 118
-0.355  0.019 -0.045 146 138 104
-0.354  0.018 -0.043 144 140 101
-0.353  0.016 -0.041 146 118 87
-0.351  0.015 -0.040 149 101 76
-0.350  0.013 -0.038 144 95 73
-0.348  0.012 -0.037 137 92 73
-0.347  0.011 -0.036 133 90 73
-0.345  0.009 -0.033 149 85 76
-0.344  0.008 -0.029 165 86 75
-0.342  0.007 -0.025 171 85 81
-0.341  0.005 -0.023 175 98 95
-0.340  0.004 -0.022 132 87 94
-0.338  0.003 -0.020 94 89 102
-0.337  0.001 -0.019 90 89 104
-0.336  0.000 -0.019 97 91 105
-0.335 -0.001 -0.019 125 90 99
-0.334 -0.003 -0.020 152 101 96
-0.333 -0.005 -0.022 188 112 105
-0.331 -0.006 -0.023 147 123 131
-0.330 -0.008 -0.024 114 123 129
-0.329 -0.009 -0.026 125 133 103
-0.328 -0.011 -0.028 146 141 104
-0.327 -0.013 -0.031 177 153 113
-0.326 -0.015 -0.035 192 143 117
-0.325 -0.017 -0.041 203 122 108
-0.324 -0.019 -0.050 208 127 121
-0.323 -0.022 -0.055 209 138 128
-0.322 -0.024 -0.059 208 166 142
-0.356  0.022 -0.054 157 143 115
-0.354  0.020 -0.048 143 135 103
-0.353  0.019 -0.045 135 137 105
-0.351  0.017 -0.044 136 115 88
-0.350  0.016 -0.042 150 103 77
-0.348  0.015 -0.040 151 96 72
-0.347  0.013 -0.040 144 94 72
-0.346  0.012 -0.039 132 94 75
-0.344  0.010 -0.035 142 101 81
-0.343  0.009 -0.032 163 86 78
-0.341  0.008 -0.028 178 84 80
-0.340  0.007 -0.025 179 95 92
-0.339  0.005 -0.024 128 99 87
-0.337  0.004 -0.023 90 89 97
-0.336  0.002 -0.021 85 88 95
-0.335  0.001 -0.021 86 91 99
-0.334 -0.001 -0.023 93 91 104
-0.332 -0.002 -0.023 110 98 118
-0.331 -0.004 -0.025 144 117 135
-0.330 -0.005 -0.026 126 126 146
-0.329 -0.007 -0.028 110 129 135
-0.328 -0.008 -0.030 121 143 107
-0.327 -0.010 -0.032 132 164 118
-0.326 -0.012 -0.035 161 192 144
-0.324 -0.014 -0.038 172 178 136
-0.323 -0.016 -0.044 186 122 112
-0.322 -0.019 -0.054 198 124 117
-0.321 -0.021 -0.059 206 141 129
-0.320 -0.023 -0.064 210 173 144
-0.357  0.024 -0.068 172 151 115
-0.355  0.023 -0.058 160 141 112
-0.353  0.021 -0.051 144 141 101
-0.351  0.020 -0.049 133 138 103
-0.350  0.019 -0.047 129 121 91
-0.349  0.017 -0.045 151 104 79
-0.347  0.016 -0.043 147 98 76
-0.346  0.014 -0.043 135 92 73
-0.344  0.013 -0.042 126 97 79
-0.343  0.011 -0.038 131 129 90
-0.342  0.010 -0.035 142 116 87
-0.340  0.009 -0.031 154 114 88
-0.339  0.008 -0.029 149 124 94
-0.337  0.006 -0.027 120 130 98
-0.336  0.005 -0.027 96 117 111
-0.335  0.003 -0.025 87 91 103
-0.334  0.002 -0.025 86 93 102
-0.332  0.000 -0.027 86 96 113
-0.331 -0.001 -0.027 94 108 138
-0.330 -0.003 -0.028 105 120 151
-0.329 -0.004 -0.030 108 126 151
-0.328 -0.006 -0.031 108 133 135
-0.327 -0.007 -0.032 124 151 113
-0.325 -0.009 -0.035 134 176 125
-0.324 -0.011 -0.038 151 199 149
-0.323 -0.013 -0.042 166 192 143
-0.322 -0.015 -0.050 181 125 116
-0.321 -0.018 -0.059 193 129 119
-0.320 -0.020 -0.064 201 152 134
-0.358  0.027 -0.077 176 149 111
-0.356  0.025 -0.072 170 145 109
-0.354  0.024 -0.063 160 140 110
-0.352  0.023 -0.054 146 146 99
-0.350  0.021 -0.052 136 141 97
-0.349  0.020 -0.050 132 125 89
-0.347  0.018 -0.048 154 103 78
-0.346  0.017 -0.046 136 103 78
-0.345  0.015 -0.046 116 94 76
-0.343  0.014 -0.045 113 100 82
-0.342  0.012 -0.042 123 142 92
-0.340  0.011 -0.039 125 139 93
-0.339  0.010 -0.035 128 145 96
-0.337  0.008 -0.033 127 153 102
-0.336  0.007 -0.031 127 163 119
-0.335  0.006 -0.030 117 163 142
-0.333  0.004 -0.029 105 127 120
-0.332  0.003 -0.029 94 105 114
-0.331  0.001 -0.030 88 105 129
-0.330 -0.000 -0.030 91 117 144
-0.329 -0.002 -0.031 96 127 156
-0.328 -0.003 -0.033 104 141 160
-0.326 -0.005 -0.034 117 142 142
-0.325 -0.007 -0.035 130 153 118
-0.324 -0.008 -0.039 137 176 124
-0.323 -0.010 -0.042 148 193 138
-0.322 -0.012 -0.045 163 177 139
-0.321 -0.015 -0.057 182 131 119
-0.320 -0.017 -0.065 191 145 128
-0.358  0.030 -0.087 177 148 112
-0.356  0.028 -0.081 169 140 107
-0.355  0.026 -0.076 167 141 106
-0.352  0.025 -0.065 155 142 108
-0.350  0.024 -0.057 144 145 96
-0.349  0.022 -0.055 137 142 95
-0.347  0.021 -0.052 145 122 86
-0.346  0.019 -0.050 158 104 76
-0.345  0.018 -0.049 124 105 81
-0.343  0.016 -0.049 102 101 85
-0.342  0.015 -0.047 103 108 90
-0.340  0.014 -0.045 119 141 94
-0.339  0.012 -0.042 118 143 95
-0.338  0.011 -0.038 118 155 98
-0.336  0.009 -0.036 121 163 106
-0.335  0.008 -0.035 131 178 123
-0.334  0.007 -0.033 133 186 142
-0.332  0.005 -0.032 123 167 130
-0.331  0.004 -0.032 104 126 116
-0.330  0.002 -0.032 95 122 132
-0.329  0.001 -0.033 100 129 147
-0.327 -0.001 -0.034 101 146 170
-0.326 -0.002 -0.036 105 165 186
-0.325 -0.004 -0.037 137 151 167
-0.324 -0.006 -0.038 146 144 117
-0.323 -0.007 -0.043 137 165 126
-0.322 -0.009 -0.046 142 186 144
-0.320 -0.011 -0.049 161 155 140
-0.319 -0.014 -0.061 183 137 126
-0.359  0.032 -0.094 178 149 111
-0.357  0.031 -0.090 170 141 107
-0.355  0.029 -0.084 164 135 102
-0.353  0.028 -0.078 162 139 103
-0.351  0.026 -0.068 150 144 105
-0.349  0.025 -0.060 140 140 93
-0.348  0.023 -0.057 136 136 93
-0.346  0.022 -0.054 156 115 86
-0.345  0.021 -0.053 153 105 79
-0.343  0.019 -0.051 114 106 88
-0.342  0.018 -0.051 98 110 101
-0.341  0.016 -0.049 99 116 104
-0.339  0.015 -0.048 112 138 104
-0.338  0.013 -0.045 116 146 99
-0.336  0.012 -0.041 118 154 98
-0.335  0.011 -0.038 122 165 106
-0.334  0.009 -0.038 130 179 118
-0.332  0.008 -0.036 138 185 128
-0.331  0.006 -0.035 128 172 127
-0.330  0.005 -0.035 114 144 117
-0.329  0.003 -0.036 102 132 128
-0.327  0.002 -0.036 104 137 147
-0.326  0.000 -0.037 102 159 182
-0.325 -0.001 -0.038 112 185 209
-0.324 -0.003 -0.039 163 153 179
-0.322 -0.005 -0.042 176 134 121
-0.321 -0.007 -0.046 141 151 143
-0.320 -0.008 -0.050 130 175 170
-0.319 -0.010 -0.053 142 154 165
-0.318 -0.013 -0.065 169 146 146
-0.358  0.034 -0.098 172 145 109
-0.356  0.032 -0.093 164 137 101
-0.354  0.031 -0.087 161 133 97
-0.352  0.029 -0.081 159 135 99
-0.350  0.028 -0.070 147 142 103
-0.348  0.026 -0.063 137 137 92
-0.346  0.025 -0.060 135 133 91
-0.345  0.023 -0.058 151 116 86
-0.343  0.022 -0.055 135 106 84
-0.342  0.020 -0.053 107 113 100
-0.341  0.019 -0.053 96 119 118
-0.339  0.017 -0.052 102 125 120
-0.338  0.016 -0.050 111 141 124
-0.336  0.014 -0.047 110 147 114
-0.335  0.013 -0.043 115 151 106
-0.334  0.012 -0.042 122 159 107
-0.332  0.010 -0.041 135 179 115
-0.331  0.009 -0.040 127 159 118
-0.330  0.007 -0.038 116 146 117
-0.328  0.006 -0.038 109 132 115
-0.327  0.004 -0.039 103 120 121
-0.326  0.003 -0.040 107 131 141
-0.325  0.001 -0.041 111 156 178
-0.324 -0.000 -0.043 138 174 196
-0.322 -0.002 -0.044 201 148 153
-0.321 -0.004 -0.046 205 138 131
-0.320 -0.006 -0.051 145 146 161
-0.319 -0.008 -0.055 120 163 182
-0.318 -0.009 -0.058 122 164 188
-0.316 -0.012 -0.071 145 156 165
-0.315 -0.015 -0.079 163 171 168
-0.356  0.035 -0.101 168 142 107
-0.354  0.033 -0.095 161 135 98
-0.352  0.032 -0.090 159 131 96
-0.351  0.030 -0.084 157 131 98
-0.348  0.029 -0.074 146 133 102
-0.346  0.027 -0.066 136 131 93
-0.345  0.026 -0.064 134 136 93
-0.343  0.024 -0.061 133 124 91
-0.342  0.023 -0.058 113 105 90
-0.341  0.021 -0.056 104 119 110
-0.339  0.020 -0.056 96 127 128
-0.338  0.018 -0.054 103 133 134
-0.336  0.017 -0.052 106 144 144
-0.335  0.016 -0.050 100 144 138
-0.334  0.014 -0.046 102 141 122
-0.332  0.013 -0.045 114 146 110
-0.331  0.011 -0.044 139 180 115
-0.330  0.010 -0.043 111 129 112
-0.328  0.008 -0.042 98 115 108
-0.327  0.007 -0.042 95 108 112
-0.326  0.005 -0.043 98 104 115
-0.325  0.004 -0.044 120 115 122
-0.323  0.002 -0.045 146 133 137
-0.322  0.000 -0.047 179 139 142
-0.321 -0.001 -0.048 231 139 118
-0.320 -0.003 -0.051 214 144 131
-0.319 -0.005 -0.055 143 140 159
-0.317 -0.007 -0.059 116 150 168
-0.316 -0.009 -0.063 116 163 185
-0.315 -0.011 -0.075 136 161 171
-0.314 -0.014 -0.082 158 175 173
-0.355  0.037 -0.104 166 140 106
-0.353  0.035 -0.098 160 135 99
-0.351  0.033 -0.094 157 130 96
-0.349  0.032 -0.087 155 129 98
-0.347  0.030 -0.076 145 124 102
-0.345  0.029 -0.070 135 122 93
-0.344  0.027 -0.067 131 137 96
-0.342  0.026 -0.064 117 127 94
-0.341  0.024 -0.061 103 101 92
-0.339  0.023 -0.060 102 116 111
-0.338  0.021 -0.059 97 133 131
-0.336  0.020 -0.057 96 138 143
-0.335  0.018 -0.055 95 144 156
-0.334  0.017 -0.053 94 146 156
-0.332  0.015 -0.050 94 138 139
-0.331  0.014 -0.048 104 137 117
-0.330  0.012 -0.048 136 179 117
-0.328  0.011 -0.047 107 133 121
-0.327  0.009 -0.046 93 102 110
-0.326  0.008 -0.046 91 107 120
-0.324  0.006 -0.047 98 107 127
-0.323  0.005 -0.048 121 114 122
-0.322  0.003 -0.049 160 114 109
-0.321  0.001 -0.051 200 120 101
-0.320 -0.000 -0.052 223 131 108
-0.318 -0.002 -0.056 186 137 128
-0.317 -0.004 -0.060 131 131 146
-0.316 -0.006 -0.064 114 143 160
-0.315 -0.008 -0.069 115 158 178
-0.313 -0.010 -0.080 138 169 178
-0.312 -0.013 -0.087 161 176 173
-0.353  0.038 -0.104 168 142 107
-0.351  0.036 -0.100 163 137 103
-0.349  0.035 -0.095 155 131 99
-0.348  0.033 -0.088 152 130 99
-0.346  0.031 -0.081 144 124 101
-0.344  0.030 -0.073 134 118 93
-0.342  0.028 -0.069 128 135 98
-0.341  0.027 -0.066 112 123 96
-0.339  0.025 -0.064 101 101 92
-0.338  0.024 -0.062 101 110 105
-0.336  0.022 -0.061 100 135 125
-0.335  0.021 -0.059 97 140 141
-0.334  0.019 -0.059 99 146 155
-0.332  0.018 -0.056 99 149 159
-0.331  0.016 -0.054 98 142 145
-0.330  0.015 -0.052 100 131 119
-0.328  0.013 -0.052 130 172 115
-0.327  0.012 -0.051 113 153 133
-0.326  0.010 -0.051 95 103 116
-0.324  0.009 -0.050 89 110 130
-0.323  0.007 -0.050 100 120 146
-0.322  0.006 -0.052 110 131 155
-0.321  0.004 -0.052 131 124 134
-0.319  0.002 -0.055 168 129 121
-0.318  0.001 -0.056 173 126 122
-0.317 -0.001 -0.060 137 125 136
-0.316 -0.003 -0.064 113 133 151
-0.314 -0.005 -0.069 117 155 168
-0.313 -0.007 -0.074 127 170 180
-0.312 -0.009 -0.084 147 177 182
-0.350  0.038 -0.099 168 140 105
-0.348  0.036 -0.095 158 134 100
-0.346  0.034 -0.089 152 130 100
-0.344  0.033 -0.082 143 125 101
-0.342  0.031 -0.076 132 118 94
-0.341  0.030 -0.074 124 121 99
-0.339  0.028 -0.070 109 114 100
-0.338  0.027 -0.067 103 102 95
-0.336  0.025 -0.065 100 106 101
-0.335  0.023 -0.064 107 137 109
-0.334  0.022 -0.063 110 136 121
-0.332  0.020 -0.061 124 129 129
-0.331  0.019 -0.059 122 136 136
-0.330  0.017 -0.057 114 128 130
-0.328  0.016 -0.056 105 117 108
-0.327  0.014 -0.056 126 157 110
-0.326  0.013 -0.055 116 153 132
-0.324  0.011 -0.055 98 101 120
-0.323  0.010 -0.054 87 105 133
-0.322  0.008 -0.054 98 121 152
-0.320  0.007 -0.056 103 129 166
-0.319  0.005 -0.056 108 130 152
-0.318  0.003 -0.059 120 138 148
-0.317  0.002 -0.060 120 134 154
-0.315 -0.000 -0.064 110 139 161
-0.314 -0.002 -0.071 112 154 175
-0.313 -0.004 -0.075 126 178 179
-0.312 -0.006 -0.079 143 180 172
-0.310 -0.008 -0.087 159 178 168
-0.346  0.037 -0.096 165 139 103
-0.345  0.036 -0.091 155 132 101
-0.343  0.034 -0.085 144 127 101
-0.341  0.032 -0.081 131 119 97
-0.340  0.031 -0.077 117 109 100
-0.338  0.029 -0.074 108 105 102
-0.337  0.028 -0.071 105 104 103
-0.335  0.026 -0.069 102 111 103
-0.334  0.025 -0.068 114 140 99
-0.332  0.023 -0.066 127 132 95
-0.331  0.022 -0.065 154 107 96
-0.330  0.020 -0.063 157 114 104
-0.328  0.019 -0.061 145 103 103
-0.327  0.017 -0.060 130 98 92
-0.326  0.016 -0.060 131 124 101
-0.324  0.014 -0.060 115 123 115
-0.323  0.012 -0.059 107 95 110
-0.322  0.011 -0.058 98 103 130
-0.320  0.009 -0.058 98 114 142
-0.319  0.008 -0.060 102 122 149
-0.318  0.006 -0.061 100 126 151
-0.317  0.004 -0.065 108 142 158
-0.315  0.003 -0.067 113 159 174
-0.314  0.001 -0.072 119 173 185
-0.313 -0.001 -0.078 129 186 188
-0.311 -0.003 -0.083 132 181 169
-0.310 -0.005 -0.087 155 184 149
-0.309 -0.007 -0.091 168 181 153
-0.343  0.037 -0.093 160 137 104
-0.341  0.035 -0.088 148 128 98
-0.340  0.034 -0.084 138 123 97
-0.338  0.032 -0.081 124 115 99
-0.337  0.030 -0.079 117 109 103
-0.335  0.029 -0.075 104 108 106
-0.334  0.027 -0.073 101 108 105
-0.332  0.026 -0.071 112 135 101
-0.331  0.024 -0.070 127 144 97
-0.330  0.023 -0.069 148 136 100
-0.328  0.021 -0.067 164 128 107
-0.327  0.020 -0.066 170 100 99
-0.325  0.018 -0.064 174 99 90
-0.324  0.017 -0.064 159 93 90
-0.323  0.015 -0.063 138 87 91
-0.322  0.014 -0.063 129 87 89
-0.320  0.012 -0.062 120 94 108
-0.319  0.010 -0.062 119 131 126
-0.318  0.009 -0.065 112 134 140
-0.316  0.007 -0.066 105 124 146
-0.315  0.005 -0.070 112 135 153
-0.314  0.003 -0.073 123 160 165
-0.313  0.002 -0.077 130 172 171
-0.311 -0.000 -0.084 142 180 156
-0.310 -0.002 -0.088 144 172 139
-0.309 -0.004 -0.091 159 179 141
-0.307 -0.006 -0.094 176 181 150
-0.340  0.037 -0.092 154 133 101
-0.338  0.035 -0.088 140 123 97
-0.337  0.033 -0.085 134 121 96
-0.335  0.032 -0.082 126 115 100
-0.334  0.030 -0.079 112 109 104
-0.332  0.029 -0.076 104 111 106
-0.331  0.027 -0.075 107 127 101
-0.330  0.025 -0.074 124 149 98
-0.328  0.024 -0.074 137 166 111
-0.327  0.022 -0.072 148 160 115
-0.325  0.021 -0.070 142 111 94
-0.324  0.019 -0.069 165 93 85
-0.323  0.018 -0.068 172 94 89
-0.321  0.016 -0.068 164 87 87
-0.320  0.015 -0.067 151 81 80
-0.319  0.013 -0.066 147 90 88
-0.317  0.012 -0.066 141 150 109
-0.316  0.010 -0.069 134 160 136
-0.315  0.008 -0.071 116 125 138
-0.314  0.006 -0.075 114 130 145
-0.312  0.004 -0.081 136 165 148
-0.311  0.002 -0.085 132 154 145
-0.310  0.001 -0.089 142 157 131
-0.308 -0.001 -0.092 155 169 135
-0.307 -0.003 -0.096 166 178 146
-0.337  0.036 -0.089 147 130 99
-0.335  0.035 -0.086 139 125 96
-0.334  0.033 -0.084 134 122 99
-0.332  0.031 -0.082 128 119 100
-0.331  0.030 -0.080 119 127 99
-0.330  0.028 -0.079 116 135 97
-0.328  0.027 -0.078 124 139 92
-0.327  0.025 -0.078 126 155 106
-0.325  0.024 -0.076 129 142 103
-0.324  0.022 -0.074 126 109 88
-0.323  0.020 -0.073 160 94 76
-0.321  0.019 -0.072 163 90 79
-0.320  0.017 -0.072 159 81 77
-0.319  0.016 -0.072 160 78 80
-0.317  0.014 -0.071 174 92 90
-0.316  0.013 -0.071 166 139 106
-0.315  0.011 -0.073 160 156 128
-0.313  0.009 -0.075 128 118 126
-0.312  0.007 -0.077 111 124 139
-0.311  0.005 -0.085 116 127 144
-0.309  0.004 -0.089 124 134 151
-0.308  0.002 -0.093 146 153 144
-0.307 -0.000 -0.095 162 166 146
-0.305 -0.002 -0.100 174 175 151
-0.334  0.036 -0.089 145 130 98
-0.332  0.034 -0.086 140 127 97
-0.331  0.033 -0.084 136 125 98
-0.329  0.031 -0.082 128 141 94
-0.328  0.030 -0.081 122 146 96
-0.327  0.028 -0.081 119 143 95
-0.325  0.026 -0.080 121 149 97
-0.324  0.025 -0.080 122 124 91
-0.323  0.023 -0.079 129 106 84
-0.321  0.022 -0.078 165 99 77
-0.320  0.020 -0.078 172 93 78
-0.319  0.018 -0.077 167 83 77
-0.317  0.017 -0.077 180 82 80
-0.316  0.015 -0.075 196 94 93
-0.315  0.014 -0.075 199 108 102
-0.313  0.012 -0.077 185 116 107
-0.312  0.010 -0.079 138 112 119
-0.311  0.009 -0.082 113 120 133
-0.309  0.006 -0.091 116 129 148
-0.308  0.005 -0.095 125 140 162
-0.306  0.003 -0.097 148 153 153
-0.305  0.001 -0.099 168 164 148
-0.304 -0.001 -0.102 187 173 149
-0.331  0.036 -0.089 141 129 100
-0.329  0.034 -0.086 134 130 99
-0.328  0.032 -0.085 127 142 95
-0.327  0.031 -0.084 127 153 95
-0.325  0.029 -0.084 127 154 101
-0.324  0.028 -0.083 121 147 99
-0.322  0.026 -0.083 125 129 95
-0.321  0.024 -0.082 135 105 87
-0.320  0.023 -0.081 173 103 79
-0.318  0.021 -0.081 188 97 78
-0.317  0.020 -0.081 197 96 78
-0.316  0.018 -0.081 210 97 81
-0.314  0.016 -0.079 223 105 92
-0.313  0.015 -0.079 227 128 109
-0.312  0.013 -0.080 185 127 114
-0.310  0.011 -0.082 140 119 125
-0.309  0.010 -0.085 116 123 142
-0.308  0.008 -0.091 114 131 155
-0.306  0.006 -0.095 121 140 161
-0.305  0.004 -0.099 149 155 154
-0.303  0.002 -0.102 175 166 150
-0.328  0.035 -0.087 144 132 100
-0.326  0.034 -0.085 134 136 103
-0.325  0.032 -0.085 135 154 101
-0.324  0.031 -0.085 141 169 113
-0.322  0.029 -0.085 141 173 121
-0.321  0.027 -0.086 137 126 107
-0.320  0.026 -0.085 139 113 94
-0.318  0.024 -0.085 175 103 85
-0.317  0.022 -0.085 195 101 78
-0.316  0.021 -0.085 211 101 78
-0.314  0.019 -0.085 224 108 82
-0.313  0.018 -0.084 235 117 91
-0.311  0.016 -0.084 225 130 104
-0.310  0.014 -0.085 177 127 116
-0.309  0.013 -0.087 149 128 129
-0.307  0.011 -0.089 131 129 140
-0.306  0.009 -0.095 125 131 150
-0.305  0.007 -0.098 140 143 152
-0.303  0.005 -0.101 168 162 150
-0.325  0.035 -0.086 153 140 115
-0.323  0.033 -0.086 145 143 113
-0.322  0.032 -0.086 151 146 112
-0.321  0.030 -0.086 154 148 115
-0.319  0.029 -0.086 152 139 113
-0.318  0.027 -0.086 149 134 109
-0.317  0.025 -0.086 172 118 103
-0.315  0.024 -0.087 195 105 89
-0.314  0.022 -0.087 215 103 83
-0.313  0.020 -0.088 229 109 85
-0.311  0.019 -0.087 228 123 97
-0.310  0.017 -0.087 199 133 111
-0.309  0.015 -0.088 172 138 124
-0.307  0.014 -0.090 161 143 135
-0.306  0.012 -0.092 156 149 142
-0.304  0.010 -0.099 162 151 146
-0.321  0.033 -0.087 164 147 120
-0.319  0.032 -0.087 153 147 116
-0.318  0.030 -0.087 157 140 118
-0.316  0.028 -0.087 157 141 117
-0.315  0.027 -0.088 161 136 118
-0.314  0.025 -0.089 177 134 114
-0.312  0.023 -0.090 193 130 106
-0.311  0.022 -0.091 199 129 107
-0.310  0.020 -0.090 194 137 120
-0.308  0.018 -0.091 183 144 128

