-0.525  0.104 -0.215 226 189 125
-0.526  0.101 -0.219 228 189 111
-0.525  0.098 -0.219 222 185 105
-0.524  0.095 -0.219 223 183 107
-0.523  0.093 -0.219 224 184 106
-0.522  0.090 -0.219 224 181 102
-0.522  0.087 -0.219 219 178 100
-0.521  0.084 -0.219 218 177 100
-0.401  0.130  0.076 223 179 99
-0.399  0.129  0.079 224 181 103
-0.398  0.128  0.081 223 183 106
-0.397  0.127  0.082 224 184 107
-0.396  0.126  0.083 226 188 109
-0.395  0.125  0.086 229 189 115
-0.405  0.146  0.072 220 182 110
-0.405  0.144  0.072 221 179 98
-0.404  0.143  0.072 230 175 85
-0.404  0.141  0.073 233 174 72
-0.403  0.140  0.073 230 173 68
-0.403  0.138  0.073 231 174 68
-0.402  0.137  0.074 232 179 70
-0.401  0.135  0.075 232 176 70
-0.400  0.134  0.076 231 177 69
-0.399  0.132  0.077 230 176 70
-0.399  0.131  0.077 230 178 70
-0.398  0.130  0.079 231 178 71
-0.396  0.129  0.081 232 179 72
-0.395  0.127  0.083 233 176 71
-0.394  0.126  0.084 234 178 73
-0.393  0.125  0.086 232 176 78
-0.392  0.124  0.087 228 179 91
-0.392  0.122  0.088 224 182 104
-0.391  0.121  0.088 224 185 114
-0.403  0.150  0.076 223 182 102
-0.403  0.148  0.074 222 179 90
-0.403  0.146  0.073 228 172 69
-0.402  0.145  0.074 231 175 67
-0.402  0.143  0.073 233 174 69
-0.401  0.142  0.074 232 175 69
-0.401  0.140  0.075 231 176 69
-0.400  0.139  0.075 231 174 67
-0.399  0.137  0.076 232 177 69
-0.399  0.136  0.076 232 175 67
-0.398  0.135  0.077 233 178 67
-0.397  0.133  0.078 233 177 69
-0.397  0.132  0.078 232 178 70
-0.396  0.130  0.080 232 178 69
-0.395  0.129  0.082 233 179 69
-0.394  0.128  0.083 232 179 70
-0.393  0.127  0.084 233 179 70
-0.392  0.126  0.086 234 178 69
-0.391  0.124  0.087 233 178 69
-0.390  0.123  0.087 232 175 71
-0.390  0.121  0.088 229 175 76
-0.389  0.120  0.088 228 179 89
-0.389  0.119  0.088 225 184 106
-0.389  0.117  0.086 225 190 123
-0.402  0.156  0.078 211 141 115
-0.402  0.155  0.077 224 169 110
-0.402  0.153  0.077 225 182 105
-0.401  0.152  0.077 228 175 86
-0.401  0.150  0.076 233 178 68
-0.401  0.148  0.075 230 179 71
-0.401  0.147  0.075 232 176 70
-0.401  0.145  0.075 233 176 68
-0.400  0.144  0.075 232 176 68
-0.399  0.142  0.076 233 174 68
-0.399  0.141  0.076 232 177 70
-0.398  0.139  0.076 230 177 69
-0.397  0.138  0.077 232 177 68
-0.397  0.137  0.077 231 176 68
-0.396  0.135  0.078 231 180 69
-0.395  0.134  0.079 232 178 69
-0.395  0.132  0.079 234 175 69
-0.394  0.131  0.081 233 179 68
-0.393  0.130  0.083 232 178 67
-0.392  0.129  0.084 231 179 71
-0.391  0.127  0.085 232 179 69
-0.390  0.126  0.086 233 179 70
-0.389  0.125  0.087 232 179 68
-0.389  0.123  0.087 232 177 71
-0.388  0.122  0.087 232 176 71
-0.388  0.120  0.087 232 177 72
-0.388  0.119  0.087 229 176 74
-0.388  0.117  0.086 226 176 87
-0.387  0.116  0.086 223 181 106
-0.401  0.158  0.078 196 125 91
-0.401  0.157  0.078 207 142 83
-0.400  0.155  0.077 228 166 73
-0.400  0.154  0.077 233 174 71
-0.400  0.152  0.077 234 175 68
-0.400  0.151  0.076 235 179 69
-0.400  0.149  0.075 232 175 69
-0.399  0.147  0.075 232 176 70
-0.398  0.146  0.076 230 174 68
-0.398  0.144  0.076 234 178 68
-0.397  0.143  0.077 234 175 67
-0.397  0.142  0.077 234 174 68
-0.396  0.140  0.078 230 178 68
-0.395  0.139  0.078 233 176 66
-0.395  0.137  0.079 232 175 67
-0.394  0.136  0.079 231 180 69
-0.393  0.135  0.080 233 178 67
-0.393  0.133  0.080 234 177 68
-0.392  0.132  0.082 234 180 67
-0.391  0.131  0.084 233 178 68
-0.390  0.129  0.085 232 179 69
-0.389  0.128  0.085 233 179 70
-0.388  0.127  0.086 232 179 70
-0.388  0.125  0.086 232 178 69
-0.388  0.123  0.086 231 178 72
-0.387  0.122  0.086 233 177 69
-0.387  0.121  0.086 234 178 69
-0.387  0.119  0.086 231 177 71
-0.386  0.118  0.085 229 174 73
-0.386  0.116  0.086 226 173 77
-0.385  0.115  0.085 225 180 92
-0.385  0.113  0.085 225 185 112
-0.399  0.159  0.078 201 134 70
-0.399  0.157  0.078 220 167 71
-0.399  0.156  0.077 231 174 69
-0.399  0.154  0.077 233 176 70
-0.398  0.153  0.077 235 173 69
-0.398  0.151  0.077 234 178 71
-0.398  0.149  0.076 232 175 68
-0.397  0.148  0.076 232 174 68
-0.396  0.147  0.077 230 173 67
-0.396  0.145  0.077 233 175 67
-0.395  0.144  0.078 234 178 67
-0.394  0.142  0.079 234 176 68
-0.394  0.141  0.079 233 177 67
-0.393  0.139  0.080 233 178 67
-0.392  0.138  0.081 233 178 68
-0.392  0.137  0.081 234 180 68
-0.391  0.135  0.082 234 178 67
-0.390  0.134  0.083 234 179 69
-0.389  0.133  0.084 234 179 68
-0.389  0.131  0.085 234 178 69
-0.388  0.130  0.086 234 179 68
-0.387  0.128  0.086 234 178 71
-0.387  0.127  0.087 233 178 70
-0.386  0.126  0.086 232 177 70
-0.386  0.124  0.086 232 178 71
-0.386  0.122  0.086 233 178 69
-0.385  0.121  0.086 235 179 70
-0.385  0.119  0.085 234 179 71
-0.385  0.118  0.085 232 178 72
-0.384  0.116  0.085 231 176 74
-0.384  0.115  0.085 230 176 72
-0.383  0.113  0.085 229 176 79
-0.383  0.112  0.084 224 182 105
-0.398  0.161  0.079 205 157 101
-0.398  0.159  0.079 222 163 65
-0.397  0.158  0.078 228 173 67
-0.397  0.156  0.078 230 171 68
-0.397  0.155  0.077 233 178 70
-0.396  0.153  0.077 234 174 69
-0.396  0.152  0.077 233 177 73
-0.395  0.150  0.077 234 174 66
-0.395  0.149  0.078 236 176 67
-0.394  0.147  0.079 234 175 67
-0.393  0.146  0.079 234 178 67
-0.393  0.144  0.080 235 180 67
-0.392  0.143  0.080 236 177 66
-0.391  0.142  0.081 234 177 66
-0.391  0.140  0.082 234 178 67
-0.390  0.139  0.082 233 178 68
-0.389  0.137  0.083 234 179 69
-0.389  0.136  0.084 235 178 69
-0.388  0.135  0.085 235 182 69
-0.387  0.133  0.086 235 179 68
-0.386  0.132  0.087 235 179 69
-0.386  0.131  0.087 235 179 70
-0.385  0.129  0.087 234 177 71
-0.385  0.128  0.087 233 178 71
-0.385  0.126  0.087 232 177 69
-0.384  0.125  0.086 234 179 70
-0.384  0.123  0.086 235 179 70
-0.384  0.121  0.085 235 179 72
-0.384  0.120  0.085 234 181 72
-0.383  0.118  0.084 234 181 72
-0.383  0.117  0.085 235 178 72
-0.383  0.115  0.084 234 177 69
-0.382  0.114  0.085 231 176 69
-0.382  0.112  0.084 229 175 77
-0.381  0.111  0.085 227 182 104
-0.396  0.161  0.080 213 161 82
-0.395  0.160  0.080 230 173 66
-0.395  0.158  0.079 233 173 68
-0.395  0.157  0.079 233 175 67
-0.395  0.155  0.079 235 176 69
-0.394  0.154  0.079 234 175 69
-0.394  0.152  0.079 234 175 69
-0.393  0.151  0.079 235 176 67
-0.392  0.149  0.080 237 179 68
-0.392  0.148  0.081 234 177 66
-0.391  0.147  0.081 234 181 68
-0.390  0.145  0.082 235 178 67
-0.389  0.144  0.083 235 176 67
-0.389  0.142  0.084 234 178 67
-0.388  0.141  0.084 235 179 67
-0.388  0.140  0.085 234 178 66
-0.387  0.138  0.085 234 176 68
-0.386  0.137  0.086 235 176 67
-0.386  0.135  0.086 235 179 70
-0.385  0.134  0.087 236 177 69
-0.384  0.133  0.088 235 178 69
-0.384  0.131  0.088 233 178 70
-0.383  0.130  0.088 232 176 69
-0.383  0.128  0.088 233 178 70
-0.383  0.127  0.087 234 179 68
-0.383  0.125  0.087 236 178 70
-0.383  0.123  0.086 235 178 71
-0.382  0.122  0.085 235 180 73
-0.382  0.120  0.085 235 181 72
-0.382  0.119  0.084 236 182 71
-0.381  0.117  0.084 236 180 71
-0.381  0.116  0.084 235 178 69
-0.381  0.114  0.084 234 178 69
-0.380  0.113  0.084 233 177 71
-0.380  0.111  0.084 234 178 79
-0.379  0.110  0.084 232 185 106
-0.395  0.166  0.080 200 123 105
-0.395  0.165  0.080 193 135 94
-0.394  0.163  0.080 202 143 85
-0.394  0.162  0.080 230 172 67
-0.394  0.160  0.080 234 174 65
-0.393  0.159  0.080 234 176 67
-0.393  0.157  0.080 236 176 69
-0.393  0.156  0.080 236 176 68
-0.392  0.154  0.081 233 177 68
-0.391  0.153  0.081 232 175 65
-0.391  0.151  0.081 235 178 66
-0.390  0.150  0.082 235 176 67
-0.389  0.149  0.083 235 176 65
-0.389  0.147  0.083 233 177 67
-0.388  0.146  0.084 234 176 67
-0.387  0.144  0.085 234 175 66
-0.387  0.143  0.085 236 177 66
-0.386  0.142  0.085 235 177 65
-0.386  0.140  0.086 234 176 65
-0.385  0.139  0.087 234 178 69
-0.384  0.137  0.087 235 177 69
-0.384  0.136  0.087 236 181 69
-0.383  0.135  0.088 237 178 67
-0.382  0.133  0.089 233 177 69
-0.382  0.132  0.089 232 174 69
-0.382  0.130  0.089 231 172 68
-0.381  0.129  0.089 234 179 69
-0.381  0.127  0.088 234 179 67
-0.381  0.126  0.087 236 178 71
-0.381  0.124  0.086 235 177 72
-0.381  0.122  0.086 235 178 73
-0.381  0.121  0.085 235 179 72
-0.380  0.119  0.084 236 181 70
-0.380  0.118  0.084 235 181 71
-0.380  0.116  0.084 235 180 71
-0.379  0.115  0.084 235 178 70
-0.379  0.113  0.083 234 179 71
-0.378  0.112  0.084 237 179 72
-0.378  0.110  0.084 237 181 82
-0.378  0.109  0.084 232 186 111
-0.393  0.167  0.081 188 146 111
-0.393  0.165  0.081 180 138 91
-0.393  0.164  0.081 217 160 68
-0.392  0.162  0.081 234 177 68
-0.392  0.161  0.081 234 172 67
-0.391  0.159  0.081 234 180 69
-0.391  0.158  0.081 234 176 69
-0.390  0.156  0.081 233 177 68
-0.390  0.155  0.082 233 176 65
-0.389  0.153  0.082 233 180 67
-0.389  0.152  0.083 234 177 66
-0.388  0.151  0.083 233 175 65
-0.387  0.149  0.084 233 176 63
-0.386  0.148  0.085 234 174 65
-0.386  0.146  0.086 234 180 67
-0.385  0.145  0.086 233 178 67
-0.384  0.144  0.087 235 179 65
-0.384  0.142  0.088 235 176 65
-0.383  0.141  0.088 234 178 67
-0.383  0.140  0.089 232 179 69
-0.382  0.138  0.089 234 176 70
-0.381  0.137  0.089 235 181 68
-0.381  0.135  0.089 236 176 66
-0.381  0.134  0.090 233 177 68
-0.380  0.132  0.090 232 177 69
-0.380  0.131  0.090 232 175 68
-0.379  0.129  0.089 236 177 68
-0.379  0.128  0.088 234 179 70
-0.379  0.126  0.087 233 178 71
-0.379  0.125  0.086 234 177 73
-0.379  0.123  0.086 234 177 70
-0.379  0.121  0.085 234 181 71
-0.379  0.120  0.084 235 181 71
-0.378  0.118  0.084 235 180 70
-0.378  0.117  0.084 235 181 71
-0.378  0.115  0.083 235 179 70
-0.377  0.114  0.083 235 177 69
-0.377  0.112  0.084 238 179 70
-0.377  0.111  0.083 238 179 73
-0.376  0.109  0.083 238 182 85
-0.391  0.166  0.082 198 143 87
-0.390  0.164  0.082 227 170 63
-0.390  0.163  0.082 235 179 68
-0.390  0.161  0.082 236 176 68
-0.389  0.160  0.082 233 176 67
-0.389  0.158  0.083 233 178 69
-0.388  0.157  0.083 231 173 67
-0.388  0.156  0.083 233 178 67
-0.387  0.154  0.084 235 177 66
-0.386  0.153  0.084 234 178 65
-0.386  0.151  0.085 235 175 63
-0.385  0.150  0.086 234 177 65
-0.384  0.148  0.086 235 176 67
-0.384  0.147  0.087 235 180 68
-0.383  0.146  0.088 236 176 65
-0.382  0.144  0.089 237 182 65
-0.382  0.143  0.089 238 178 63
-0.381  0.142  0.090 235 176 66
-0.381  0.140  0.090 233 178 68
-0.380  0.139  0.090 233 178 69
-0.380  0.137  0.090 234 177 67
-0.379  0.136  0.091 235 175 65
-0.379  0.135  0.091 233 177 68
-0.378  0.133  0.090 234 179 68
-0.378  0.132  0.090 234 177 66
-0.378  0.130  0.089 237 176 67
-0.378  0.128  0.088 235 177 70
-0.378  0.127  0.088 234 179 70
-0.378  0.125  0.087 233 177 70
-0.377  0.123  0.086 234 178 70
-0.377  0.122  0.085 233 181 71
-0.377  0.120  0.083 234 181 71
-0.377  0.119  0.084 235 180 69
-0.377  0.117  0.083 236 181 70
-0.376  0.115  0.083 236 181 69
-0.376  0.114  0.083 236 179 70
-0.375  0.113  0.083 238 179 69
-0.375  0.111  0.083 238 179 69
-0.375  0.110  0.083 239 180 74
-0.374  0.108  0.084 235 190 102
-0.389  0.166  0.083 213 162 86
-0.389  0.165  0.083 232 175 64
-0.388  0.163  0.083 237 177 65
-0.388  0.162  0.083 235 177 68
-0.387  0.160  0.084 235 178 67
-0.387  0.159  0.084 235 178 69
-0.386  0.158  0.085 233 177 69
-0.385  0.156  0.085 235 176 66
-0.385  0.155  0.086 234 175 65
-0.384  0.153  0.086 236 178 63
-0.383  0.152  0.087 234 177 63
-0.383  0.151  0.088 234 176 65
-0.382  0.149  0.088 237 176 67
-0.382  0.148  0.089 236 177 68
-0.381  0.146  0.090 238 173 64
-0.380  0.145  0.090 237 181 63
-0.380  0.144  0.091 236 181 64
-0.379  0.142  0.091 235 178 64
-0.379  0.141  0.091 234 177 65
-0.378  0.139  0.092 236 177 68
-0.378  0.138  0.091 235 176 68
-0.377  0.137  0.091 234 177 66
-0.377  0.135  0.091 234 178 68
-0.377  0.134  0.091 235 180 68
-0.376  0.132  0.090 236 178 66
-0.376  0.130  0.090 239 179 68
-0.376  0.129  0.089 236 178 69
-0.376  0.127  0.088 236 180 70
-0.376  0.126  0.087 234 177 68
-0.376  0.124  0.086 235 179 70
-0.376  0.122  0.085 234 182 71
-0.376  0.121  0.084 233 182 71
-0.375  0.119  0.084 234 180 68
-0.375  0.118  0.083 238 181 70
-0.375  0.116  0.083 238 181 71
-0.374  0.114  0.083 237 181 70
-0.374  0.113  0.083 238 179 68
-0.374  0.112  0.083 238 179 67
-0.373  0.110  0.083 239 179 69
-0.372  0.109  0.084 239 186 86
-0.387  0.167  0.084 219 164 88
-0.387  0.165  0.084 235 177 65
-0.386  0.164  0.084 237 179 66
-0.386  0.162  0.084 237 178 65
-0.385  0.161  0.085 238 175 66
-0.384  0.160  0.086 235 173 66
-0.384  0.158  0.086 235 179 69
-0.383  0.157  0.087 236 174 66
-0.382  0.155  0.088 233 174 68
-0.382  0.154  0.088 234 176 65
-0.381  0.153  0.089 235 177 65
-0.381  0.151  0.089 233 176 65
-0.380  0.150  0.090 235 179 70
-0.379  0.148  0.090 236 177 69
-0.379  0.147  0.091 236 176 66
-0.378  0.146  0.092 236 176 65
-0.378  0.144  0.092 235 178 66
-0.377  0.143  0.092 236 178 66
-0.377  0.141  0.092 234 177 67
-0.376  0.140  0.092 234 180 70
-0.376  0.138  0.092 236 178 67
-0.376  0.137  0.091 233 178 67
-0.375  0.136  0.091 234 176 69
-0.375  0.134  0.090 236 181 71
-0.375  0.132  0.090 238 178 68
-0.375  0.131  0.089 238 182 71
-0.374  0.129  0.089 235 182 70
-0.374  0.128  0.089 236 178 68
-0.374  0.126  0.088 237 176 67
-0.374  0.125  0.087 236 179 69
-0.374  0.123  0.086 234 179 69
-0.374  0.121  0.085 234 180 69
-0.374  0.120  0.084 234 180 70
-0.373  0.118  0.084 237 179 70
-0.373  0.116  0.083 236 179 69
-0.373  0.115  0.083 236 180 69
-0.372  0.114  0.083 237 179 68
-0.372  0.112  0.083 238 180 68
-0.371  0.111  0.083 238 179 70
-0.371  0.109  0.084 241 182 78
-0.370  0.108  0.085 234 187 106
-0.385  0.167  0.085 221 163 86
-0.385  0.166  0.085 234 177 67
-0.384  0.164  0.085 236 178 64
-0.384  0.163  0.085 237 174 62
-0.383  0.162  0.087 238 176 65
-0.382  0.160  0.087 235 176 66
-0.382  0.159  0.088 236 177 67
-0.381  0.157  0.089 236 177 69
-0.380  0.156  0.089 234 176 66
-0.380  0.155  0.089 236 175 65
-0.379  0.153  0.090 235 176 66
-0.379  0.152  0.091 234 177 66
-0.378  0.150  0.091 234 177 69
-0.377  0.149  0.092 235 178 68
-0.377  0.148  0.093 237 178 67
-0.376  0.146  0.093 235 179 68
-0.376  0.145  0.093 235 176 65
-0.375  0.144  0.094 235 177 65
-0.375  0.142  0.093 233 177 65
-0.374  0.141  0.093 236 179 70
-0.374  0.139  0.093 236 177 68
-0.374  0.138  0.092 234 177 68
-0.374  0.136  0.091 235 175 66
-0.374  0.134  0.091 235 179 69
-0.373  0.133  0.090 236 182 70
-0.373  0.131  0.090 236 181 70
-0.373  0.130  0.089 236 180 68
-0.372  0.128  0.089 237 179 67
-0.372  0.127  0.088 237 178 68
-0.372  0.125  0.088 236 179 69
-0.372  0.124  0.087 236 179 70
-0.372  0.122  0.085 236 180 70
-0.372  0.120  0.084 235 181 70
-0.372  0.119  0.084 237 182 69
-0.372  0.117  0.083 236 181 68
-0.371  0.115  0.083 235 180 69
-0.371  0.114  0.084 237 181 70
-0.370  0.113  0.083 238 179 68
-0.370  0.111  0.083 237 179 69
-0.369  0.110  0.084 242 182 74
-0.368  0.109  0.085 238 186 95
-0.384  0.168  0.085 224 161 80
-0.383  0.166  0.086 232 176 69
-0.382  0.165  0.086 233 171 63
-0.382  0.163  0.086 236 175 63
-0.381  0.162  0.088 238 176 66
-0.380  0.161  0.089 237 179 64
-0.379  0.159  0.090 239 179 67
-0.379  0.158  0.090 237 175 66
-0.378  0.157  0.091 234 178 66
-0.378  0.155  0.091 236 175 65
-0.377  0.154  0.093 235 177 66
-0.376  0.152  0.093 236 177 65
-0.376  0.151  0.093 235 177 69
-0.375  0.150  0.094 234 175 66
-0.375  0.148  0.094 235 178 67
-0.374  0.147  0.095 236 179 66
-0.374  0.146  0.095 237 176 65
-0.373  0.144  0.095 235 176 65
-0.373  0.143  0.095 234 177 67
-0.373  0.141  0.094 234 178 70
-0.372  0.140  0.094 235 179 71
-0.372  0.138  0.093 232 177 68
-0.372  0.137  0.092 234 177 65
-0.372  0.135  0.092 236 179 68
-0.372  0.134  0.091 236 177 67
-0.372  0.132  0.090 237 176 67
-0.371  0.130  0.090 238 179 69
-0.371  0.129  0.089 238 180 68
-0.371  0.127  0.089 237 180 71
-0.371  0.126  0.088 238 178 70
-0.370  0.124  0.087 238 177 69
-0.371  0.122  0.085 235 181 69
-0.370  0.121  0.085 236 180 67
-0.370  0.119  0.084 236 183 69
-0.370  0.118  0.084 236 182 69
-0.370  0.116  0.083 236 182 68
-0.369  0.115  0.084 237 182 70
-0.369  0.113  0.083 238 179 68
-0.368  0.112  0.084 237 180 71
-0.367  0.111  0.085 242 182 74
-0.367  0.109  0.086 240 185 95
-0.382  0.168  0.086 218 162 81
-0.381  0.167  0.086 230 171 64
-0.381  0.165  0.086 234 174 66
-0.380  0.164  0.087 238 171 63
-0.379  0.163  0.089 241 177 65
-0.378  0.161  0.090 237 180 66
-0.378  0.160  0.091 237 177 65
-0.377  0.158  0.091 238 176 64
-0.376  0.157  0.092 235 178 65
-0.376  0.156  0.093 236 177 65
-0.375  0.154  0.094 238 179 61
-0.374  0.153  0.094 236 178 66
-0.374  0.152  0.095 233 177 67
-0.373  0.150  0.095 234 179 68
-0.373  0.149  0.095 236 177 65
-0.372  0.148  0.096 237 181 66
-0.372  0.146  0.096 238 178 64
-0.371  0.145  0.096 237 178 64
-0.371  0.143  0.096 237 177 67
-0.371  0.142  0.096 235 177 65
-0.370  0.140  0.095 237 178 65
-0.370  0.139  0.094 235 179 67
-0.370  0.137  0.093 235 176 69
-0.370  0.136  0.092 236 182 71
-0.370  0.134  0.091 235 178 67
-0.370  0.132  0.090 236 178 67
-0.370  0.131  0.090 237 178 68
-0.369  0.129  0.089 237 178 68
-0.369  0.128  0.089 236 179 69
-0.369  0.126  0.088 236 178 68
-0.369  0.125  0.087 238 178 70
-0.369  0.123  0.085 236 179 69
-0.369  0.121  0.085 237 180 67
-0.369  0.120  0.084 238 182 70
-0.368  0.118  0.084 238 182 68
-0.368  0.117  0.083 238 183 68
-0.367  0.115  0.084 237 181 67
-0.367  0.114  0.084 237 181 69
-0.367  0.112  0.084 238 179 71
-0.366  0.111  0.085 243 182 73
-0.365  0.110  0.086 240 187 93
-0.380  0.169  0.086 215 159 85
-0.380  0.167  0.086 229 169 60
-0.379  0.166  0.087 234 176 66
-0.378  0.164  0.087 238 170 61
-0.377  0.163  0.089 239 172 63
-0.376  0.162  0.091 240 176 64
-0.376  0.160  0.092 240 179 65
-0.375  0.159  0.092 239 178 63
-0.374  0.158  0.093 238 181 66
-0.374  0.156  0.094 237 179 65
-0.373  0.155  0.095 237 178 66
-0.372  0.154  0.096 236 181 67
-0.372  0.152  0.096 237 178 66
-0.371  0.151  0.096 237 180 68
-0.371  0.150  0.097 239 179 67
-0.370  0.148  0.098 239 177 64
-0.370  0.147  0.097 237 181 66
-0.369  0.145  0.098 237 178 66
-0.369  0.144  0.097 238 175 66
-0.369  0.142  0.097 235 178 66
-0.369  0.141  0.096 237 177 64
-0.369  0.139  0.095 238 180 68
-0.368  0.138  0.094 237 178 68
-0.368  0.136  0.093 237 178 68
-0.368  0.135  0.092 235 176 68
-0.368  0.133  0.091 236 180 67
-0.368  0.131  0.090 236 181 67
-0.368  0.130  0.089 238 181 68
-0.368  0.128  0.089 237 180 70
-0.368  0.127  0.088 236 180 70
-0.367  0.125  0.087 237 179 69
-0.367  0.123  0.086 236 180 69
-0.367  0.122  0.085 238 179 68
-0.367  0.120  0.084 238 180 68
-0.367  0.119  0.084 239 182 68
-0.366  0.117  0.084 238 183 70
-0.366  0.116  0.084 238 181 68
-0.366  0.114  0.084 237 180 69
-0.365  0.113  0.084 237 180 70
-0.364  0.112  0.085 242 183 73
-0.364  0.110  0.086 239 188 94
-0.379  0.169  0.085 211 156 89
-0.378  0.168  0.086 221 161 59
-0.377  0.166  0.087 231 173 69
-0.377  0.165  0.088 226 165 61
-0.375  0.164  0.090 233 170 62
-0.375  0.162  0.092 237 175 64
-0.374  0.161  0.093 239 178 65
-0.373  0.160  0.094 239 177 64
-0.372  0.158  0.095 238 178 64
-0.372  0.157  0.096 236 180 66
-0.371  0.156  0.097 238 178 68
-0.370  0.154  0.097 238 182 69
-0.370  0.153  0.098 240 180 65
-0.369  0.151  0.098 241 178 63
-0.369  0.150  0.099 239 180 68
-0.368  0.149  0.098 238 178 65
-0.368  0.147  0.098 236 179 66
-0.368  0.146  0.098 236 182 69
-0.368  0.144  0.097 238 178 66
-0.367  0.143  0.097 236 179 66
-0.367  0.141  0.096 237 179 67
-0.367  0.140  0.095 238 177 66
-0.367  0.138  0.094 239 177 66
-0.367  0.137  0.093 240 176 66
-0.367  0.135  0.092 238 179 68
-0.367  0.133  0.091 238 178 65
-0.366  0.132  0.091 237 181 69
-0.366  0.130  0.089 237 178 69
-0.366  0.129  0.089 236 177 70
-0.366  0.127  0.087 235 177 67
-0.366  0.125  0.086 236 179 68
-0.366  0.124  0.085 236 180 70
-0.366  0.122  0.084 238 180 71
-0.365  0.121  0.084 239 180 67
-0.365  0.119  0.084 238 182 70
-0.365  0.118  0.084 237 179 69
-0.364  0.116  0.084 238 178 68
-0.364  0.115  0.084 238 179 68
-0.363  0.113  0.084 237 180 70
-0.363  0.112  0.085 242 183 75
-0.362  0.111  0.085 238 186 97
-0.378  0.169  0.084 212 154 89
-0.377  0.168  0.085 212 151 65
-0.376  0.167  0.087 231 169 67
-0.375  0.165  0.088 227 168 68
-0.374  0.164  0.091 227 164 61
-0.373  0.163  0.093 234 177 68
-0.372  0.161  0.094 237 175 64
-0.371  0.160  0.096 240 175 65
-0.370  0.159  0.097 240 178 67
-0.370  0.157  0.097 238 179 66
-0.369  0.156  0.098 238 179 67
-0.368  0.155  0.098 239 180 66
-0.368  0.153  0.099 242 180 62
-0.368  0.152  0.099 241 179 63
-0.367  0.151  0.099 239 183 68
-0.367  0.149  0.099 238 180 64
-0.366  0.148  0.099 238 182 67
-0.366  0.146  0.098 237 180 66
-0.366  0.145  0.098 237 179 64
-0.366  0.143  0.097 235 179 64
-0.365  0.142  0.097 238 175 65
-0.365  0.140  0.096 236 179 66
-0.365  0.139  0.095 238 180 69
-0.365  0.137  0.094 237 178 66
-0.365  0.136  0.093 238 181 67
-0.365  0.134  0.092 238 179 67
-0.365  0.132  0.091 237 180 68
-0.365  0.131  0.090 237 178 68
-0.364  0.129  0.089 237 179 68
-0.365  0.128  0.087 236 180 67
-0.365  0.126  0.086 237 181 67
-0.364  0.124  0.085 239 182 67
-0.364  0.123  0.084 238 183 68
-0.364  0.121  0.084 238 182 69
-0.364  0.119  0.083 239 181 67
-0.363  0.118  0.084 238 179 68
-0.363  0.117  0.084 238 178 68
-0.362  0.115  0.084 238 179 67
-0.362  0.114  0.084 240 181 70
-0.361  0.112  0.084 247 188 79
-0.361  0.111  0.084 239 184 97
-0.377  0.170  0.082 209 154 87
-0.376  0.168  0.083 205 149 70
-0.375  0.167  0.085 222 159 56
-0.374  0.166  0.087 231 173 68
-0.372  0.164  0.090 231 169 65
-0.371  0.163  0.093 233 170 64
-0.370  0.162  0.095 238 178 64
-0.369  0.161  0.097 237 179 64
-0.368  0.159  0.098 236 178 64
-0.368  0.158  0.099 238 182 69
-0.367  0.157  0.100 238 175 66
-0.367  0.155  0.099 241 178 65
-0.366  0.154  0.100 239 181 65
-0.366  0.152  0.100 240 180 63
-0.365  0.151  0.100 239 180 66
-0.365  0.150  0.099 239 179 63
-0.365  0.148  0.099 239 182 65
-0.364  0.147  0.099 240 180 63
-0.364  0.145  0.098 237 178 65
-0.364  0.144  0.098 234 180 68
-0.364  0.142  0.097 236 179 67
-0.364  0.141  0.096 236 179 64
-0.364  0.139  0.095 236 179 67
-0.363  0.138  0.094 235 177 69
-0.363  0.136  0.094 237 179 67
-0.363  0.135  0.093 238 177 66
-0.363  0.133  0.092 238 181 65
-0.363  0.131  0.091 237 179 67
-0.363  0.130  0.090 235 180 68
-0.363  0.128  0.088 237 180 68
-0.363  0.126  0.086 237 182 70
-0.363  0.125  0.085 238 181 67
-0.363  0.123  0.084 239 180 67
-0.363  0.121  0.084 238 183 71
-0.362  0.120  0.084 239 181 69
-0.362  0.119  0.084 240 179 67
-0.361  0.117  0.084 239 180 67
-0.361  0.116  0.084 237 179 68
-0.360  0.114  0.084 244 183 74
-0.360  0.113  0.083 245 188 86
-0.360  0.111  0.083 237 185 103
-0.377  0.173  0.078 173 172 139
-0.377  0.171  0.079 162 147 117
-0.376  0.170  0.080 192 143 81
-0.375  0.169  0.082 202 147 76
-0.374  0.167  0.085 211 147 58
-0.373  0.166  0.086 225 163 57
-0.371  0.165  0.090 234 174 68
-0.370  0.164  0.093 233 173 67
-0.368  0.162  0.096 236 175 63
-0.367  0.161  0.098 238 178 66
-0.366  0.160  0.099 239 174 65
-0.366  0.159  0.100 239 177 64
-0.365  0.157  0.101 238 179 66
-0.365  0.156  0.101 243 181 64
-0.364  0.154  0.101 240 180 64
-0.364  0.153  0.101 240 179 67
-0.363  0.152  0.101 240 176 64
-0.363  0.150  0.100 239 179 66
-0.363  0.149  0.100 238 181 64
-0.363  0.147  0.099 237 178 64
-0.362  0.146  0.099 237 178 65
-0.362  0.144  0.098 237 180 69
-0.362  0.143  0.098 237 177 68
-0.362  0.141  0.097 238 180 65
-0.362  0.140  0.096 238 179 67
-0.361  0.138  0.096 238 176 66
-0.361  0.137  0.095 239 180 66
-0.361  0.135  0.094 236 181 66
-0.361  0.134  0.093 237 181 63
-0.361  0.132  0.091 237 181 66
-0.361  0.130  0.090 236 180 65
-0.361  0.129  0.088 237 179 67
-0.362  0.127  0.086 240 183 68
-0.361  0.125  0.085 237 182 67
-0.361  0.124  0.085 239 180 69
-0.361  0.122  0.084 239 179 68
-0.361  0.120  0.083 239 181 70
-0.360  0.119  0.084 239 180 69
-0.360  0.118  0.084 238 179 70
-0.359  0.116  0.084 239 180 74
-0.359  0.115  0.083 251 191 87
-0.359  0.113  0.082 241 186 95
-0.358  0.111  0.082 231 186 119
-0.377  0.173  0.076 172 139 115
-0.376  0.172  0.077 156 100 68
-0.375  0.170  0.078 190 138 78
-0.374  0.169  0.079 201 145 77
-0.373  0.168  0.083 202 146 66
-0.372  0.166  0.084 210 150 57
-0.370  0.165  0.089 225 165 59
-0.368  0.164  0.093 233 176 69
-0.367  0.163  0.096 236 174 68
-0.366  0.162  0.098 239 180 68
-0.365  0.160  0.100 239 175 67
-0.364  0.159  0.101 240 180 68
-0.363  0.158  0.102 239 179 65
-0.363  0.156  0.102 238 174 63
-0.363  0.155  0.102 240 181 66
-0.362  0.154  0.102 240 177 65
-0.362  0.152  0.102 240 180 65
-0.362  0.151  0.101 238 179 63
-0.361  0.149  0.101 240 180 63
-0.361  0.148  0.100 238 179 67
-0.361  0.146  0.099 237 178 66
-0.361  0.145  0.099 238 180 65
-0.360  0.143  0.098 237 178 66
-0.360  0.142  0.098 237 177 65
-0.360  0.140  0.097 238 180 68
-0.360  0.139  0.096 238 178 66
-0.360  0.137  0.095 237 177 64
-0.360  0.136  0.094 235 179 65
-0.359  0.134  0.094 239 182 66
-0.360  0.133  0.092 238 180 67
-0.359  0.131  0.091 237 180 68
-0.360  0.129  0.088 239 179 65
-0.360  0.127  0.086 240 180 66
-0.360  0.126  0.085 236 182 68
-0.360  0.124  0.084 237 180 67
-0.359  0.123  0.084 237 181 70
-0.359  0.121  0.084 237 181 71
-0.359  0.120  0.084 239 181 69
-0.358  0.118  0.084 240 182 72
-0.358  0.116  0.083 251 190 87
-0.358  0.115  0.083 249 200 102
-0.358  0.113  0.081 233 179 102
-0.376  0.174  0.073 172 136 111
-0.375  0.172  0.074 153 106 71
-0.374  0.171  0.075 182 128 77
-0.373  0.169  0.077 198 147 80
-0.372  0.168  0.080 200 140 67
-0.371  0.167  0.083 201 138 56
-0.369  0.165  0.087 209 150 53
-0.367  0.164  0.092 222 164 60
-0.365  0.163  0.095 235 176 64
-0.364  0.162  0.098 238 175 66
-0.363  0.161  0.100 238 181 69
-0.362  0.159  0.101 239 177 64
-0.362  0.158  0.102 240 176 64
-0.361  0.157  0.102 237 177 63
-0.361  0.155  0.102 242 176 66
-0.361  0.154  0.102 237 177 65
-0.360  0.153  0.102 239 180 66
-0.360  0.151  0.101 239 176 65
-0.360  0.150  0.101 238 177 62
-0.360  0.148  0.100 239 179 64
-0.359  0.147  0.100 239 178 64
-0.359  0.145  0.099 240 181 65
-0.359  0.144  0.099 239 179 65
-0.359  0.142  0.098 238 176 65
-0.358  0.141  0.097 239 173 64
-0.358  0.139  0.097 238 178 64
-0.358  0.138  0.096 240 180 65
-0.358  0.136  0.095 240 180 66
-0.358  0.135  0.094 240 178 65
-0.358  0.133  0.092 240 178 65
-0.358  0.131  0.091 239 180 68
-0.358  0.130  0.089 241 182 67
-0.359  0.128  0.086 241 180 66
-0.358  0.126  0.085 239 181 67
-0.358  0.125  0.085 237 179 66
-0.358  0.123  0.084 238 184 69
-0.358  0.121  0.083 238 180 68
-0.357  0.120  0.084 239 180 72
-0.357  0.118  0.083 251 191 88
-0.357  0.117  0.082 249 208 103
-0.357  0.115  0.081 234 182 91
-0.357  0.113  0.079 222 172 103
-0.375  0.174  0.071 167 127 107
-0.374  0.172  0.072 149 107 76
-0.374  0.171  0.073 162 118 77
-0.373  0.170  0.075 194 148 78
-0.371  0.168  0.078 196 143 68
-0.370  0.167  0.080 196 136 62
-0.368  0.166  0.086 200 137 52
-0.366  0.165  0.091 207 148 50
-0.364  0.164  0.095 220 163 57
-0.363  0.162  0.098 232 172 63
-0.362  0.161  0.100 236 175 68
-0.361  0.160  0.101 240 180 70
-0.360  0.159  0.102 239 179 68
-0.360  0.157  0.102 236 176 65
-0.359  0.156  0.103 240 176 66
-0.359  0.155  0.103 239 177 66
-0.359  0.153  0.103 238 180 67
-0.358  0.152  0.102 238 179 67
-0.358  0.150  0.102 238 179 66
-0.358  0.149  0.101 238 178 64
-0.358  0.147  0.100 240 177 62
-0.358  0.146  0.100 240 179 64
-0.357  0.144  0.099 239 178 66
-0.357  0.143  0.098 237 177 63
-0.357  0.141  0.098 238 176 65
-0.357  0.140  0.097 238 173 64
-0.356  0.138  0.096 238 177 67
-0.356  0.137  0.096 239 178 63
-0.356  0.135  0.095 241 182 66
-0.356  0.134  0.093 241 178 67
-0.356  0.132  0.091 240 182 68
-0.357  0.130  0.089 239 178 66
-0.357  0.128  0.086 240 180 67
-0.357  0.127  0.085 240 177 66
-0.357  0.125  0.085 239 178 67
-0.357  0.123  0.083 238 179 70
-0.356  0.122  0.083 240 180 78
-0.356  0.120  0.083 252 196 90
-0.356  0.119  0.082 250 198 97
-0.356  0.117  0.081 233 179 80
-0.356  0.115  0.079 222 165 85
-0.356  0.113  0.078 217 172 114
-0.374  0.174  0.070 171 114 90
-0.373  0.173  0.070 151 109 81
-0.372  0.171  0.072 152 114 80
-0.372  0.170  0.073 179 132 79
-0.370  0.169  0.077 194 139 71
-0.369  0.167  0.079 192 135 64
-0.367  0.166  0.084 192 131 58
-0.365  0.165  0.090 196 134 53
-0.363  0.164  0.095 204 143 51
-0.361  0.163  0.098 214 156 53
-0.360  0.162  0.100 226 168 62
-0.359  0.160  0.102 236 173 66
-0.359  0.159  0.103 238 177 68
-0.358  0.158  0.103 239 173 65
-0.358  0.156  0.103 239 175 67
-0.357  0.155  0.103 238 174 64
-0.357  0.154  0.103 237 178 66
-0.357  0.152  0.102 238 177 67
-0.356  0.151  0.102 239 176 66
-0.356  0.149  0.102 237 179 64
-0.356  0.148  0.101 237 178 63
-0.356  0.146  0.100 237 178 64
-0.356  0.145  0.100 240 176 64
-0.356  0.143  0.099 237 176 65
-0.355  0.142  0.099 237 177 66
-0.355  0.140  0.098 239 177 63
-0.355  0.139  0.096 237 178 63
-0.355  0.137  0.096 238 178 62
-0.355  0.136  0.095 238 179 63
-0.355  0.134  0.093 239 181 66
-0.355  0.132  0.091 241 180 64
-0.355  0.131  0.089 240 180 68
-0.355  0.129  0.086 236 178 65
-0.355  0.127  0.085 236 178 65
-0.355  0.125  0.084 236 177 68
-0.355  0.124  0.083 245 180 79
-0.355  0.122  0.082 251 211 100
-0.354  0.121  0.082 246 189 98
-0.354  0.119  0.081 234 174 77
-0.354  0.117  0.079 222 166 78
-0.354  0.115  0.078 216 165 93
-0.355  0.113  0.076 218 181 122
-0.373  0.175  0.069 170 111 80
-0.372  0.173  0.069 150 115 86
-0.371  0.172  0.071 147 110 79
-0.370  0.170  0.072 165 131 86
-0.369  0.169  0.076 187 136 68
-0.367  0.168  0.079 193 134 65
-0.366  0.166  0.083 188 131 63
-0.364  0.165  0.088 190 132 58
-0.362  0.164  0.093 194 130 52
-0.360  0.163  0.097 201 138 47
-0.359  0.162  0.099 209 149 50
-0.358  0.161  0.101 220 160 58
-0.357  0.159  0.102 232 172 63
-0.357  0.158  0.103 235 178 66
-0.356  0.157  0.104 235 173 66
-0.356  0.155  0.104 224 167 63
-0.355  0.154  0.104 232 176 63
-0.355  0.153  0.103 240 176 68
-0.355  0.151  0.103 240 176 64
-0.355  0.150  0.103 237 176 62
-0.354  0.148  0.102 238 179 65
-0.354  0.147  0.101 238 177 66
-0.354  0.145  0.100 239 179 67
-0.354  0.144  0.100 241 177 65
-0.354  0.142  0.099 238 177 65
-0.353  0.141  0.098 237 173 64
-0.353  0.139  0.097 238 178 66
-0.353  0.138  0.096 238 179 64
-0.353  0.136  0.095 239 180 64
-0.353  0.135  0.093 239 180 66
-0.353  0.133  0.092 238 180 66
-0.354  0.131  0.089 235 178 66
-0.354  0.129  0.087 238 181 69
-0.354  0.128  0.086 244 178 71
-0.354  0.126  0.085 247 190 81
-0.354  0.124  0.083 239 187 90
-0.353  0.123  0.082 240 178 79
-0.353  0.121  0.082 229 167 75
-0.353  0.119  0.080 218 156 76
-0.353  0.117  0.078 214 159 83
-0.353  0.115  0.076 215 166 102
-0.353  0.114  0.075 220 183 129
-0.371  0.175  0.068 198 155 98
-0.371  0.174  0.068 154 120 96
-0.370  0.172  0.069 143 107 79
-0.369  0.171  0.071 161 120 88
-0.368  0.169  0.074 172 131 83
-0.367  0.168  0.076 186 136 66
-0.365  0.167  0.079 187 132 63
-0.363  0.165  0.084 189 131 58
-0.361  0.164  0.091 187 127 55
-0.359  0.163  0.094 190 127 51
-0.358  0.162  0.097 194 132 49
-0.357  0.161  0.099 203 138 45
-0.357  0.160  0.100 213 152 55
-0.356  0.158  0.102 219 164 63
-0.355  0.157  0.103 228 174 67
-0.354  0.156  0.104 229 169 67
-0.354  0.155  0.104 234 179 67
-0.353  0.153  0.104 238 179 69
-0.353  0.152  0.104 237 176 66
-0.353  0.150  0.104 239 176 62
-0.353  0.149  0.103 240 178 66
-0.352  0.148  0.103 239 172 67
-0.352  0.146  0.101 239 175 69
-0.352  0.144  0.100 236 173 67
-0.352  0.143  0.099 236 177 69
-0.352  0.141  0.098 235 177 68
-0.352  0.140  0.097 236 175 67
-0.352  0.138  0.095 239 178 67
-0.352  0.137  0.094 239 180 67
-0.352  0.135  0.093 242 181 70
-0.352  0.133  0.092 242 180 69
-0.352  0.132  0.089 239 180 70
-0.352  0.130  0.088 238 185 74
-0.352  0.128  0.087 237 180 75
-0.352  0.127  0.085 235 172 71
-0.352  0.125  0.083 226 165 72
-0.352  0.123  0.082 220 159 75
-0.352  0.121  0.080 214 154 74
-0.352  0.120  0.079 210 153 77
-0.352  0.117  0.076 212 160 86
-0.353  0.115  0.074 208 168 111
-0.369  0.174  0.068 187 152 124
-0.369  0.172  0.069 157 109 84
-0.368  0.171  0.070 152 114 83
-0.367  0.170  0.072 164 119 90
-0.365  0.168  0.075 176 122 71
-0.364  0.167  0.077 185 133 63
-0.362  0.166  0.083 185 132 60
-0.360  0.165  0.088 187 129 55
-0.359  0.164  0.091 188 128 51
-0.358  0.162  0.094 188 127 50
-0.357  0.161  0.096 190 130 49
-0.356  0.160  0.098 193 133 48
-0.355  0.159  0.100 201 135 47
-0.354  0.157  0.102 208 145 51
-0.353  0.156  0.103 213 154 58
-0.352  0.155  0.104 218 163 62
-0.352  0.154  0.104 227 171 64
-0.352  0.152  0.104 232 176 67
-0.351  0.151  0.104 234 175 65
-0.351  0.149  0.102 235 176 67
-0.351  0.148  0.101 236 177 68
-0.351  0.146  0.100 236 174 68
-0.351  0.145  0.099 232 172 72
-0.351  0.143  0.098 220 159 66
-0.351  0.142  0.097 225 165 66
-0.351  0.140  0.096 235 176 68
-0.351  0.139  0.095 240 181 72
-0.351  0.137  0.093 241 181 72
-0.351  0.135  0.092 242 181 74
-0.351  0.134  0.090 241 180 73
-0.351  0.132  0.088 231 178 74
-0.351  0.130  0.087 223 170 75
-0.351  0.129  0.086 220 162 70
-0.351  0.127  0.085 217 156 67
-0.350  0.125  0.084 213 151 67
-0.350  0.124  0.082 209 147 70
-0.351  0.121  0.079 209 151 73
-0.351  0.120  0.078 210 157 79
-0.351  0.118  0.074 208 160 93
-0.351  0.116  0.072 205 170 121
-0.368  0.174  0.066 194 168 137
-0.367  0.173  0.067 164 114 84
-0.367  0.171  0.068 152 107 80
-0.366  0.170  0.070 179 117 86
-0.365  0.169  0.072 190 112 77
-0.364  0.167  0.074 186 121 64
-0.362  0.166  0.080 187 128 58
-0.360  0.165  0.084 185 128 56
-0.358  0.164  0.088 187 126 51
-0.357  0.163  0.091 184 128 54
-0.356  0.161  0.094 184 123 53
-0.355  0.160  0.095 186 130 53
-0.354  0.159  0.098 189 128 47
-0.353  0.158  0.100 191 125 47
-0.352  0.156  0.102 195 128 46
-0.351  0.155  0.103 198 136 47
-0.351  0.154  0.103 206 140 49
-0.350  0.153  0.103 212 147 51
-0.350  0.151  0.103 216 151 51
-0.350  0.150  0.101 218 155 54
-0.350  0.148  0.101 219 161 57
-0.350  0.147  0.100 221 163 59
-0.350  0.145  0.098 221 163 62
-0.350  0.143  0.097 217 161 62
-0.350  0.142  0.096 219 165 65
-0.350  0.140  0.095 221 170 68
-0.350  0.139  0.093 220 167 66
-0.350  0.137  0.092 220 163 65
-0.350  0.135  0.090 220 161 65
-0.350  0.134  0.088 222 158 60
-0.350  0.132  0.087 218 157 66
-0.350  0.130  0.085 214 154 71
-0.350  0.129  0.084 210 149 69
-0.350  0.127  0.082 206 146 66
-0.349  0.125  0.082 205 149 68
-0.349  0.124  0.081 206 149 70
-0.350  0.122  0.077 208 154 76
-0.350  0.120  0.075 206 158 86
-0.350  0.118  0.072 198 159 108
-0.367  0.175  0.064 191 164 141
-0.366  0.173  0.065 187 125 84
-0.366  0.172  0.066 176 114 84
-0.365  0.170  0.068 191 116 82
-0.364  0.169  0.070 195 107 75
-0.363  0.168  0.072 194 105 71
-0.362  0.166  0.073 189 115 61
-0.361  0.165  0.076 184 127 57
-0.360  0.163  0.078 184 128 53
-0.358  0.162  0.082 183 125 51
-0.357  0.161  0.084 184 125 53
-0.356  0.160  0.087 188 130 56
-0.353  0.159  0.096 187 129 51
-0.352  0.158  0.099 184 126 50
-0.351  0.157  0.100 186 123 47
-0.350  0.156  0.102 184 125 46
-0.350  0.154  0.102 187 130 48
-0.349  0.153  0.102 192 129 46
-0.349  0.151  0.102 200 137 46
-0.349  0.150  0.100 198 135 48
-0.349  0.149  0.101 199 137 48
-0.349  0.147  0.098 202 142 51
-0.349  0.145  0.096 205 142 52
-0.349  0.144  0.096 203 145 54
-0.349  0.142  0.095 204 145 53
-0.348  0.141  0.094 208 145 55
-0.348  0.139  0.092 207 145 56
-0.348  0.137  0.091 205 145 58
-0.349  0.136  0.089 200 142 62
-0.349  0.134  0.087 205 147 60
-0.349  0.132  0.086 204 146 64
-0.349  0.130  0.083 205 141 66
-0.348  0.129  0.083 206 145 64
-0.348  0.127  0.082 205 146 70
-0.348  0.126  0.080 205 149 73
-0.348  0.124  0.078 205 150 74
-0.349  0.122  0.075 205 157 83
-0.349  0.120  0.073 192 157 101
-0.366  0.175  0.062 191 164 141
-0.365  0.174  0.063 194 131 93
-0.365  0.172  0.064 184 122 99
-0.364  0.171  0.066 195 115 83
-0.363  0.169  0.068 195 108 72
-0.362  0.168  0.070 194 103 69
-0.361  0.166  0.070 195 101 65
-0.360  0.165  0.072 188 109 57
-0.359  0.164  0.075 183 117 52
-0.358  0.162  0.079 183 129 54
-0.356  0.161  0.082 186 125 50
-0.355  0.160  0.085 187 123 53
-0.352  0.159  0.094 186 128 54
-0.351  0.158  0.097 186 126 51
-0.350  0.157  0.099 185 126 49
-0.349  0.156  0.100 185 125 50
-0.349  0.155  0.101 186 121 49
-0.348  0.153  0.100 186 129 51
-0.348  0.152  0.099 188 128 49
-0.348  0.150  0.098 191 127 49
-0.348  0.148  0.097 191 130 45
-0.348  0.147  0.096 191 130 49
-0.348  0.145  0.095 192 134 52
-0.348  0.144  0.094 192 132 53
-0.348  0.142  0.093 196 133 52
-0.347  0.141  0.092 199 136 56
-0.347  0.139  0.090 197 137 55
-0.347  0.138  0.090 198 137 60
-0.347  0.136  0.087 194 136 61
-0.348  0.134  0.085 199 144 62
-0.348  0.132  0.083 200 139 64
-0.348  0.131  0.081 201 145 69
-0.348  0.129  0.080 205 146 70
-0.347  0.128  0.081 203 147 73
-0.347  0.126  0.078 201 150 75
-0.348  0.124  0.076 198 152 83
-0.348  0.121  0.072 189 152 101
-0.348  0.120  0.070 177 165 130
-0.365  0.175  0.060 185 159 140
-0.364  0.174  0.061 195 133 97
-0.364  0.172  0.062 192 130 102
-0.363  0.171  0.064 197 114 82
-0.362  0.170  0.066 196 108 76
-0.361  0.168  0.067 198 101 69
-0.360  0.167  0.068 198 97 64
-0.359  0.165  0.071 193 95 61
-0.358  0.164  0.072 188 95 58
-0.357  0.163  0.076 177 111 56
-0.355  0.161  0.079 180 123 55
-0.354  0.160  0.084 185 130 57
-0.351  0.160  0.091 186 128 52
-0.350  0.158  0.095 186 128 51
-0.349  0.157  0.097 183 127 50
-0.348  0.156  0.099 185 122 46
-0.347  0.155  0.100 183 124 48
-0.347  0.153  0.099 184 125 49
-0.347  0.152  0.097 185 129 50
-0.347  0.150  0.096 188 127 50
-0.347  0.149  0.095 188 128 48
-0.347  0.147  0.094 192 132 51
-0.347  0.146  0.093 191 131 52
-0.347  0.144  0.092 190 134 53
-0.346  0.143  0.092 190 135 56
-0.346  0.141  0.091 191 134 55
-0.346  0.139  0.089 191 137 58
-0.346  0.138  0.088 195 139 63
-0.346  0.136  0.086 192 138 63
-0.347  0.134  0.083 198 145 66
-0.347  0.132  0.080 200 141 62
-0.348  0.130  0.074 200 142 68
-0.348  0.128  0.073 201 143 69
-0.347  0.127  0.075 199 150 77
-0.349  0.124  0.066 188 152 89
-0.349  0.122  0.064 174 147 104
-0.349  0.120  0.061 178 163 133
-0.349  0.118  0.060 161 170 150
-0.364  0.176  0.058 180 158 135
-0.364  0.174  0.058 191 141 107
-0.363  0.173  0.059 194 130 102
-0.362  0.171  0.060 199 113 83
-0.362  0.170  0.061 198 105 74
-0.361  0.168  0.062 198 101 67
-0.360  0.167  0.064 196 92 62
-0.359  0.165  0.066 192 92 60
-0.358  0.164  0.069 189 93 58
-0.356  0.163  0.073 184 93 60
-0.355  0.162  0.076 177 93 58
-0.354  0.160  0.079 174 107 52
-0.351  0.160  0.088 174 120 51
-0.349  0.159  0.092 179 129 55
-0.348  0.157  0.094 182 128 51
-0.348  0.156  0.096 184 125 48
-0.347  0.155  0.097 182 124 50
-0.347  0.153  0.095 184 123 45
-0.347  0.152  0.094 186 129 48
-0.347  0.150  0.092 186 127 46
-0.347  0.149  0.092 187 129 48
-0.346  0.147  0.091 189 131 50
-0.346  0.146  0.091 190 136 53
-0.346  0.144  0.091 190 134 51
-0.345  0.143  0.090 190 133 55
-0.345  0.141  0.089 192 136 58
-0.346  0.140  0.086 192 134 57
-0.345  0.138  0.086 194 136 59
-0.345  0.136  0.084 193 134 61
-0.346  0.134  0.080 198 144 67
-0.346  0.132  0.078 197 143 67
-0.346  0.130  0.074 195 147 75
-0.347  0.128  0.071 190 144 81
-0.347  0.126  0.068 162 138 92
-0.348  0.124  0.063 137 122 115
-0.348  0.122  0.060 132 128 132
-0.348  0.120  0.058 163 154 141
-0.348  0.118  0.057 150 154 149
-0.364  0.176  0.054 182 163 136
-0.363  0.175  0.055 187 141 109
-0.362  0.173  0.055 192 128 104
-0.362  0.171  0.057 196 115 87
-0.361  0.170  0.058 196 106 74
-0.360  0.169  0.059 194 102 72
-0.359  0.167  0.061 192 93 62
-0.358  0.166  0.063 189 93 62
-0.357  0.164  0.065 191 88 54
-0.356  0.163  0.069 189 89 58
-0.354  0.162  0.074 186 91 60
-0.353  0.161  0.077 183 91 61
-0.350  0.160  0.085 183 93 59
-0.349  0.159  0.088 176 102 55
-0.348  0.158  0.091 162 111 55
-0.347  0.156  0.092 168 122 59
-0.346  0.155  0.095 174 127 58
-0.346  0.154  0.094 179 129 52
-0.346  0.152  0.091 181 127 48
-0.346  0.150  0.091 184 129 47
-0.346  0.149  0.089 188 127 48
-0.345  0.147  0.089 185 130 49
-0.345  0.146  0.089 188 130 50
-0.345  0.145  0.088 188 132 51
-0.344  0.143  0.088 189 131 53
-0.344  0.142  0.087 189 133 56
-0.344  0.140  0.085 190 137 56
-0.344  0.138  0.084 191 138 61
-0.344  0.136  0.081 192 137 61
-0.345  0.134  0.078 192 151 80
-0.345  0.133  0.076 168 140 83
-0.346  0.130  0.070 141 129 93
-0.346  0.128  0.067 134 116 107
-0.346  0.126  0.066 119 116 116
-0.347  0.124  0.059 112 116 130
-0.347  0.122  0.057 120 120 132
-0.347  0.120  0.056 150 143 136
-0.347  0.118  0.054 168 154 138
-0.363  0.176  0.051 174 162 142
-0.362  0.175  0.051 184 139 108
-0.362  0.173  0.052 189 129 104
-0.361  0.172  0.053 193 113 85
-0.360  0.170  0.054 195 107 76
-0.359  0.169  0.056 192 101 73
-0.358  0.167  0.058 192 93 65
-0.357  0.166  0.060 190 91 63
-0.356  0.165  0.063 193 90 56
-0.355  0.163  0.067 195 89 56
-0.353  0.162  0.071 192 92 59
-0.352  0.161  0.075 193 94 61
-0.350  0.160  0.081 191 92 61
-0.348  0.159  0.085 169 92 64
-0.347  0.158  0.088 121 79 67
-0.346  0.156  0.090 111 78 72
-0.345  0.155  0.091 114 86 66
-0.345  0.154  0.090 120 100 63
-0.345  0.152  0.088 129 112 65
-0.345  0.150  0.087 139 116 64
-0.345  0.149  0.086 152 123 62
-0.345  0.147  0.085 160 127 63
-0.345  0.146  0.084 168 126 59
-0.344  0.144  0.084 171 132 64
-0.344  0.143  0.084 168 131 65
-0.344  0.141  0.084 159 130 67
-0.344  0.140  0.081 153 128 69
-0.344  0.138  0.080 150 125 74
-0.344  0.136  0.079 148 121 78
-0.344  0.134  0.075 125 103 92
-0.344  0.132  0.072 116 100 101
-0.345  0.130  0.067 106 110 110
-0.345  0.128  0.064 102 105 119
-0.345  0.126  0.062 101 112 124
-0.346  0.124  0.056 112 123 133
-0.346  0.122  0.054 119 129 139
-0.347  0.120  0.052 137 139 137
-0.346  0.118  0.051 184 160 141
-0.362  0.177  0.049 179 161 142
-0.361  0.175  0.049 181 142 109
-0.361  0.174  0.050 171 131 105
-0.360  0.172  0.051 186 113 86
-0.359  0.171  0.051 188 103 77
-0.358  0.169  0.053 190 103 75
-0.357  0.168  0.055 192 94 67
-0.356  0.166  0.058 191 93 66
-0.355  0.165  0.060 192 92 59
-0.354  0.164  0.064 193 89 58
-0.352  0.162  0.068 193 89 58
-0.351  0.161  0.072 176 100 62
-0.349  0.160  0.077 165 96 64
-0.348  0.159  0.079 144 80 63
-0.347  0.158  0.083 117 94 72
-0.346  0.156  0.083 119 87 71
-0.345  0.155  0.086 122 97 71
-0.345  0.154  0.085 105 89 73
-0.345  0.152  0.084 93 75 77
-0.345  0.150  0.083 86 71 78
-0.345  0.149  0.082 96 75 80
-0.344  0.147  0.082 114 82 78
-0.344  0.146  0.081 116 93 75
-0.344  0.144  0.081 131 94 77
-0.343  0.143  0.081 140 97 77
-0.343  0.141  0.080 129 91 79
-0.343  0.140  0.078 132 103 82
-0.343  0.138  0.078 124 111 88
-0.343  0.136  0.074 104 97 92
-0.344  0.134  0.071 109 96 97
-0.344  0.132  0.069 120 115 104
-0.344  0.130  0.064 101 101 110
-0.345  0.128  0.060 98 103 118
-0.345  0.126  0.059 102 112 125
-0.346  0.123  0.052 131 130 139
-0.346  0.121  0.050 126 136 148
-0.346  0.120  0.049 135 139 143
-0.361  0.177  0.045 179 164 141
-0.361  0.176  0.046 178 148 115
-0.360  0.174  0.047 154 134 110
-0.359  0.172  0.049 157 114 89
-0.358  0.171  0.050 178 111 81
-0.357  0.169  0.052 187 103 76
-0.356  0.168  0.055 188 100 69
-0.356  0.167  0.055 186 96 65
-0.354  0.165  0.057 188 94 60
-0.353  0.164  0.059 191 92 60
-0.352  0.162  0.062 190 96 61
-0.351  0.161  0.065 163 98 63
-0.350  0.160  0.067 151 100 66
-0.349  0.158  0.069 138 97 65
-0.348  0.157  0.072 134 100 69
-0.346  0.156  0.077 129 94 71
-0.346  0.155  0.079 129 89 66
-0.345  0.153  0.079 113 98 69
-0.344  0.152  0.080 111 87 76
-0.344  0.151  0.079 81 75 76
-0.344  0.149  0.078 72 73 83
-0.344  0.147  0.078 90 72 80
-0.343  0.146  0.077 95 87 82
-0.343  0.144  0.077 114 86 82
-0.343  0.143  0.077 124 89 77
-0.342  0.141  0.077 128 109 85
-0.342  0.140  0.075 129 111 86
-0.342  0.138  0.074 103 88 91
-0.342  0.136  0.073 110 94 92
-0.342  0.135  0.071 124 110 100
-0.342  0.133  0.068 108 102 102
-0.343  0.130  0.062 93 101 110
-0.343  0.128  0.059 98 105 119
-0.344  0.126  0.055 108 111 127
-0.345  0.124  0.050 124 128 141
-0.345  0.122  0.048 124 133 141
-0.344  0.120  0.047 133 140 145
-0.360  0.178  0.043 175 159 139
-0.359  0.176  0.044 174 148 119
-0.359  0.174  0.045 146 138 115
-0.358  0.173  0.046 129 113 94
-0.357  0.171  0.047 132 104 86
-0.356  0.170  0.049 145 102 82
-0.355  0.168  0.051 171 103 69
-0.354  0.167  0.054 178 101 61
-0.353  0.165  0.056 179 99 58
-0.352  0.164  0.058 173 101 62
-0.351  0.163  0.061 171 100 63
-0.350  0.161  0.063 167 103 59
-0.350  0.160  0.063 156 103 63
-0.349  0.159  0.066 131 95 68
-0.348  0.157  0.067 120 89 65
-0.347  0.156  0.068 126 98 69
-0.346  0.154  0.069 122 91 70
-0.346  0.153  0.068 124 99 68
-0.346  0.151  0.066 124 95 71
-0.346  0.149  0.065 105 87 78
-0.346  0.148  0.063 83 70 77
-0.346  0.146  0.061 83 75 73
-0.346  0.144  0.061 118 83 76
-0.345  0.143  0.061 118 83 71
-0.345  0.141  0.061 122 106 71
-0.344  0.140  0.062 110 95 79
-0.344  0.138  0.062 103 86 83
-0.343  0.137  0.062 104 86 87
-0.343  0.136  0.063 121 113 96
-0.342  0.134  0.062 107 99 102
-0.342  0.132  0.062 95 97 104
-0.342  0.130  0.059 93 102 112
-0.343  0.128  0.056 96 104 119
-0.343  0.126  0.054 101 110 124
-0.343  0.124  0.048 110 118 130
-0.343  0.122  0.047 122 129 136
-0.343  0.120  0.045 134 141 146
-0.359  0.178  0.040 173 156 141
-0.358  0.176  0.041 172 147 116
-0.358  0.175  0.042 148 139 113
-0.357  0.173  0.043 127 116 96
-0.356  0.172  0.044 116 107 89
-0.355  0.170  0.046 127 104 84
-0.354  0.169  0.049 164 117 73
-0.353  0.167  0.051 175 118 68
-0.352  0.166  0.054 178 116 64
-0.351  0.164  0.055 180 124 67
-0.350  0.163  0.057 182 123 66
-0.349  0.162  0.059 186 130 64
-0.349  0.160  0.061 184 134 64
-0.348  0.159  0.063 180 135 64
-0.347  0.157  0.063 176 132 67
-0.347  0.156  0.063 176 121 71
-0.347  0.154  0.062 149 103 68
-0.346  0.152  0.061 113 93 68
-0.346  0.151  0.060 95 93 72
-0.346  0.149  0.060 91 86 71
-0.346  0.148  0.058 81 66 64
-0.346  0.146  0.057 82 64 58
-0.345  0.144  0.057 106 66 56
-0.345  0.143  0.057 124 74 53
-0.344  0.141  0.057 146 96 61
-0.344  0.140  0.058 163 108 65
-0.343  0.138  0.058 167 117 72
-0.342  0.137  0.059 165 112 77
-0.342  0.135  0.059 129 106 84
-0.342  0.134  0.059 103 94 95
-0.341  0.132  0.058 97 98 103
-0.341  0.130  0.057 94 101 115
-0.342  0.128  0.053 94 104 118
-0.342  0.126  0.051 101 110 123
-0.342  0.124  0.046 110 119 129
-0.342  0.122  0.043 127 131 134
-0.342  0.120  0.041 148 146 141
-0.358  0.178  0.038 177 169 147
-0.358  0.177  0.038 171 148 120
-0.357  0.175  0.039 148 137 111
-0.356  0.174  0.040 126 117 99
-0.355  0.172  0.042 114 109 93
-0.354  0.170  0.043 137 110 84
-0.353  0.169  0.045 169 126 73
-0.352  0.167  0.048 175 126 70
-0.351  0.166  0.050 180 125 66
-0.350  0.165  0.053 190 133 66
-0.350  0.163  0.054 194 136 69
-0.349  0.162  0.056 195 135 64
-0.348  0.160  0.057 199 139 62
-0.347  0.159  0.058 201 144 64
-0.347  0.157  0.058 195 139 66
-0.346  0.156  0.058 198 147 74
-0.346  0.154  0.057 172 128 64
-0.346  0.152  0.056 134 95 54
-0.346  0.151  0.055 99 61 51
-0.346  0.149  0.053 83 62 52
-0.345  0.147  0.052 84 62 55
-0.345  0.146  0.052 108 65 43
-0.344  0.144  0.053 138 86 48
-0.344  0.143  0.053 166 113 57
-0.343  0.141  0.054 181 121 62
-0.343  0.140  0.055 194 131 63
-0.342  0.139  0.056 203 138 64
-0.341  0.137  0.057 205 144 72
-0.341  0.136  0.057 191 141 80
-0.341  0.134  0.056 159 120 93
-0.341  0.132  0.054 115 97 102
-0.341  0.130  0.050 99 102 112
-0.341  0.128  0.048 97 108 116
-0.341  0.126  0.044 103 114 124
-0.341  0.124  0.042 115 122 130
-0.341  0.122  0.041 135 135 138
-0.341  0.120  0.039 170 154 144
-0.357  0.179  0.036 177 171 145
-0.356  0.177  0.036 169 155 124
-0.356  0.176  0.037 147 138 109
-0.355  0.174  0.038 125 119 103
-0.354  0.172  0.040 116 116 97
-0.353  0.171  0.041 148 117 86
-0.352  0.169  0.043 170 124 73
-0.351  0.168  0.045 178 128 68
-0.350  0.166  0.047 182 132 66
-0.349  0.165  0.050 198 140 68
-0.349  0.163  0.051 201 148 75
-0.348  0.162  0.053 199 139 66
-0.347  0.161  0.054 207 150 68
-0.346  0.159  0.055 210 152 74
-0.346  0.157  0.055 204 143 66
-0.346  0.156  0.054 203 145 73
-0.345  0.154  0.054 187 132 61
-0.345  0.153  0.053 154 103 55
-0.345  0.151  0.051 116 61 47
-0.345  0.149  0.049 101 63 49
-0.345  0.147  0.049 119 69 51
-0.344  0.146  0.049 153 103 49
-0.344  0.144  0.049 175 114 55
-0.343  0.143  0.050 191 129 56
-0.342  0.141  0.051 203 136 60
-0.342  0.140  0.052 209 139 63
-0.341  0.139  0.053 214 147 64
-0.340  0.137  0.054 221 154 71
-0.340  0.136  0.054 221 157 80
-0.340  0.134  0.053 210 152 90
-0.339  0.132  0.052 142 130 103
-0.340  0.130  0.049 105 112 118
-0.340  0.128  0.046 105 114 125
-0.340  0.126  0.043 110 120 137
-0.340  0.124  0.041 121 135 146
-0.340  0.122  0.039 151 165 156
-0.356  0.179  0.033 179 168 144
-0.355  0.178  0.034 169 151 121
-0.355  0.176  0.035 146 141 113
-0.354  0.174  0.036 125 124 107
-0.353  0.173  0.037 116 119 101
-0.352  0.171  0.039 150 121 88
-0.351  0.170  0.041 174 129 72
-0.350  0.168  0.043 181 130 66
-0.349  0.167  0.045 184 132 65
-0.348  0.165  0.047 196 147 72
-0.347  0.164  0.049 201 152 77
-0.347  0.162  0.051 201 141 66
-0.346  0.161  0.052 207 152 73
-0.345  0.159  0.052 209 151 76
-0.345  0.158  0.052 206 149 75
-0.345  0.156  0.052 214 157 94
-0.344  0.154  0.050 198 134 62
-0.344  0.153  0.049 151 106 61
-0.344  0.151  0.048 121 63 48
-0.344  0.149  0.046 138 74 47
-0.344  0.148  0.045 165 111 53
-0.343  0.146  0.045 183 122 54
-0.343  0.144  0.046 194 126 58
-0.342  0.143  0.047 203 135 55
-0.341  0.142  0.049 210 141 60
-0.341  0.140  0.050 216 142 63
-0.340  0.139  0.051 220 152 67
-0.339  0.137  0.052 224 157 72
-0.339  0.136  0.052 225 159 79
-0.338  0.134  0.051 226 163 93
-0.338  0.132  0.050 174 151 108
-0.338  0.130  0.048 123 136 128
-0.338  0.128  0.045 116 143 137
-0.339  0.126  0.041 136 162 158
-0.339  0.124  0.039 135 175 179
-0.339  0.122  0.037 150 171 175
-0.354  0.178  0.032 169 152 122
-0.353  0.176  0.032 143 139 117
-0.353  0.175  0.033 124 126 109
-0.352  0.173  0.035 111 119 104
-0.351  0.172  0.036 147 121 89
-0.350  0.170  0.039 174 135 73
-0.349  0.168  0.041 181 130 66
-0.348  0.167  0.043 185 134 64
-0.347  0.166  0.046 192 139 66
-0.346  0.164  0.047 197 141 67
-0.345  0.163  0.049 199 142 66
-0.345  0.161  0.050 207 148 67
-0.344  0.160  0.050 207 145 70
-0.344  0.158  0.050 221 158 84
-0.343  0.156  0.049 212 167 106
-0.343  0.155  0.048 197 133 63
-0.343  0.153  0.047 137 100 62
-0.343  0.151  0.047 124 71 52
-0.343  0.150  0.045 165 110 50
-0.342  0.148  0.045 185 122 51
-0.342  0.146  0.045 195 131 57
-0.341  0.145  0.046 204 135 57
-0.340  0.144  0.047 207 139 59
-0.340  0.142  0.048 215 144 61
-0.339  0.141  0.049 219 147 64
-0.338  0.139  0.051 223 156 72
-0.338  0.138  0.051 234 167 86
-0.337  0.136  0.051 233 164 83
-0.337  0.134  0.050 233 168 94
-0.337  0.133  0.049 201 163 101
-0.337  0.131  0.046 144 138 99
-0.337  0.129  0.043 129 146 112
-0.337  0.127  0.040 137 156 135
-0.337  0.125  0.037 143 172 162
-0.337  0.122  0.035 155 176 162
-0.353  0.178  0.029 168 151 122
-0.352  0.177  0.030 144 143 118
-0.351  0.175  0.032 123 129 113
-0.351  0.173  0.033 112 120 106
-0.350  0.172  0.035 139 116 90
-0.349  0.170  0.037 172 136 73
-0.348  0.169  0.038 179 131 66
-0.347  0.167  0.041 184 133 65
-0.346  0.166  0.044 188 134 63
-0.345  0.164  0.046 193 139 63
-0.344  0.163  0.047 198 140 63
-0.343  0.161  0.049 202 145 63
-0.343  0.160  0.049 204 148 71
-0.343  0.158  0.049 221 167 89
-0.342  0.157  0.048 208 151 84
-0.342  0.155  0.047 194 130 60
-0.342  0.153  0.046 130 91 56
-0.341  0.152  0.046 161 97 44
-0.341  0.150  0.045 188 125 49
-0.341  0.148  0.044 197 131 53
-0.340  0.147  0.044 204 134 58
-0.340  0.145  0.045 207 138 60
-0.339  0.144  0.047 212 146 63
-0.338  0.143  0.048 217 149 69
-0.338  0.141  0.049 220 149 69
-0.337  0.140  0.050 227 166 81
-0.336  0.138  0.050 228 172 95
-0.336  0.136  0.050 235 171 92
-0.336  0.135  0.049 232 176 106
-0.335  0.133  0.048 205 169 99
-0.336  0.131  0.045 151 142 100
-0.336  0.129  0.043 135 157 108
-0.336  0.127  0.039 143 168 118
-0.336  0.125  0.036 155 178 135
-0.336  0.123  0.033 170 179 146
-0.352  0.179  0.026 168 156 126
-0.351  0.177  0.028 145 143 119
-0.350  0.175  0.029 124 130 117
-0.349  0.174  0.031 112 120 110
-0.349  0.172  0.032 122 115 96
-0.348  0.171  0.035 166 135 76
-0.347  0.169  0.036 179 130 65
-0.346  0.168  0.040 183 131 63
-0.344  0.166  0.043 187 132 61
-0.344  0.165  0.045 191 139 62
-0.343  0.163  0.046 196 141 60
-0.342  0.162  0.047 203 141 62
-0.342  0.160  0.048 204 150 72
-0.341  0.159  0.048 210 151 73
-0.341  0.157  0.047 207 145 64
-0.341  0.155  0.046 181 125 59
-0.340  0.154  0.045 145 82 53
-0.340  0.152  0.044 181 120 50
-0.340  0.150  0.043 195 131 53
-0.339  0.149  0.043 202 134 55
-0.339  0.147  0.043 205 137 59
-0.338  0.146  0.044 211 145 64
-0.337  0.144  0.046 222 162 79
-0.337  0.143  0.047 220 155 75
-0.336  0.141  0.048 221 151 71
-0.336  0.140  0.048 224 156 74
-0.335  0.138  0.049 226 163 85
-0.335  0.137  0.048 238 177 100
-0.334  0.135  0.048 232 170 98
-0.334  0.133  0.046 199 170 102
-0.334  0.131  0.044 151 148 98
-0.334  0.129  0.042 139 162 110
-0.334  0.127  0.038 145 174 120
-0.335  0.125  0.035 158 181 133
-0.335  0.123  0.031 181 185 144
-0.351  0.179  0.024 168 160 128
-0.350  0.177  0.025 144 143 120
-0.349  0.176  0.027 125 131 117
-0.348  0.174  0.029 112 122 109
-0.347  0.173  0.031 110 120 97
-0.346  0.171  0.033 158 124 78
-0.346  0.170  0.034 177 131 67
-0.344  0.168  0.038 182 128 61
-0.343  0.167  0.041 187 133 65
-0.342  0.165  0.043 193 135 62
-0.341  0.164  0.045 196 138 61
-0.341  0.162  0.046 203 143 66
-0.340  0.161  0.046 207 150 78
-0.340  0.159  0.046 206 146 66
-0.339  0.157  0.046 199 139 59
-0.339  0.156  0.045 170 106 52
-0.339  0.154  0.044 164 100 47
-0.339  0.153  0.044 186 130 55
-0.338  0.151  0.043 198 132 55
-0.338  0.149  0.043 202 137 59
-0.337  0.148  0.043 203 136 62
-0.337  0.146  0.044 211 151 69
-0.336  0.145  0.045 214 150 70
-0.335  0.143  0.046 216 146 68
-0.335  0.142  0.046 219 156 71
-0.334  0.140  0.047 222 157 74
-0.334  0.139  0.047 224 161 87
-0.333  0.137  0.047 231 174 101
-0.333  0.135  0.046 229 170 93
-0.333  0.134  0.044 183 169 102
-0.333  0.132  0.043 145 154 101
-0.333  0.130  0.040 156 166 115
-0.333  0.128  0.037 157 175 125
-0.333  0.126  0.035 161 178 136
-0.349  0.180  0.022 165 154 125
-0.349  0.178  0.023 143 142 119
-0.348  0.176  0.025 125 129 110
-0.347  0.175  0.027 113 121 100
-0.346  0.173  0.029 107 111 88
-0.345  0.172  0.032 138 116 74
-0.344  0.170  0.033 171 130 69
-0.343  0.169  0.037 181 130 64
-0.342  0.167  0.040 184 131 62
-0.341  0.166  0.042 188 133 60
-0.340  0.164  0.043 195 139 63
-0.339  0.163  0.044 202 147 66
-0.339  0.161  0.044 203 145 67
-0.339  0.159  0.044 203 144 65
-0.338  0.158  0.044 190 132 60
-0.338  0.156  0.044 179 111 45
-0.338  0.155  0.043 181 112 47
-0.337  0.153  0.042 193 129 55
-0.337  0.151  0.043 199 133 55
-0.336  0.150  0.043 202 137 60
-0.336  0.148  0.042 204 141 65
-0.335  0.147  0.044 207 145 67
-0.335  0.145  0.044 209 145 67
-0.334  0.144  0.045 211 150 69
-0.333  0.142  0.045 218 152 71
-0.333  0.141  0.046 222 159 78
-0.333  0.139  0.045 222 164 86
-0.332  0.137  0.044 225 161 87
-0.332  0.136  0.044 224 168 93
-0.332  0.134  0.043 168 157 101
-0.332  0.132  0.041 141 157 105
-0.332  0.130  0.039 150 175 122
-0.332  0.128  0.035 163 186 133
-0.332  0.126  0.032 167 184 143
-0.349  0.180  0.018 169 152 121
-0.348  0.178  0.019 142 128 106
-0.347  0.177  0.022 127 121 94
-0.346  0.175  0.025 120 121 88
-0.345  0.174  0.027 113 116 81
-0.343  0.172  0.030 116 113 76
-0.343  0.170  0.032 159 122 70
-0.342  0.169  0.035 177 129 66
-0.340  0.167  0.038 182 130 62
-0.340  0.166  0.040 186 136 59
-0.339  0.164  0.041 195 136 60
-0.338  0.163  0.042 204 143 66
-0.338  0.161  0.042 206 146 65
-0.337  0.160  0.042 200 142 64
-0.337  0.158  0.042 194 122 50
-0.337  0.156  0.042 194 123 48
-0.336  0.155  0.041 195 126 50
-0.336  0.153  0.041 197 125 51
-0.335  0.152  0.042 198 132 55
-0.335  0.150  0.042 198 138 61
-0.334  0.149  0.042 202 143 65
-0.334  0.147  0.043 207 139 62
-0.333  0.146  0.044 210 145 64
-0.332  0.144  0.044 213 149 70
-0.332  0.142  0.044 217 154 74
-0.332  0.141  0.044 223 164 84
-0.331  0.139  0.044 224 161 81
-0.331  0.137  0.042 226 164 85
-0.331  0.136  0.042 218 170 94
-0.330  0.134  0.041 178 164 102
-0.330  0.132  0.038 145 157 106
-0.330  0.130  0.036 142 169 122
-0.330  0.128  0.033 164 196 145
-0.331  0.126  0.028 166 184 145
-0.347  0.180  0.015 170 154 120
-0.347  0.179  0.016 151 130 101
-0.346  0.177  0.019 134 130 96
-0.344  0.176  0.023 123 129 91
-0.343  0.174  0.026 113 122 83
-0.342  0.172  0.029 108 120 78
-0.341  0.171  0.030 124 120 73
-0.340  0.169  0.034 158 121 68
-0.339  0.168  0.037 174 128 66
-0.338  0.166  0.038 182 130 62
-0.338  0.165  0.039 193 135 59
-0.337  0.163  0.040 200 141 66
-0.337  0.162  0.040 202 137 62
-0.336  0.160  0.040 194 125 55
-0.336  0.158  0.040 198 131 52
-0.335  0.157  0.040 205 135 53
-0.335  0.155  0.040 203 135 55
-0.334  0.154  0.040 202 132 55
-0.334  0.152  0.041 201 129 55
-0.333  0.151  0.042 198 137 62
-0.333  0.149  0.042 200 139 61
-0.332  0.148  0.043 206 143 63
-0.331  0.146  0.043 210 148 66
-0.331  0.144  0.043 213 148 72
-0.331  0.143  0.043 217 157 78
-0.330  0.141  0.043 219 159 82
-0.330  0.139  0.041 224 159 82
-0.330  0.138  0.040 225 163 85
-0.330  0.136  0.039 187 160 94
-0.329  0.134  0.037 151 150 99
-0.329  0.132  0.035 141 155 106
-0.329  0.130  0.033 144 172 120
-0.329  0.128  0.029 154 183 141
-0.330  0.126  0.025 173 180 143
-0.346  0.181  0.011 169 152 118
-0.346  0.179  0.012 159 136 102
-0.345  0.177  0.016 140 139 97
-0.343  0.176  0.020 124 134 91
-0.342  0.174  0.023 113 127 83
-0.341  0.173  0.026 112 124 78
-0.340  0.171  0.028 110 124 76
-0.339  0.170  0.031 122 115 74
-0.338  0.168  0.034 121 107 67
-0.337  0.167  0.036 132 113 68
-0.336  0.165  0.038 166 123 59
-0.336  0.164  0.038 184 126 60
-0.335  0.162  0.038 197 125 50
-0.335  0.160  0.038 202 132 54
-0.334  0.159  0.039 203 141 59
-0.334  0.157  0.039 208 144 60
-0.333  0.156  0.039 209 143 62
-0.333  0.154  0.039 209 141 61
-0.332  0.153  0.040 205 137 58
-0.332  0.151  0.041 200 135 59
-0.331  0.149  0.041 200 137 61
-0.331  0.148  0.042 206 137 64
-0.330  0.146  0.043 208 150 70
-0.330  0.145  0.042 213 154 76
-0.329  0.143  0.042 218 157 79
-0.329  0.141  0.040 220 159 82
-0.329  0.140  0.039 220 160 86
-0.329  0.138  0.037 200 165 95
-0.329  0.136  0.035 154 130 91
-0.328  0.134  0.034 135 140 97
-0.328  0.132  0.032 137 154 107
-0.328  0.130  0.029 144 167 118
-0.328  0.128  0.026 157 180 132
-0.329  0.126  0.022 180 186 146
-0.346  0.181  0.004 167 153 121
-0.345  0.179  0.008 154 138 105
-0.344  0.178  0.010 140 142 96
-0.342  0.176  0.016 128 137 90
-0.341  0.175  0.019 120 133 81
-0.340  0.173  0.023 127 131 80
-0.339  0.172  0.026 122 128 82
-0.338  0.170  0.030 102 106 73
-0.337  0.169  0.033 95 92 63
-0.336  0.167  0.034 119 89 58
-0.335  0.166  0.037 167 125 60
-0.334  0.164  0.037 186 126 55
-0.334  0.162  0.037 198 132 52
-0.334  0.161  0.037 204 140 62
-0.333  0.159  0.037 215 147 68
-0.332  0.158  0.038 222 153 71
-0.332  0.156  0.038 215 147 63
-0.331  0.154  0.038 214 144 61
-0.331  0.153  0.039 215 147 64
-0.330  0.151  0.040 212 144 66
-0.330  0.150  0.041 208 140 66
-0.329  0.148  0.041 199 139 68
-0.329  0.147  0.042 193 134 76
-0.328  0.145  0.041 207 157 84
-0.328  0.143  0.040 213 160 86
-0.328  0.142  0.038 216 159 85
-0.328  0.140  0.036 205 154 91
-0.328  0.138  0.034 155 120 93
-0.327  0.136  0.032 126 123 88
-0.327  0.134  0.030 128 136 98
-0.327  0.132  0.028 137 149 107
-0.327  0.130  0.026 146 165 121
-0.327  0.128  0.023 159 186 141
-0.345  0.182 -0.001 166 152 121
-0.344  0.180  0.003 149 134 105
-0.343  0.178  0.005 140 141 97
-0.341  0.177  0.013 133 138 89
-0.340  0.175  0.016 124 135 80
-0.339  0.173  0.020 123 132 84
-0.337  0.172  0.024 109 123 83
-0.336  0.170  0.027 95 103 67
-0.335  0.169  0.031 94 101 61
-0.334  0.167  0.033 122 105 58
-0.334  0.166  0.035 169 128 63
-0.333  0.164  0.036 185 131 58
-0.333  0.163  0.036 195 136 61
-0.332  0.161  0.036 200 148 72
-0.332  0.160  0.036 205 154 81
-0.331  0.158  0.037 210 153 73
-0.331  0.156  0.037 211 150 62
-0.330  0.155  0.037 216 149 62
-0.329  0.153  0.038 216 149 65
-0.329  0.152  0.039 217 153 69
-0.328  0.150  0.040 218 152 75
-0.328  0.149  0.041 218 158 84
-0.327  0.147  0.041 173 98 80
-0.327  0.146  0.040 166 109 75
-0.326  0.144  0.039 179 128 89
-0.327  0.142  0.035 184 132 94
-0.327  0.140  0.033 176 99 89
-0.327  0.138  0.030 159 97 83
-0.327  0.136  0.028 137 119 93
-0.326  0.134  0.026 132 139 100
-0.326  0.132  0.025 138 154 108
-0.326  0.130  0.022 149 169 124
-0.326  0.128  0.019 163 184 142
-0.345  0.182 -0.006 167 151 120
-0.343  0.180 -0.003 148 128 102
-0.343  0.178 -0.003 140 134 95
-0.342  0.177  0.000 134 139 94
-0.341  0.175  0.003 122 134 87
-0.339  0.174  0.007 123 133 84
-0.336  0.172  0.023 100 98 76
-0.335  0.171  0.026 92 97 66
-0.334  0.169  0.029 96 107 64
-0.333  0.168  0.032 116 114 64
-0.332  0.166  0.033 165 127 63
-0.332  0.165  0.034 187 129 58
-0.331  0.163  0.034 194 132 59
-0.331  0.162  0.034 200 139 62
-0.330  0.160  0.034 202 143 62
-0.330  0.158  0.035 204 140 62
-0.329  0.157  0.036 208 145 61
-0.329  0.155  0.036 213 150 64
-0.328  0.154  0.037 217 151 65
-0.327  0.152  0.038 221 154 70
-0.327  0.151  0.039 221 163 81
-0.326  0.149  0.040 219 165 94
-0.326  0.148  0.040 175 115 89
-0.325  0.146  0.039 161 78 73
-0.325  0.144  0.037 172 83 74
-0.325  0.142  0.034 180 81 76
-0.325  0.140  0.031 181 86 77
-0.325  0.138  0.028 178 94 82
-0.325  0.136  0.026 169 104 95
-0.325  0.134  0.022 150 142 107
-0.325  0.132  0.020 146 157 117
-0.325  0.130  0.018 158 170 136
-0.325  0.128  0.016 174 183 152
-0.343  0.182 -0.007 168 148 118
-0.342  0.181 -0.007 155 127 99
-0.342  0.179 -0.006 146 122 90
-0.341  0.177 -0.002 137 139 91
-0.339  0.176  0.001 123 135 88
-0.338  0.174  0.006 118 131 86
-0.335  0.173  0.021 100 92 69
-0.334  0.171  0.024 93 91 66
-0.333  0.170  0.028 92 96 64
-0.332  0.168  0.030 104 111 64
-0.331  0.167  0.032 157 118 59
-0.330  0.165  0.032 183 127 59
-0.330  0.163  0.032 191 135 60
-0.329  0.162  0.032 196 140 60
-0.329  0.160  0.032 197 139 59
-0.328  0.159  0.033 202 140 62
-0.328  0.157  0.033 206 146 64
-0.327  0.156  0.035 210 146 64
-0.327  0.154  0.035 216 150 67
-0.326  0.152  0.036 219 154 72
-0.325  0.151  0.037 219 162 80
-0.325  0.149  0.038 216 157 81
-0.324  0.148  0.038 184 129 96
-0.324  0.146  0.037 172 81 75
-0.324  0.144  0.036 179 81 74
-0.324  0.142  0.031 184 82 78
-0.324  0.140  0.028 190 87 81
-0.324  0.138  0.025 196 96 90
-0.324  0.136  0.023 193 100 91
-0.324  0.134  0.019 173 121 100
-0.324  0.132  0.017 167 136 119
-0.324  0.130  0.015 173 153 145
-0.324  0.128  0.013 185 171 157
-0.342  0.183 -0.009 169 148 115
-0.341  0.181 -0.007 162 123 97
-0.340  0.179 -0.005 152 110 90
-0.339  0.178 -0.003 139 124 86
-0.338  0.176  0.001 125 138 92
-0.337  0.174  0.004 110 127 91
-0.333  0.173  0.018 101 96 68
-0.332  0.172  0.022 94 92 65
-0.331  0.170  0.025 93 91 65
-0.330  0.169  0.028 98 100 59
-0.329  0.167  0.031 125 111 62
-0.329  0.166  0.031 169 126 65
-0.328  0.164  0.032 184 131 63
-0.328  0.162  0.032 190 134 60
-0.327  0.161  0.032 194 134 62
-0.327  0.159  0.033 198 140 64
-0.326  0.158  0.033 202 144 63
-0.326  0.156  0.033 206 146 63
-0.325  0.154  0.033 211 147 69
-0.325  0.153  0.034 212 151 74
-0.324  0.151  0.034 214 155 81
-0.324  0.150  0.035 213 153 84
-0.323  0.148  0.035 185 124 94
-0.323  0.146  0.035 177 82 73
-0.323  0.145  0.033 189 90 81
-0.323  0.143  0.030 190 93 91
-0.323  0.140  0.025 198 101 97
-0.323  0.138  0.022 210 109 110
-0.323  0.136  0.020 206 100 93
-0.323  0.134  0.016 192 110 100
-0.323  0.132  0.014 185 119 116
-0.322  0.130  0.012 188 135 132
-0.322  0.128  0.010 197 160 146
-0.340  0.183 -0.011 168 145 115
-0.339  0.182 -0.009 163 123 98
-0.338  0.180 -0.008 158 109 90
-0.337  0.178 -0.003 148 100 80
-0.336  0.176 -0.001 131 122 85
-0.335  0.175  0.004 119 132 89
-0.332  0.174  0.015 104 105 71
-0.331  0.172  0.020 97 100 64
-0.330  0.171  0.024 97 100 67
-0.329  0.169  0.027 96 101 66
-0.328  0.168  0.030 106 103 66
-0.327  0.166  0.031 130 105 65
-0.327  0.164  0.031 159 121 62
-0.326  0.163  0.032 178 126 61
-0.326  0.161  0.032 187 131 65
-0.325  0.160  0.033 194 138 68
-0.325  0.158  0.033 199 141 67
-0.324  0.156  0.032 203 145 72
-0.324  0.155  0.031 203 147 77
-0.324  0.153  0.031 204 148 83
-0.323  0.151  0.032 198 146 89
-0.322  0.150  0.032 179 131 93
-0.322  0.148  0.032 166 95 84
-0.322  0.147  0.032 175 80 76
-0.321  0.145  0.030 185 81 82
-0.322  0.143  0.026 191 91 95
-0.322  0.141  0.022 208 131 121
-0.322  0.139  0.019 202 115 129
-0.321  0.137  0.017 207 107 101
-0.321  0.134  0.014 179 118 113
-0.321  0.132  0.012 158 143 146
-0.321  0.131  0.010 170 169 163
-0.339  0.184 -0.013 164 144 117
-0.338  0.182 -0.012 163 122 97
-0.337  0.180 -0.010 161 107 87
-0.336  0.179 -0.006 156 96 80
-0.335  0.177 -0.002 155 105 84
-0.334  0.175  0.000 138 120 83
-0.331  0.174  0.013 120 121 80
-0.330  0.172  0.017 109 110 74
-0.329  0.171  0.021 107 109 71
-0.327  0.169  0.026 108 105 71
-0.326  0.168  0.029 99 96 68
-0.326  0.166  0.031 127 83 62
-0.325  0.165  0.031 130 103 68
-0.325  0.163  0.031 133 126 70
-0.324  0.162  0.030 141 130 74
-0.324  0.160  0.030 154 131 83
-0.324  0.158  0.030 170 110 75
-0.323  0.157  0.029 189 114 80
-0.323  0.155  0.028 196 110 87
-0.322  0.153  0.028 182 95 85
-0.322  0.152  0.029 146 87 84
-0.321  0.150  0.029 152 84 81
-0.321  0.148  0.029 162 84 82
-0.320  0.147  0.029 172 81 80
-0.320  0.145  0.026 180 83 84
-0.320  0.143  0.023 186 89 94
-0.320  0.141  0.019 197 93 96
-0.320  0.139  0.016 199 99 99
-0.320  0.137  0.014 200 104 104
-0.320  0.135  0.011 153 132 131
-0.320  0.133  0.009 139 157 164
-0.320  0.131  0.007 164 181 175
-0.337  0.184 -0.014 165 145 116
-0.336  0.183 -0.012 161 120 94
-0.335  0.181 -0.011 160 108 90
-0.334  0.179 -0.007 157 95 81
-0.333  0.177 -0.004 159 86 78
-0.332  0.176 -0.001 153 83 73
-0.330  0.174  0.010 150 100 78
-0.329  0.173  0.014 134 110 87
-0.327  0.171  0.018 109 97 79
-0.326  0.170  0.023 94 87 79
-0.325  0.168  0.026 92 81 80
-0.324  0.167  0.029 125 77 66
-0.324  0.165  0.029 132 79 65
-0.323  0.164  0.029 125 112 72
-0.323  0.162  0.029 133 152 91
-0.323  0.160  0.028 148 146 105
-0.322  0.159  0.028 166 74 72
-0.322  0.157  0.026 181 81 84
-0.322  0.155  0.025 196 124 112
-0.321  0.153  0.025 179 86 90
-0.321  0.152  0.026 119 92 100
-0.320  0.150  0.026 115 100 102
-0.320  0.149  0.025 145 95 97
-0.319  0.147  0.026 164 85 90
-0.319  0.145  0.023 176 87 85
-0.319  0.143  0.020 183 92 89
-0.319  0.141  0.017 189 89 92
-0.319  0.139  0.014 191 99 99
-0.319  0.137  0.012 172 116 119
-0.319  0.135  0.008 133 144 153
-0.319  0.133  0.005 134 161 169
-0.318  0.131  0.004 164 180 175
-0.335  0.185 -0.014 164 142 115
-0.334  0.183 -0.013 162 119 95
-0.333  0.181 -0.010 162 110 91
-0.332  0.180 -0.007 160 92 78
-0.331  0.178 -0.004 160 86 74
-0.330  0.176 -0.001 158 79 73
-0.329  0.175  0.007 160 84 78
-0.327  0.173  0.011 148 81 75
-0.326  0.172  0.015 105 76 74
-0.325  0.170  0.020 86 79 88
-0.324  0.169  0.025 88 84 91
-0.323  0.167  0.026 110 82 77
-0.322  0.166  0.027 133 73 66
-0.322  0.164  0.028 139 77 66
-0.322  0.162  0.026 141 116 87
-0.321  0.161  0.026 148 92 91
-0.321  0.159  0.024 168 68 66
-0.321  0.157  0.023 180 77 75
-0.320  0.155  0.022 188 83 89
-0.320  0.154  0.022 157 99 104
-0.319  0.152  0.022 108 116 127
-0.319  0.150  0.022 98 128 140
-0.319  0.149  0.022 112 128 145
-0.318  0.147  0.023 128 122 132
-0.318  0.145  0.020 146 111 124
-0.318  0.143  0.018 158 107 124
-0.318  0.141  0.014 162 110 127
-0.318  0.139  0.011 155 134 135
-0.318  0.137  0.009 135 140 154
-0.317  0.135  0.006 128 151 164
-0.317  0.133  0.003 137 162 168
-0.317  0.131 -0.000 164 180 170
-0.333  0.185 -0.016 164 140 114
-0.333  0.184 -0.014 160 125 96
-0.332  0.182 -0.011 166 115 92
-0.331  0.180 -0.008 161 97 82
-0.330  0.178 -0.005 160 89 76
-0.329  0.177 -0.002 163 82 72
-0.327  0.175  0.004 157 79 70
-0.326  0.174  0.008 124 80 71
-0.325  0.172  0.011 96 84 81
-0.324  0.170  0.016 87 83 89
-0.323  0.169  0.019 92 84 85
-0.322  0.167  0.020 101 92 86
-0.322  0.166  0.021 107 82 77
-0.321  0.164  0.022 130 74 63
-0.321  0.162  0.021 148 76 69
-0.320  0.161  0.021 156 71 67
-0.320  0.159  0.021 168 71 66
-0.320  0.157  0.020 179 76 74
-0.319  0.156  0.020 162 91 94
-0.319  0.154  0.019 120 115 126
-0.318  0.152  0.020 104 140 152
-0.318  0.151  0.019 120 159 172
-0.317  0.149  0.019 116 164 179
-0.317  0.147  0.019 106 160 184
-0.317  0.145  0.017 111 163 193
-0.316  0.144  0.016 129 168 203
-0.316  0.141  0.012 128 176 203
-0.316  0.139  0.009 123 176 197
-0.316  0.137  0.006 121 162 181
-0.316  0.135  0.003 126 161 176
-0.316  0.133 -0.003 140 164 170
-0.332  0.186 -0.018 164 142 115
-0.331  0.184 -0.016 151 129 101
-0.330  0.182 -0.013 141 113 97
-0.329  0.181 -0.010 143 103 84
-0.328  0.179 -0.007 155 96 76
-0.327  0.177 -0.004 159 90 71
-0.326  0.176  0.000 146 83 71
-0.325  0.174  0.003 108 81 73
-0.324  0.172  0.007 91 78 74
-0.323  0.171  0.011 89 76 70
-0.322  0.169  0.013 94 77 69
-0.322  0.167  0.014 120 80 69
-0.321  0.166  0.015 114 80 65
-0.320  0.164  0.017 108 82 66
-0.320  0.163  0.016 118 88 69
-0.319  0.161  0.016 126 91 71
-0.319  0.159  0.017 130 90 79
-0.318  0.158  0.018 127 98 93
-0.318  0.156  0.018 114 109 114
-0.317  0.154  0.017 97 133 143
-0.317  0.153  0.017 96 147 167
-0.316  0.151  0.016 103 161 181
-0.316  0.149  0.016 103 168 189
-0.316  0.147  0.016 100 171 204
-0.315  0.145  0.014 130 189 226
-0.315  0.144  0.012 149 218 248
-0.315  0.142  0.009 122 192 230
-0.315  0.140  0.006 116 186 215
-0.315  0.137  0.003 122 175 195
-0.315  0.135  0.000 129 176 191
-0.315  0.133 -0.008 142 176 182
-0.331  0.186 -0.020 163 144 119
-0.330  0.185 -0.019 144 133 104
-0.329  0.183 -0.016 126 114 101
-0.328  0.181 -0.013 122 104 93
-0.327  0.179 -0.010 124 93 79
-0.326  0.178 -0.006 146 87 72
-0.325  0.176 -0.003 150 89 72
-0.324  0.174  0.001 138 86 70
-0.323  0.173  0.004 116 81 69
-0.322  0.171  0.008 98 76 68
-0.321  0.169  0.010 128 75 64
-0.320  0.168  0.011 152 85 64
-0.320  0.166  0.013 151 82 62
-0.319  0.165  0.014 136 82 61
-0.319  0.163  0.013 111 91 66
-0.318  0.161  0.013 107 106 80
-0.317  0.160  0.015 104 102 94
-0.317  0.158  0.015 99 113 113
-0.316  0.156  0.015 89 122 130
-0.316  0.155  0.015 87 139 152
-0.316  0.153  0.015 90 149 173
-0.315  0.151  0.014 95 162 186
-0.315  0.149  0.013 102 169 197
-0.314  0.148  0.014 102 178 214
-0.314  0.146  0.011 117 196 238
-0.314  0.144  0.009 119 192 232
-0.314  0.142  0.006 112 185 222
-0.314  0.140  0.003 120 185 209
-0.314  0.137 -0.001 128 153 164
-0.314  0.135 -0.004 139 158 167
-0.314  0.132 -0.014 150 159 167
-0.329  0.187 -0.024 161 142 117
-0.329  0.185 -0.023 147 132 103
-0.328  0.183 -0.020 124 113 104
-0.327  0.181 -0.017 113 105 95
-0.326  0.180 -0.014 106 94 85
-0.325  0.178 -0.010 113 85 78
-0.324  0.176 -0.006 123 86 71
-0.323  0.175 -0.003 146 86 71
-0.322  0.173  0.001 149 86 68
-0.321  0.171  0.004 143 82 67
-0.320  0.170  0.006 167 87 64
-0.319  0.168  0.008 179 89 65
-0.318  0.167  0.010 179 87 63
-0.318  0.165  0.012 171 85 60
-0.317  0.163  0.011 148 84 62
-0.317  0.162  0.012 116 94 71
-0.316  0.160  0.012 106 100 86
-0.316  0.158  0.012 103 109 109
-0.315  0.157  0.012 94 124 132
-0.315  0.155  0.013 89 137 153
-0.314  0.153  0.013 90 149 171
-0.314  0.151  0.012 93 160 184
-0.313  0.150  0.011 97 165 195
-0.313  0.148  0.012 97 171 203
-0.313  0.146  0.009 100 177 212
-0.312  0.144  0.007 100 181 215
-0.312  0.142  0.003 107 181 216
-0.312  0.140 -0.000 113 169 198
-0.312  0.138 -0.006 123 137 159
-0.312  0.135 -0.008 139 155 170
-0.313  0.132 -0.020 159 158 160
-0.328  0.187 -0.028 162 142 117
-0.327  0.186 -0.025 145 136 106
-0.326  0.184 -0.023 124 115 106
-0.325  0.182 -0.019 112 105 98
-0.324  0.180 -0.016 105 96 91
-0.323  0.178 -0.013 100 90 81
-0.322  0.177 -0.009 102 84 74
-0.321  0.175 -0.006 115 83 74
-0.320  0.173 -0.003 141 82 68
-0.319  0.172  0.000 175 88 65
-0.318  0.170  0.003 190 94 66
-0.318  0.169  0.006 193 94 64
-0.317  0.167  0.007 197 92 63
-0.316  0.165  0.008 190 90 65
-0.316  0.164  0.008 175 85 63
-0.315  0.162  0.008 147 86 68
-0.315  0.160  0.009 117 87 74
-0.314  0.158  0.009 104 91 91
-0.314  0.157  0.010 106 110 117
-0.313  0.155  0.010 99 130 143
-0.313  0.153  0.010 95 142 163
-0.312  0.152  0.010 95 152 177
-0.312  0.150  0.009 96 160 188
-0.311  0.148  0.009 95 167 196
-0.311  0.146  0.006 96 170 202
-0.311  0.144  0.004 100 176 205
-0.311  0.142 -0.000 114 178 199
-0.311  0.140 -0.005 115 146 170
-0.311  0.138 -0.010 123 129 147
-0.311  0.135 -0.013 138 144 155
-0.312  0.132 -0.024 166 162 158
-0.327  0.188 -0.032 157 144 119
-0.326  0.186 -0.029 141 139 116
-0.325  0.184 -0.026 125 124 114
-0.324  0.182 -0.022 113 112 102
-0.323  0.181 -0.019 104 102 93
-0.322  0.179 -0.016 104 92 86
-0.321  0.177 -0.012 105 87 77
-0.320  0.175 -0.009 115 81 73
-0.319  0.174 -0.007 145 77 67
-0.318  0.172 -0.004 184 99 70
-0.317  0.170 -0.001 197 99 68
-0.316  0.169  0.002 205 93 65
-0.316  0.167  0.004 217 100 70
-0.315  0.166  0.005 210 104 77
-0.314  0.164  0.007 196 90 70
-0.314  0.162  0.007 179 86 66
-0.313  0.161  0.007 123 81 69
-0.313  0.159  0.008 114 77 77
-0.312  0.157  0.008 123 83 84
-0.312  0.156  0.008 128 99 108
-0.311  0.154  0.008 114 124 136
-0.311  0.152  0.007 108 140 157
-0.310  0.150  0.006 109 156 173
-0.310  0.148  0.006 106 161 180
-0.310  0.146  0.003 108 164 185
-0.310  0.145  0.001 111 167 187
-0.310  0.142 -0.004 114 143 172
-0.310  0.140 -0.008 116 129 153
-0.310  0.137 -0.017 127 136 152
-0.310  0.135 -0.020 142 146 156
-0.311  0.132 -0.030 176 170 158
-0.325  0.188 -0.035 151 144 121
-0.324  0.187 -0.032 138 139 116
-0.323  0.185 -0.029 121 130 120
-0.322  0.183 -0.025 110 116 108
-0.321  0.181 -0.022 107 105 94
-0.320  0.179 -0.019 111 92 80
-0.319  0.178 -0.015 128 88 72
-0.318  0.176 -0.012 140 84 66
-0.318  0.174 -0.009 164 88 65
-0.317  0.172 -0.007 188 92 66
-0.316  0.171 -0.004 198 91 64
-0.315  0.169 -0.001 206 91 62
-0.314  0.168  0.001 216 96 66
-0.313  0.166  0.003 216 98 77
-0.313  0.164  0.005 226 102 81
-0.312  0.163  0.005 209 99 75
-0.312  0.161  0.005 132 85 74
-0.311  0.159  0.005 125 72 73
-0.311  0.158  0.006 143 76 73
-0.310  0.156  0.006 166 86 86
-0.310  0.154  0.005 166 96 100
-0.310  0.152  0.004 156 99 108
-0.309  0.150  0.003 135 112 125
-0.309  0.149  0.002 126 119 136
-0.309  0.147 -0.000 147 119 139
-0.308  0.145 -0.003 126 125 144
-0.309  0.142 -0.012 120 132 150
-0.309  0.140 -0.017 120 125 145
-0.309  0.137 -0.022 128 135 155
-0.309  0.135 -0.028 150 150 157
-0.324  0.189 -0.037 153 145 120
-0.323  0.187 -0.034 136 133 108
-0.322  0.185 -0.031 123 126 115
-0.321  0.183 -0.027 112 120 107
-0.320  0.182 -0.024 106 102 92
-0.319  0.180 -0.021 134 92 75
-0.318  0.178 -0.018 151 90 70
-0.317  0.176 -0.015 156 88 67
-0.316  0.175 -0.012 174 91 65
-0.315  0.173 -0.009 186 92 68
-0.314  0.171 -0.005 196 92 62
-0.313  0.170 -0.003 205 93 61
-0.313  0.168 -0.001 213 94 63
-0.312  0.166  0.001 223 99 76
-0.311  0.165  0.002 231 128 99
-0.311  0.163  0.003 218 107 84
-0.310  0.161  0.003 149 84 76
-0.310  0.160  0.003 146 75 73
-0.309  0.158  0.003 146 75 70
-0.309  0.156  0.003 156 83 77
-0.309  0.154  0.001 173 85 82
-0.308  0.152  0.001 173 89 87
-0.308  0.151 -0.002 155 93 93
-0.308  0.148 -0.010 144 93 96
-0.308  0.146 -0.013 175 101 106
-0.308  0.144 -0.017 139 115 128
-0.308  0.142 -0.021 141 125 143
-0.308  0.139 -0.026 135 126 138
-0.308  0.137 -0.030 136 136 147
-0.308  0.135 -0.034 162 156 152
-0.322  0.189 -0.039 157 148 117
-0.321  0.188 -0.036 139 132 101
-0.320  0.186 -0.032 126 121 100
-0.319  0.184 -0.029 114 108 96
-0.318  0.182 -0.026 106 97 88
-0.317  0.180 -0.023 149 96 79
-0.316  0.178 -0.021 162 93 71
-0.316  0.177 -0.018 168 90 70
-0.315  0.175 -0.015 185 98 72
-0.314  0.173 -0.012 185 95 73
-0.313  0.172 -0.008 193 94 67
-0.312  0.170 -0.005 202 89 64
-0.311  0.168 -0.003 210 93 66
-0.311  0.167 -0.001 223 95 69
-0.310  0.165 -0.000 231 106 80
-0.310  0.163 -0.000 216 95 77
-0.309  0.162 -0.000 188 89 72
-0.309  0.160 -0.000 179 83 74
-0.308  0.158 -0.001 156 77 72
-0.308  0.156 -0.001 147 79 73
-0.307  0.155 -0.002 157 83 79
-0.307  0.153 -0.003 161 86 85
-0.307  0.150 -0.009 158 89 86
-0.307  0.148 -0.013 156 88 88
-0.307  0.146 -0.017 183 102 103
-0.307  0.144 -0.021 148 119 126
-0.307  0.142 -0.025 176 131 128
-0.307  0.139 -0.031 186 137 127
-0.307  0.137 -0.035 171 141 141
-0.306  0.135 -0.038 184 159 149
-0.320  0.190 -0.041 157 151 116
-0.319  0.188 -0.038 144 136 99
-0.318  0.186 -0.034 129 126 96
-0.317  0.184 -0.031 113 105 96
-0.317  0.183 -0.028 106 97 92
-0.316  0.181 -0.026 148 93 83
-0.315  0.179 -0.023 167 95 73
-0.314  0.177 -0.020 174 90 69
-0.313  0.175 -0.017 185 103 74
-0.312  0.174 -0.014 186 98 76
-0.311  0.172 -0.010 191 95 72
-0.311  0.170 -0.007 195 90 65
-0.310  0.169 -0.006 192 90 64
-0.309  0.167 -0.004 204 92 66
-0.309  0.165 -0.004 217 88 69
-0.308  0.164 -0.003 221 90 69
-0.308  0.162 -0.003 223 95 73
-0.307  0.160 -0.004 212 93 77
-0.307  0.158 -0.004 179 81 76
-0.306  0.157 -0.005 155 83 78
-0.306  0.155 -0.006 151 85 81
-0.305  0.153 -0.007 154 87 84
-0.305  0.151 -0.009 160 90 86
-0.305  0.149 -0.016 177 90 92
-0.305  0.146 -0.020 165 108 115
-0.305  0.144 -0.023 149 125 137
-0.305  0.142 -0.030 204 150 131
-0.305  0.139 -0.035 218 142 119
-0.305  0.137 -0.040 196 141 131
-0.319  0.190 -0.044 158 153 117
-0.318  0.189 -0.040 147 141 99
-0.317  0.187 -0.037 132 130 97
-0.316  0.185 -0.033 115 105 100
-0.315  0.183 -0.031 103 97 97
-0.314  0.181 -0.029 128 91 87
-0.313  0.179 -0.026 164 94 74
-0.313  0.178 -0.023 177 92 68
-0.312  0.176 -0.020 182 94 69
-0.311  0.174 -0.017 187 95 72
-0.310  0.172 -0.014 193 100 73
-0.309  0.171 -0.011 184 96 73
-0.308  0.169 -0.009 172 77 64
-0.308  0.167 -0.008 189 84 63
-0.307  0.166 -0.007 209 85 67
-0.307  0.164 -0.006 223 93 76
-0.306  0.162 -0.007 243 105 84
-0.306  0.160 -0.007 230 107 92
-0.305  0.159 -0.008 169 86 86
-0.305  0.157 -0.009 151 88 85
-0.305  0.155 -0.010 162 91 86
-0.304  0.153 -0.012 169 91 87
-0.304  0.151 -0.014 177 92 88
-0.304  0.149 -0.021 168 100 101
-0.304  0.147 -0.024 141 112 127
-0.304  0.144 -0.029 171 127 142
-0.304  0.142 -0.036 218 154 140
-0.304  0.139 -0.039 225 144 119
-0.304  0.137 -0.044 206 143 128
-0.317  0.191 -0.046 157 149 114
-0.316  0.189 -0.041 149 145 99
-0.315  0.187 -0.038 133 133 98
-0.314  0.185 -0.036 116 113 100
-0.314  0.183 -0.033 101 98 100
-0.313  0.182 -0.031 105 93 95
-0.312  0.180 -0.029 130 94 87
-0.311  0.178 -0.027 168 96 74
-0.310  0.176 -0.024 181 93 69
-0.310  0.175 -0.021 187 96 70
-0.309  0.173 -0.017 190 97 73
-0.308  0.171 -0.014 148 94 85
-0.307  0.169 -0.013 139 77 77
-0.306  0.168 -0.011 176 80 69
-0.306  0.166 -0.010 208 87 65
-0.305  0.164 -0.009 225 95 69
-0.305  0.163 -0.010 241 107 82
-0.304  0.161 -0.011 211 117 97
-0.304  0.159 -0.011 138 104 113
-0.304  0.157 -0.012 128 96 94
-0.303  0.155 -0.014 154 101 91
-0.303  0.153 -0.016 171 97 89
-0.303  0.151 -0.019 185 98 88
-0.303  0.149 -0.024 150 110 105
-0.302  0.147 -0.028 131 121 130
-0.302  0.144 -0.032 192 133 124
-0.303  0.142 -0.041 226 142 119
-0.302  0.139 -0.045 222 140 117
-0.302  0.137 -0.048 208 148 129
-0.315  0.192 -0.048 156 148 113
-0.314  0.190 -0.043 150 145 100
-0.313  0.188 -0.039 137 136 97
-0.313  0.186 -0.038 125 124 98
-0.312  0.184 -0.036 111 105 96
-0.311  0.182 -0.034 103 95 94
-0.310  0.180 -0.031 106 93 94
-0.310  0.179 -0.030 137 89 82
-0.309  0.177 -0.027 166 90 70
-0.308  0.175 -0.024 180 96 72
-0.307  0.173 -0.021 167 101 79
-0.306  0.172 -0.018 117 94 102
-0.306  0.170 -0.016 111 91 105
-0.305  0.168 -0.015 132 87 91
-0.304  0.166 -0.013 172 90 78
-0.304  0.165 -0.012 203 99 74
-0.303  0.163 -0.013 217 104 80
-0.303  0.161 -0.014 187 120 108
-0.303  0.159 -0.016 127 122 144
-0.302  0.157 -0.017 115 104 112
-0.302  0.155 -0.019 131 106 97
-0.301  0.153 -0.020 162 102 91
-0.301  0.151 -0.023 187 104 89
-0.301  0.149 -0.026 175 111 102
-0.301  0.147 -0.030 173 119 120
-0.301  0.145 -0.035 211 130 108
-0.301  0.142 -0.044 223 138 113
-0.301  0.140 -0.048 216 138 120
-0.301  0.137 -0.052 208 157 136
-0.314  0.192 -0.049 152 146 117
-0.312  0.190 -0.043 149 142 102
-0.312  0.188 -0.041 141 141 99
-0.311  0.186 -0.040 137 130 93
-0.310  0.184 -0.038 134 103 83
-0.310  0.183 -0.036 127 96 81
-0.309  0.181 -0.034 122 93 81
-0.308  0.179 -0.034 130 89 77
-0.307  0.177 -0.030 151 85 72
-0.307  0.175 -0.027 167 87 72
-0.306  0.174 -0.023 161 88 79
-0.305  0.172 -0.021 136 87 96
-0.304  0.170 -0.020 113 93 112
-0.304  0.169 -0.017 101 94 111
-0.303  0.167 -0.017 118 90 102
-0.302  0.165 -0.016 144 94 91
-0.302  0.163 -0.017 181 96 81
-0.301  0.161 -0.018 191 110 92
-0.301  0.159 -0.018 174 119 115
-0.301  0.158 -0.020 137 113 122
-0.300  0.156 -0.021 119 115 114
-0.300  0.154 -0.023 143 118 99
-0.300  0.152 -0.025 172 120 96
-0.299  0.150 -0.029 192 115 98
-0.299  0.147 -0.032 207 118 104
-0.299  0.145 -0.038 220 128 105
-0.299  0.142 -0.046 218 138 123
-0.299  0.140 -0.051 212 137 126
-0.299  0.138 -0.055 209 162 141
-0.312  0.193 -0.052 152 144 118
-0.311  0.191 -0.045 146 138 104
-0.310  0.189 -0.043 144 140 101
-0.309  0.187 -0.041 146 118 87
-0.309  0.185 -0.040 149 101 76
-0.308  0.183 -0.038 144 95 73
-0.307  0.181 -0.037 137 92 73
-0.307  0.179 -0.036 133 90 73
-0.306  0.178 -0.033 149 85 76
-0.305  0.176 -0.029 165 86 75
-0.304  0.174 -0.025 171 85 81
-0.303  0.172 -0.023 175 98 95
-0.303  0.171 -0.022 132 87 94
-0.302  0.169 -0.020 94 89 102
-0.301  0.167 -0.019 90 89 104
-0.301  0.165 -0.019 97 91 105
-0.300  0.164 -0.019 125 90 99
-0.300  0.162 -0.020 152 101 96
-0.300  0.160 -0.022 188 112 105
-0.299  0.158 -0.023 147 123 131
-0.299  0.156 -0.024 114 123 129
-0.298  0.154 -0.026 125 133 103
-0.298  0.152 -0.028 146 141 104
-0.298  0.150 -0.031 177 153 113
-0.298  0.148 -0.035 192 143 117
-0.297  0.145 -0.041 203 122 108
-0.298  0.143 -0.050 208 127 121
-0.298  0.140 -0.055 209 138 128
-0.297  0.138 -0.059 208 166 142
-0.310  0.193 -0.054 157 143 115
-0.309  0.191 -0.048 143 135 103
-0.308  0.189 -0.045 135 137 105
-0.308  0.187 -0.044 136 115 88
-0.307  0.186 -0.042 150 103 77
-0.306  0.184 -0.040 151 96 72
-0.306  0.182 -0.040 144 94 72
-0.305  0.180 -0.039 132 94 75
-0.304  0.178 -0.035 142 101 81
-0.303  0.176 -0.032 163 86 78
-0.302  0.175 -0.028 178 84 80
-0.302  0.173 -0.025 179 95 92
-0.301  0.171 -0.024 128 99 87
-0.300  0.169 -0.023 90 89 97
-0.300  0.168 -0.021 85 88 95
-0.299  0.166 -0.021 86 91 99
-0.299  0.164 -0.023 93 91 104
-0.298  0.162 -0.023 110 98 118
-0.298  0.160 -0.025 144 117 135
-0.298  0.158 -0.026 126 126 146
-0.297  0.156 -0.028 110 129 135
-0.297  0.154 -0.030 121 143 107
-0.297  0.152 -0.032 132 164 118
-0.296  0.150 -0.035 161 192 144
-0.296  0.148 -0.038 172 178 136
-0.296  0.146 -0.044 186 122 112
-0.296  0.143 -0.054 198 124 117
-0.296  0.140 -0.059 206 141 129
-0.296  0.138 -0.064 210 173 144
-0.310  0.196 -0.068 172 151 115
-0.309  0.194 -0.058 160 141 112
-0.308  0.192 -0.051 144 141 101
-0.307  0.190 -0.049 133 138 103
-0.306  0.188 -0.047 129 121 91
-0.305  0.186 -0.045 151 104 79
-0.305  0.184 -0.043 147 98 76
-0.304  0.182 -0.043 135 92 73
-0.303  0.180 -0.042 126 97 79
-0.303  0.179 -0.038 131 129 90
-0.302  0.177 -0.035 142 116 87
-0.301  0.175 -0.031 154 114 88
-0.300  0.173 -0.029 149 124 94
-0.300  0.171 -0.027 120 130 98
-0.299  0.170 -0.027 96 117 111
-0.298  0.168 -0.025 87 91 103
-0.298  0.166 -0.025 86 93 102
-0.297  0.164 -0.027 86 96 113
-0.297  0.162 -0.027 94 108 138
-0.297  0.160 -0.028 105 120 151
-0.296  0.158 -0.030 108 126 151
-0.296  0.157 -0.031 108 133 135
-0.295  0.155 -0.032 124 151 113
-0.295  0.153 -0.035 134 176 125
-0.295  0.150 -0.038 151 199 149
-0.294  0.148 -0.042 166 192 143
-0.294  0.146 -0.050 181 125 116
-0.294  0.143 -0.059 193 129 119
-0.294  0.140 -0.064 201 152 134
-0.310  0.199 -0.077 176 149 111
-0.309  0.196 -0.072 170 145 109
-0.307  0.194 -0.063 160 140 110
-0.306  0.192 -0.054 146 146 99
-0.305  0.190 -0.052 136 141 97
-0.304  0.188 -0.050 132 125 89
-0.304  0.187 -0.048 154 103 78
-0.303  0.185 -0.046 136 103 78
-0.302  0.183 -0.046 116 94 76
-0.302  0.181 -0.045 113 100 82
-0.301  0.179 -0.042 123 142 92
-0.300  0.177 -0.039 125 139 93
-0.299  0.175 -0.035 128 145 96
-0.299  0.174 -0.033 127 153 102
-0.298  0.172 -0.031 127 163 119
-0.297  0.170 -0.030 117 163 142
-0.297  0.168 -0.029 105 127 120
-0.296  0.166 -0.029 94 105 114
-0.296  0.165 -0.030 88 105 129
-0.295  0.163 -0.030 91 117 144
-0.295  0.161 -0.031 96 127 156
-0.295  0.159 -0.033 104 141 160
-0.294  0.157 -0.034 117 142 142
-0.294  0.155 -0.035 130 153 118
-0.293  0.153 -0.039 137 176 124
-0.293  0.151 -0.042 148 193 138
-0.293  0.149 -0.045 163 177 139
-0.293  0.146 -0.057 182 131 119
-0.293  0.143 -0.065 191 145 128
-0.309  0.201 -0.087 177 148 112
-0.308  0.199 -0.081 169 140 107
-0.307  0.197 -0.076 167 141 106
-0.306  0.195 -0.065 155 142 108
-0.304  0.193 -0.057 144 145 96
-0.304  0.191 -0.055 137 142 95
-0.303  0.189 -0.052 145 122 86
-0.302  0.187 -0.050 158 104 76
-0.301  0.185 -0.049 124 105 81
-0.301  0.183 -0.049 102 101 85
-0.300  0.181 -0.047 103 108 90
-0.299  0.179 -0.045 119 141 94
-0.299  0.178 -0.042 118 143 95
-0.298  0.176 -0.038 118 155 98
-0.297  0.174 -0.036 121 163 106
-0.297  0.172 -0.035 131 178 123
-0.296  0.170 -0.033 133 186 142
-0.295  0.169 -0.032 123 167 130
-0.295  0.167 -0.032 104 126 116
-0.294  0.165 -0.032 95 122 132
-0.294  0.163 -0.033 100 129 147
-0.293  0.161 -0.034 101 146 170
-0.293  0.159 -0.036 105 165 186
-0.292  0.157 -0.037 137 151 167
-0.292  0.155 -0.038 146 144 117
-0.292  0.153 -0.043 137 165 126
-0.291  0.151 -0.046 142 186 144
-0.291  0.149 -0.049 161 155 140
-0.291  0.146 -0.061 183 137 126
-0.309  0.204 -0.094 178 149 111
-0.308  0.202 -0.090 170 141 107
-0.306  0.200 -0.084 164 135 102
-0.305  0.198 -0.078 162 139 103
-0.304  0.196 -0.068 150 144 105
-0.303  0.193 -0.060 140 140 93
-0.302  0.191 -0.057 136 136 93
-0.301  0.190 -0.054 156 115 86
-0.300  0.188 -0.053 153 105 79
-0.300  0.186 -0.051 114 106 88
-0.299  0.184 -0.051 98 110 101
-0.298  0.182 -0.049 99 116 104
-0.298  0.180 -0.048 112 138 104
-0.297  0.178 -0.045 116 146 99
-0.296  0.176 -0.041 118 154 98
-0.295  0.175 -0.038 122 165 106
-0.295  0.173 -0.038 130 179 118
-0.294  0.171 -0.036 138 185 128
-0.294  0.169 -0.035 128 172 127
-0.293  0.167 -0.035 114 144 117
-0.293  0.165 -0.036 102 132 128
-0.292  0.163 -0.036 104 137 147
-0.292  0.162 -0.037 102 159 182
-0.291  0.160 -0.038 112 185 209
-0.291  0.158 -0.039 163 153 179
-0.290  0.156 -0.042 176 134 121
-0.290  0.153 -0.046 141 151 143
-0.290  0.151 -0.050 130 175 170
-0.289  0.149 -0.053 142 154 165
-0.290  0.146 -0.065 169 146 146
-0.307  0.205 -0.098 172 145 109
-0.306  0.203 -0.093 164 137 101
-0.305  0.200 -0.087 161 133 97
-0.304  0.198 -0.081 159 135 99
-0.302  0.196 -0.070 147 142 103
-0.301  0.194 -0.063 137 137 92
-0.300  0.192 -0.060 135 133 91
-0.299  0.190 -0.058 151 116 86
-0.299  0.188 -0.055 135 106 84
-0.298  0.186 -0.053 107 113 100
-0.297  0.184 -0.053 96 119 118
-0.297  0.182 -0.052 102 125 120
-0.296  0.180 -0.050 111 141 124
-0.295  0.179 -0.047 110 147 114
-0.294  0.177 -0.043 115 151 106
-0.294  0.175 -0.042 122 159 107
-0.293  0.173 -0.041 135 179 115
-0.293  0.171 -0.040 127 159 118
-0.292  0.169 -0.038 116 146 117
-0.291  0.168 -0.038 109 132 115
-0.291  0.166 -0.039 103 120 121
-0.291  0.164 -0.040 107 131 141
-0.290  0.162 -0.041 111 156 178
-0.290  0.160 -0.043 138 174 196
-0.289  0.158 -0.044 201 148 153
-0.289  0.156 -0.046 205 138 131
-0.289  0.154 -0.051 145 146 161
-0.288  0.151 -0.055 120 163 182
-0.288  0.149 -0.058 122 164 188
-0.288  0.146 -0.071 145 156 165
-0.288  0.143 -0.079 163 171 168
-0.305  0.206 -0.101 168 142 107
-0.304  0.203 -0.095 161 135 98
-0.303  0.201 -0.090 159 131 96
-0.302  0.199 -0.084 157 131 98
-0.300  0.197 -0.074 146 133 102
-0.299  0.195 -0.066 136 131 93
-0.298  0.193 -0.064 134 136 93
-0.298  0.191 -0.061 133 124 91
-0.297  0.189 -0.058 113 105 90
-0.296  0.187 -0.056 104 119 110
-0.296  0.185 -0.056 96 127 128
-0.295  0.183 -0.054 103 133 134
-0.294  0.181 -0.052 106 144 144
-0.294  0.179 -0.050 100 144 138
-0.293  0.177 -0.046 102 141 122
-0.292  0.175 -0.045 114 146 110
-0.292  0.174 -0.044 139 180 115
-0.291  0.172 -0.043 111 129 112
-0.290  0.170 -0.042 98 115 108
-0.290  0.168 -0.042 95 108 112
-0.289  0.166 -0.043 98 104 115
-0.289  0.164 -0.044 120 115 122
-0.288  0.162 -0.045 146 133 137
-0.288  0.160 -0.047 179 139 142
-0.288  0.158 -0.048 231 139 118
-0.287  0.156 -0.051 214 144 131
-0.287  0.154 -0.055 143 140 159
-0.287  0.152 -0.059 116 150 168
-0.286  0.149 -0.063 116 163 185
-0.286  0.146 -0.075 136 161 171
-0.286  0.144 -0.082 158 175 173
-0.303  0.206 -0.104 166 140 106
-0.302  0.204 -0.098 160 135 99
-0.301  0.202 -0.094 157 130 96
-0.300  0.200 -0.087 155 129 98
-0.299  0.197 -0.076 145 124 102
-0.298  0.195 -0.070 135 122 93
-0.297  0.193 -0.067 131 137 96
-0.296  0.191 -0.064 117 127 94
-0.295  0.189 -0.061 103 101 92
-0.295  0.187 -0.060 102 116 111
-0.294  0.185 -0.059 97 133 131
-0.293  0.183 -0.057 96 138 143
-0.293  0.181 -0.055 95 144 156
-0.292  0.180 -0.053 94 146 156
-0.291  0.178 -0.050 94 138 139
-0.291  0.176 -0.048 104 137 117
-0.290  0.174 -0.048 136 179 117
-0.289  0.172 -0.047 107 133 121
-0.289  0.170 -0.046 93 102 110
-0.288  0.168 -0.046 91 107 120
-0.288  0.166 -0.047 98 107 127
-0.287  0.164 -0.048 121 114 122
-0.287  0.163 -0.049 160 114 109
-0.286  0.160 -0.051 200 120 101
-0.286  0.158 -0.052 223 131 108
-0.286  0.156 -0.056 186 137 128
-0.285  0.154 -0.060 131 131 146
-0.285  0.152 -0.064 114 143 160
-0.285  0.150 -0.069 115 158 178
-0.285  0.147 -0.080 138 169 178
-0.284  0.144 -0.087 161 176 173
-0.301  0.207 -0.104 168 142 107
-0.300  0.205 -0.100 163 137 103
-0.299  0.202 -0.095 155 131 99
-0.298  0.200 -0.088 152 130 99
-0.297  0.198 -0.081 144 124 101
-0.296  0.196 -0.073 134 118 93
-0.295  0.194 -0.069 128 135 98
-0.294  0.192 -0.066 112 123 96
-0.294  0.190 -0.064 101 101 92
-0.293  0.188 -0.062 101 110 105
-0.292  0.186 -0.061 100 135 125
-0.292  0.184 -0.059 97 140 141
-0.291  0.182 -0.059 99 146 155
-0.290  0.180 -0.056 99 149 159
-0.290  0.178 -0.054 98 142 145
-0.289  0.176 -0.052 100 131 119
-0.288  0.174 -0.052 130 172 115
-0.288  0.173 -0.051 113 153 133
-0.287  0.171 -0.051 95 103 116
-0.287  0.169 -0.050 89 110 130
-0.286  0.167 -0.050 100 120 146
-0.286  0.165 -0.052 110 131 155
-0.285  0.163 -0.052 131 124 134
-0.285  0.161 -0.055 168 129 121
-0.284  0.159 -0.056 173 126 122
-0.284  0.157 -0.060 137 125 136
-0.284  0.154 -0.064 113 133 151
-0.283  0.152 -0.069 117 155 168
-0.283  0.150 -0.074 127 170 180
-0.283  0.147 -0.084 147 177 182
-0.298  0.205 -0.099 168 140 105
-0.297  0.203 -0.095 158 134 100
-0.296  0.201 -0.089 152 130 100
-0.295  0.198 -0.082 143 125 101
-0.294  0.196 -0.076 132 118 94
-0.293  0.194 -0.074 124 121 99
-0.293  0.192 -0.070 109 114 100
-0.292  0.190 -0.067 103 102 95
-0.291  0.188 -0.065 100 106 101
-0.290  0.186 -0.064 107 137 109
-0.290  0.184 -0.063 110 136 121
-0.289  0.182 -0.061 124 129 129
-0.289  0.181 -0.059 122 136 136
-0.288  0.179 -0.057 114 128 130
-0.287  0.177 -0.056 105 117 108
-0.287  0.175 -0.056 126 157 110
-0.286  0.173 -0.055 116 153 132
-0.286  0.171 -0.055 98 101 120
-0.285  0.169 -0.054 87 105 133
-0.284  0.167 -0.054 98 121 152
-0.284  0.165 -0.056 103 129 166
-0.283  0.163 -0.056 108 130 152
-0.283  0.161 -0.059 120 138 148
-0.283  0.159 -0.060 120 134 154
-0.282  0.157 -0.064 110 139 161
-0.282  0.155 -0.071 112 154 175
-0.281  0.152 -0.075 126 178 179
-0.281  0.150 -0.079 143 180 172
-0.281  0.147 -0.087 159 178 168
-0.295  0.204 -0.096 165 139 103
-0.294  0.201 -0.091 155 132 101
-0.293  0.199 -0.085 144 127 101
-0.292  0.197 -0.081 131 119 97
-0.292  0.195 -0.077 117 109 100
-0.291  0.193 -0.074 108 105 102
-0.290  0.191 -0.071 105 104 103
-0.289  0.189 -0.069 102 111 103
-0.289  0.187 -0.068 114 140 99
-0.288  0.185 -0.066 127 132 95
-0.287  0.183 -0.065 154 107 96
-0.287  0.181 -0.063 157 114 104
-0.286  0.179 -0.061 145 103 103
-0.286  0.177 -0.060 130 98 92
-0.285  0.175 -0.060 131 124 101
-0.284  0.173 -0.060 115 123 115
-0.284  0.171 -0.059 107 95 110
-0.283  0.169 -0.058 98 103 130
-0.283  0.168 -0.058 98 114 142
-0.282  0.166 -0.060 102 122 149
-0.282  0.164 -0.061 100 126 151
-0.281  0.161 -0.065 108 142 158
-0.281  0.159 -0.067 113 159 174
-0.281  0.157 -0.072 119 173 185
-0.280  0.155 -0.078 129 186 188
-0.280  0.152 -0.083 132 181 169
-0.279  0.150 -0.087 155 184 149
-0.279  0.148 -0.091 168 181 153
-0.292  0.202 -0.093 160 137 104
-0.291  0.200 -0.088 148 128 98
-0.291  0.198 -0.084 138 123 97
-0.290  0.196 -0.081 124 115 99
-0.289  0.193 -0.079 117 109 103
-0.288  0.191 -0.075 104 108 106
-0.288  0.189 -0.073 101 108 105
-0.287  0.187 -0.071 112 135 101
-0.286  0.185 -0.070 127 144 97
-0.286  0.183 -0.069 148 136 100
-0.285  0.182 -0.067 164 128 107
-0.284  0.180 -0.066 170 100 99
-0.284  0.178 -0.064 174 99 90
-0.283  0.176 -0.064 159 93 90
-0.283  0.174 -0.063 138 87 91
-0.282  0.172 -0.063 129 87 89
-0.282  0.170 -0.062 120 94 108
-0.281  0.168 -0.062 119 131 126
-0.281  0.166 -0.065 112 134 140
-0.280  0.164 -0.066 105 124 146
-0.280  0.162 -0.070 112 135 153
-0.279  0.159 -0.073 123 160 165
-0.279  0.157 -0.077 130 172 171
-0.278  0.155 -0.084 142 180 156
-0.278  0.152 -0.088 144 172 139
-0.278  0.150 -0.091 159 179 141
-0.277  0.148 -0.094 176 181 150
-0.290  0.200 -0.092 154 133 101
-0.289  0.198 -0.088 140 123 97
-0.288  0.196 -0.085 134 121 96
-0.287  0.194 -0.082 126 115 100
-0.287  0.192 -0.079 112 109 104
-0.286  0.190 -0.076 104 111 106
-0.285  0.188 -0.075 107 127 101
-0.285  0.186 -0.074 124 149 98
-0.284  0.184 -0.074 137 166 111
-0.283  0.182 -0.072 148 160 115
-0.283  0.180 -0.070 142 111 94
-0.282  0.178 -0.069 165 93 85
-0.282  0.176 -0.068 172 94 89
-0.281  0.174 -0.068 164 87 87
-0.280  0.172 -0.067 151 81 80
-0.280  0.170 -0.066 147 90 88
-0.279  0.168 -0.066 141 150 109
-0.279  0.166 -0.069 134 160 136
-0.278  0.164 -0.071 116 125 138
-0.278  0.162 -0.075 114 130 145
-0.277  0.160 -0.081 136 165 148
-0.277  0.157 -0.085 132 154 145
-0.277  0.155 -0.089 142 157 131
-0.276  0.153 -0.092 155 169 135
-0.276  0.150 -0.096 166 178 146
-0.287  0.199 -0.089 147 130 99
-0.286  0.197 -0.086 139 125 96
-0.285  0.195 -0.084 134 122 99
-0.285  0.193 -0.082 128 119 100
-0.284  0.191 -0.080 119 127 99
-0.283  0.189 -0.079 116 135 97
-0.283  0.187 -0.078 124 139 92
-0.282  0.185 -0.078 126 155 106
-0.282  0.183 -0.076 129 142 103
-0.281  0.181 -0.074 126 109 88
-0.280  0.179 -0.073 160 94 76
-0.280  0.177 -0.072 163 90 79
-0.279  0.175 -0.072 159 81 77
-0.279  0.173 -0.072 160 78 80
-0.278  0.171 -0.071 174 92 90
-0.277  0.169 -0.071 166 139 106
-0.277  0.167 -0.073 160 156 128
-0.276  0.165 -0.075 128 118 126
-0.276  0.162 -0.077 111 124 139
-0.276  0.160 -0.085 116 127 144
-0.275  0.158 -0.089 124 134 151
-0.275  0.155 -0.093 146 153 144
-0.274  0.153 -0.095 162 166 146
-0.274  0.151 -0.100 174 175 151
-0.284  0.197 -0.089 145 130 98
-0.284  0.195 -0.086 140 127 97
-0.283  0.193 -0.084 136 125 98
-0.282  0.191 -0.082 128 141 94
-0.282  0.189 -0.081 122 146 96
-0.281  0.187 -0.081 119 143 95
-0.280  0.185 -0.080 121 149 97
-0.280  0.183 -0.080 122 124 91
-0.279  0.181 -0.079 129 106 84
-0.279  0.179 -0.078 165 99 77
-0.278  0.177 -0.078 172 93 78
-0.277  0.175 -0.077 167 83 77
-0.277  0.173 -0.077 180 82 80
-0.276  0.171 -0.075 196 94 93
-0.276  0.169 -0.075 199 108 102
-0.275  0.167 -0.077 185 116 107
-0.275  0.165 -0.079 138 112 119
-0.274  0.163 -0.082 113 120 133
-0.274  0.160 -0.091 116 129 148
-0.273  0.158 -0.095 125 140 162
-0.273  0.156 -0.097 148 153 153
-0.272  0.154 -0.099 168 164 148
-0.272  0.151 -0.102 187 173 149
-0.282  0.196 -0.089 141 129 100
-0.281  0.194 -0.086 134 130 99
-0.280  0.192 -0.085 127 142 95
-0.280  0.190 -0.084 127 153 95
-0.279  0.188 -0.084 127 154 101
-0.279  0.186 -0.083 121 147 99
-0.278  0.184 -0.083 125 129 95
-0.277  0.182 -0.082 135 105 87
-0.277  0.180 -0.081 173 103 79
-0.276  0.178 -0.081 188 97 78
-0.276  0.176 -0.081 197 96 78
-0.275  0.173 -0.081 210 97 81
-0.274  0.172 -0.079 223 105 92
-0.274  0.170 -0.079 227 128 109
-0.273  0.167 -0.080 185 127 114
-0.273  0.165 -0.082 140 119 125
-0.272  0.163 -0.085 116 123 142
-0.272  0.161 -0.091 114 131 155
-0.271  0.159 -0.095 121 140 161
-0.271  0.156 -0.099 149 155 154
-0.270  0.154 -0.102 175 166 150
-0.279  0.194 -0.087 144 132 100
-0.278  0.192 -0.085 134 136 103
-0.278  0.190 -0.085 135 154 101
-0.277  0.188 -0.085 141 169 113
-0.277  0.186 -0.085 141 173 121
-0.276  0.184 -0.086 137 126 107
-0.275  0.182 -0.085 139 113 94
-0.275  0.180 -0.085 175 103 85
-0.274  0.178 -0.085 195 101 78
-0.274  0.176 -0.085 211 101 78
-0.273  0.174 -0.085 224 108 82
-0.273  0.172 -0.084 235 117 91
-0.272  0.170 -0.084 225 130 104
-0.271  0.168 -0.085 177 127 116
-0.271  0.166 -0.087 149 128 129
-0.270  0.164 -0.089 131 129 140
-0.270  0.161 -0.095 125 131 150
-0.269  0.159 -0.098 140 143 152
-0.269  0.157 -0.101 168 162 150
-0.276  0.193 -0.086 153 140 115
-0.276  0.191 -0.086 145 143 113
-0.275  0.189 -0.086 151 146 112
-0.275  0.187 -0.086 154 148 115
-0.274  0.185 -0.086 152 139 113
-0.273  0.183 -0.086 149 134 109
-0.273  0.181 -0.086 172 118 103
-0.272  0.179 -0.087 195 105 89
-0.272  0.177 -0.087 215 103 83
-0.271  0.174 -0.088 229 109 85
-0.271  0.172 -0.087 228 123 97
-0.270  0.170 -0.087 199 133 111
-0.269  0.168 -0.088 172 138 124
-0.269  0.166 -0.090 161 143 135
-0.268  0.164 -0.092 156 149 142
-0.268  0.162 -0.099 162 151 146
-0.273  0.189 -0.087 164 147 120
-0.273  0.187 -0.087 153 147 116
-0.272  0.185 -0.087 157 140 118
-0.272  0.183 -0.087 157 141 117
-0.271  0.181 -0.088 161 136 118
-0.270  0.179 -0.089 177 134 114
-0.270  0.177 -0.090 193 130 106
-0.269  0.175 -0.091 199 129 107
-0.269  0.173 -0.090 194 137 120
-0.268  0.171 -0.091 183 144 128

