-0.381  0.281 -0.138 226 189 125
-0.378  0.282 -0.142 228 189 111
-0.377  0.281 -0.144 222 185 105
-0.376  0.279 -0.146 223 183 107
-0.374  0.278 -0.148 224 184 106
-0.373  0.276 -0.150 224 181 102
-0.371  0.275 -0.152 219 178 100
-0.370  0.273 -0.154 218 177 100
-0.505  0.012 -0.023 223 179 99
-0.505  0.009 -0.023 224 181 103
-0.505  0.006 -0.023 223 183 106
-0.505  0.004 -0.023 224 184 107
-0.505  0.002 -0.024 226 188 109
-0.506 -0.001 -0.023 229 189 115
-0.510  0.023 -0.012 220 182 110
-0.509  0.022 -0.013 221 179 98
-0.508  0.022 -0.014 230 175 85
-0.508  0.020 -0.015 233 174 72
-0.507  0.019 -0.016 230 173 68
-0.506  0.018 -0.017 231 174 68
-0.506  0.016 -0.018 232 179 70
-0.506  0.015 -0.019 232 176 70
-0.505  0.013 -0.019 231 177 69
-0.505  0.012 -0.020 230 176 70
-0.504  0.010 -0.021 230 178 70
-0.505  0.008 -0.021 231 178 71
-0.505  0.005 -0.021 232 179 72
-0.505  0.003 -0.022 233 176 71
-0.505  0.001 -0.022 234 178 73
-0.505 -0.002 -0.022 232 176 78
-0.505 -0.004 -0.023 228 179 91
-0.504 -0.005 -0.024 224 182 104
-0.504 -0.006 -0.025 224 185 114
-0.512  0.021 -0.007 223 182 102
-0.510  0.022 -0.009 222 179 90
-0.509  0.022 -0.010 228 172 69
-0.509  0.020 -0.011 231 175 67
-0.508  0.020 -0.013 233 174 69
-0.507  0.018 -0.013 232 175 69
-0.507  0.017 -0.014 231 176 69
-0.506  0.016 -0.015 231 174 67
-0.506  0.014 -0.016 232 177 69
-0.505  0.013 -0.017 232 175 67
-0.505  0.011 -0.018 233 178 67
-0.505  0.009 -0.018 233 177 69
-0.504  0.009 -0.019 232 178 70
-0.504  0.006 -0.020 232 178 69
-0.504  0.004 -0.020 233 179 69
-0.504  0.002 -0.020 232 179 70
-0.504  0.000 -0.021 233 179 70
-0.504 -0.002 -0.021 234 178 69
-0.504 -0.004 -0.022 233 178 69
-0.503 -0.005 -0.023 232 175 71
-0.503 -0.006 -0.024 229 175 76
-0.502 -0.007 -0.025 228 179 89
-0.501 -0.008 -0.026 225 184 106
-0.500 -0.008 -0.027 225 190 123
-0.515  0.022 -0.001 211 141 115
-0.514  0.022 -0.002 224 169 110
-0.513  0.021 -0.003 225 182 105
-0.512  0.021 -0.005 228 175 86
-0.511  0.021 -0.006 233 178 68
-0.510  0.021 -0.008 230 179 71
-0.509  0.020 -0.009 232 176 70
-0.508  0.019 -0.010 233 176 68
-0.507  0.018 -0.011 232 176 68
-0.507  0.016 -0.012 233 174 68
-0.506  0.015 -0.013 232 177 70
-0.506  0.014 -0.013 230 177 69
-0.505  0.013 -0.014 232 177 68
-0.505  0.011 -0.015 231 176 68
-0.505  0.010 -0.016 231 180 69
-0.504  0.008 -0.017 232 178 69
-0.503  0.007 -0.018 234 175 69
-0.503  0.005 -0.018 233 179 68
-0.504  0.002 -0.018 232 178 67
-0.503  0.001 -0.019 231 179 71
-0.503 -0.001 -0.020 232 179 69
-0.503 -0.003 -0.020 233 179 70
-0.503 -0.004 -0.021 232 179 68
-0.502 -0.006 -0.022 232 177 71
-0.502 -0.007 -0.023 232 176 71
-0.501 -0.007 -0.024 232 177 72
-0.500 -0.008 -0.025 229 176 74
-0.499 -0.008 -0.026 226 176 87
-0.498 -0.009 -0.028 223 181 106
-0.515  0.022  0.001 196 125 91
-0.514  0.021  0.000 207 142 83
-0.513  0.021 -0.001 228 166 73
-0.512  0.021 -0.002 233 174 71
-0.511  0.020 -0.003 234 175 68
-0.510  0.019 -0.005 235 179 69
-0.509  0.019 -0.006 232 175 69
-0.508  0.019 -0.007 232 176 70
-0.508  0.017 -0.008 230 174 68
-0.507  0.016 -0.009 234 178 68
-0.507  0.015 -0.010 234 175 67
-0.506  0.013 -0.011 234 174 68
-0.505  0.012 -0.012 230 178 68
-0.505  0.011 -0.013 233 176 66
-0.504  0.010 -0.013 232 175 67
-0.504  0.008 -0.014 231 180 69
-0.504  0.006 -0.015 233 178 67
-0.503  0.005 -0.016 234 177 68
-0.503  0.003 -0.016 234 180 67
-0.503  0.001 -0.017 233 178 68
-0.503 -0.001 -0.017 232 179 69
-0.502 -0.002 -0.018 233 179 70
-0.502 -0.004 -0.019 232 179 70
-0.501 -0.004 -0.020 232 178 69
-0.500 -0.005 -0.021 231 178 72
-0.500 -0.006 -0.022 233 177 69
-0.499 -0.007 -0.023 234 178 69
-0.498 -0.007 -0.024 231 177 71
-0.498 -0.008 -0.025 229 174 73
-0.497 -0.010 -0.026 226 173 77
-0.496 -0.010 -0.028 225 180 92
-0.495 -0.011 -0.029 225 185 112
-0.514  0.021  0.003 201 134 70
-0.513  0.021  0.002 220 167 71
-0.512  0.020  0.000 231 174 69
-0.511  0.020 -0.001 233 176 70
-0.510  0.019 -0.002 235 173 69
-0.509  0.018 -0.003 234 178 71
-0.508  0.018 -0.005 232 175 68
-0.508  0.017 -0.006 232 174 68
-0.507  0.016 -0.006 230 173 67
-0.506  0.015 -0.008 233 175 67
-0.506  0.013 -0.008 234 178 67
-0.506  0.011 -0.009 234 176 68
-0.505  0.010 -0.010 233 177 67
-0.505  0.009 -0.011 233 178 67
-0.504  0.007 -0.011 233 178 68
-0.504  0.006 -0.012 234 180 68
-0.504  0.004 -0.013 234 178 67
-0.504  0.002 -0.013 234 179 69
-0.503  0.001 -0.014 234 179 68
-0.503 -0.001 -0.015 234 178 69
-0.503 -0.003 -0.016 234 179 68
-0.502 -0.004 -0.016 234 178 71
-0.502 -0.005 -0.017 233 178 70
-0.501 -0.005 -0.019 232 177 70
-0.500 -0.006 -0.020 232 178 71
-0.499 -0.007 -0.021 233 178 69
-0.498 -0.007 -0.022 235 179 70
-0.497 -0.008 -0.023 234 179 71
-0.496 -0.009 -0.024 232 178 72
-0.496 -0.009 -0.026 231 176 74
-0.495 -0.010 -0.027 230 176 72
-0.494 -0.011 -0.028 229 176 79
-0.493 -0.012 -0.029 224 182 105
-0.514  0.021  0.005 205 157 101
-0.513  0.020  0.004 222 163 65
-0.512  0.020  0.003 228 173 67
-0.511  0.019  0.002 230 171 68
-0.510  0.019  0.000 233 178 70
-0.509  0.018 -0.001 234 174 69
-0.509  0.017 -0.002 233 177 73
-0.508  0.016 -0.003 234 174 66
-0.507  0.015 -0.004 236 176 67
-0.507  0.013 -0.004 234 175 67
-0.507  0.012 -0.005 234 178 67
-0.506  0.011 -0.006 235 180 67
-0.506  0.009 -0.007 236 177 66
-0.505  0.008 -0.008 234 177 66
-0.505  0.006 -0.009 234 178 67
-0.504  0.005 -0.010 233 178 68
-0.504  0.003 -0.010 234 179 69
-0.504  0.002 -0.011 235 178 69
-0.503  0.000 -0.012 235 182 69
-0.503 -0.002 -0.012 235 179 68
-0.503 -0.003 -0.013 235 179 69
-0.502 -0.004 -0.014 235 179 70
-0.502 -0.005 -0.015 234 177 71
-0.501 -0.006 -0.016 233 178 71
-0.500 -0.006 -0.017 232 177 69
-0.499 -0.007 -0.018 234 179 70
-0.498 -0.007 -0.020 235 179 70
-0.497 -0.008 -0.021 235 179 72
-0.496 -0.008 -0.022 234 181 72
-0.495 -0.009 -0.024 234 181 72
-0.495 -0.010 -0.025 235 178 72
-0.494 -0.010 -0.026 234 177 69
-0.493 -0.011 -0.027 231 176 69
-0.492 -0.012 -0.028 229 175 77
-0.492 -0.013 -0.029 227 182 104
-0.513  0.019  0.007 213 161 82
-0.512  0.018  0.006 230 173 66
-0.511  0.018  0.004 233 173 68
-0.511  0.017  0.003 233 175 67
-0.510  0.017  0.002 235 176 69
-0.509  0.016  0.001 234 175 69
-0.508  0.015  0.000 234 175 69
-0.508  0.013 -0.001 235 176 67
-0.507  0.012 -0.002 237 179 68
-0.507  0.011 -0.002 234 177 66
-0.507  0.009 -0.003 234 181 68
-0.506  0.008 -0.004 235 178 67
-0.506  0.006 -0.005 235 176 67
-0.506  0.005 -0.006 234 178 67
-0.505  0.004 -0.007 235 179 67
-0.505  0.002 -0.007 234 178 66
-0.504  0.001 -0.008 234 176 68
-0.504 -0.000 -0.009 235 176 67
-0.503 -0.002 -0.010 235 179 70
-0.503 -0.003 -0.011 236 177 69
-0.502 -0.005 -0.011 235 178 69
-0.502 -0.006 -0.012 233 178 70
-0.501 -0.007 -0.013 232 176 69
-0.500 -0.008 -0.014 233 178 70
-0.499 -0.008 -0.016 234 179 68
-0.498 -0.008 -0.017 236 178 70
-0.497 -0.008 -0.019 235 178 71
-0.496 -0.008 -0.020 235 180 73
-0.495 -0.009 -0.021 235 181 72
-0.494 -0.009 -0.022 236 182 71
-0.493 -0.010 -0.023 236 180 71
-0.493 -0.011 -0.025 235 178 69
-0.492 -0.012 -0.026 234 178 69
-0.491 -0.013 -0.027 233 177 71
-0.490 -0.013 -0.028 234 178 79
-0.490 -0.014 -0.029 232 185 106
-0.515  0.021  0.011 200 123 105
-0.514  0.020  0.010 193 135 94
-0.513  0.019  0.009 202 143 85
-0.512  0.018  0.008 230 172 67
-0.512  0.017  0.007 234 174 65
-0.511  0.016  0.006 234 176 67
-0.510  0.016  0.005 236 176 69
-0.509  0.015  0.004 236 176 68
-0.509  0.013  0.003 233 177 68
-0.508  0.013  0.002 232 175 65
-0.508  0.011  0.001 235 178 66
-0.507  0.010  0.000 235 176 67
-0.507  0.008 -0.000 235 176 65
-0.507  0.007 -0.001 233 177 67
-0.506  0.005 -0.002 234 176 67
-0.506  0.004 -0.003 234 175 66
-0.505  0.003 -0.004 236 177 66
-0.505  0.002 -0.005 235 177 65
-0.504  0.000 -0.006 234 176 65
-0.504 -0.001 -0.006 234 178 69
-0.503 -0.002 -0.007 235 177 69
-0.503 -0.003 -0.008 236 181 69
-0.502 -0.005 -0.009 237 178 67
-0.502 -0.006 -0.010 233 177 69
-0.501 -0.007 -0.011 232 174 69
-0.501 -0.008 -0.012 231 172 68
-0.500 -0.009 -0.013 234 179 69
-0.499 -0.009 -0.014 234 179 67
-0.498 -0.009 -0.016 236 178 71
-0.496 -0.009 -0.017 235 177 72
-0.496 -0.010 -0.018 235 178 73
-0.494 -0.010 -0.020 235 179 72
-0.493 -0.010 -0.021 236 181 70
-0.493 -0.011 -0.022 235 181 71
-0.492 -0.011 -0.024 235 180 71
-0.491 -0.012 -0.025 235 178 70
-0.490 -0.012 -0.026 234 179 71
-0.489 -0.014 -0.027 237 179 72
-0.489 -0.015 -0.028 237 181 82
-0.488 -0.015 -0.029 232 186 111
-0.514  0.019  0.013 188 146 111
-0.513  0.018  0.012 180 138 91
-0.513  0.018  0.011 217 160 68
-0.512  0.017  0.010 234 177 68
-0.511  0.016  0.009 234 172 67
-0.510  0.015  0.007 234 180 69
-0.510  0.014  0.007 234 176 69
-0.509  0.013  0.005 233 177 68
-0.509  0.012  0.005 233 176 65
-0.508  0.011  0.004 233 180 67
-0.508  0.009  0.003 234 177 66
-0.507  0.008  0.002 233 175 65
-0.507  0.006  0.001 233 176 63
-0.506  0.005  0.000 234 174 65
-0.506  0.003 -0.000 234 180 67
-0.506  0.002 -0.001 233 178 67
-0.505  0.000 -0.002 235 179 65
-0.505 -0.001 -0.003 235 176 65
-0.504 -0.002 -0.004 234 178 67
-0.504 -0.003 -0.004 232 179 69
-0.503 -0.005 -0.005 234 176 70
-0.503 -0.006 -0.006 235 181 68
-0.502 -0.007 -0.007 236 176 66
-0.502 -0.008 -0.008 233 177 68
-0.501 -0.009 -0.009 232 177 69
-0.500 -0.009 -0.010 232 175 68
-0.499 -0.010 -0.011 236 177 68
-0.498 -0.010 -0.013 234 179 70
-0.497 -0.010 -0.014 233 178 71
-0.496 -0.010 -0.016 234 177 73
-0.495 -0.010 -0.017 234 177 70
-0.493 -0.010 -0.019 234 181 71
-0.492 -0.010 -0.020 235 181 71
-0.492 -0.012 -0.021 235 180 70
-0.491 -0.012 -0.022 235 181 71
-0.490 -0.012 -0.024 235 179 70
-0.489 -0.013 -0.025 235 177 69
-0.489 -0.014 -0.026 238 179 70
-0.488 -0.015 -0.027 238 179 73
-0.487 -0.016 -0.028 238 182 85
-0.513  0.017  0.013 198 143 87
-0.512  0.016  0.012 227 170 63
-0.511  0.015  0.011 235 179 68
-0.511  0.014  0.010 236 176 68
-0.510  0.013  0.009 233 176 67
-0.510  0.012  0.008 233 178 69
-0.509  0.011  0.007 231 173 67
-0.508  0.010  0.006 233 178 67
-0.508  0.009  0.005 235 177 66
-0.507  0.007  0.004 234 178 65
-0.507  0.005  0.004 235 175 63
-0.507  0.004  0.003 234 177 65
-0.506  0.003  0.002 235 176 67
-0.506  0.001  0.002 235 180 68
-0.506 -0.001  0.001 236 176 65
-0.505 -0.002 -0.000 237 182 65
-0.505 -0.003 -0.001 238 178 63
-0.504 -0.005 -0.002 235 176 66
-0.504 -0.005 -0.003 233 178 68
-0.503 -0.007 -0.004 233 178 69
-0.502 -0.007 -0.005 234 177 67
-0.502 -0.009 -0.005 235 175 65
-0.501 -0.009 -0.006 233 177 68
-0.500 -0.010 -0.008 234 179 68
-0.500 -0.011 -0.009 234 177 66
-0.498 -0.011 -0.010 237 176 67
-0.497 -0.011 -0.012 235 177 70
-0.496 -0.011 -0.013 234 179 70
-0.495 -0.011 -0.014 233 177 70
-0.494 -0.011 -0.016 234 178 70
-0.493 -0.011 -0.017 233 181 71
-0.491 -0.011 -0.019 234 181 71
-0.491 -0.012 -0.020 235 180 69
-0.490 -0.012 -0.021 236 181 70
-0.489 -0.013 -0.023 236 181 69
-0.488 -0.014 -0.024 236 179 70
-0.487 -0.015 -0.025 238 179 69
-0.486 -0.015 -0.026 238 179 69
-0.486 -0.016 -0.027 239 180 74
-0.485 -0.018 -0.028 235 190 102
-0.513  0.015  0.015 213 162 86
-0.512  0.014  0.014 232 175 64
-0.511  0.013  0.013 237 177 65
-0.510  0.012  0.012 235 177 68
-0.510  0.011  0.011 235 178 67
-0.509  0.010  0.010 235 178 69
-0.509  0.009  0.009 233 177 69
-0.508  0.007  0.008 235 176 66
-0.508  0.006  0.007 234 175 65
-0.507  0.005  0.006 236 178 63
-0.507  0.003  0.006 234 177 63
-0.507  0.002  0.005 234 176 65
-0.506  0.000  0.004 237 176 67
-0.506 -0.001  0.003 236 177 68
-0.505 -0.002  0.003 238 173 64
-0.505 -0.004  0.002 237 181 63
-0.504 -0.005  0.001 236 181 64
-0.504 -0.006  0.000 235 178 64
-0.503 -0.007 -0.001 234 177 65
-0.503 -0.008 -0.002 236 177 68
-0.502 -0.009 -0.003 235 176 68
-0.501 -0.010 -0.004 234 177 66
-0.501 -0.010 -0.005 234 178 68
-0.500 -0.011 -0.006 235 180 68
-0.499 -0.011 -0.008 236 178 66
-0.498 -0.012 -0.009 239 179 68
-0.497 -0.012 -0.010 236 178 69
-0.496 -0.012 -0.012 236 180 70
-0.494 -0.012 -0.013 234 177 68
-0.493 -0.012 -0.015 235 179 70
-0.492 -0.012 -0.016 234 182 71
-0.490 -0.012 -0.018 233 182 71
-0.490 -0.013 -0.019 234 180 68
-0.489 -0.013 -0.020 238 181 70
-0.488 -0.013 -0.021 238 181 71
-0.487 -0.014 -0.022 237 181 70
-0.487 -0.015 -0.023 238 179 68
-0.486 -0.016 -0.025 238 179 67
-0.485 -0.017 -0.025 239 179 69
-0.485 -0.019 -0.026 239 186 86
-0.512  0.014  0.016 219 164 88
-0.511  0.012  0.015 235 177 65
-0.511  0.011  0.014 237 179 66
-0.510  0.011  0.013 237 178 65
-0.510  0.009  0.013 238 175 66
-0.509  0.008  0.012 235 173 66
-0.509  0.007  0.011 235 179 69
-0.508  0.005  0.010 236 174 66
-0.508  0.004  0.009 233 174 68
-0.507  0.003  0.008 234 176 65
-0.507  0.001  0.008 235 177 65
-0.507 -0.000  0.007 233 176 65
-0.506 -0.002  0.006 235 179 70
-0.506 -0.003  0.005 236 177 69
-0.505 -0.004  0.004 236 176 66
-0.505 -0.006  0.003 236 176 65
-0.504 -0.006  0.002 235 178 66
-0.504 -0.008  0.002 236 178 66
-0.503 -0.009  0.001 234 177 67
-0.502 -0.010 -0.000 234 180 70
-0.501 -0.010 -0.002 236 178 67
-0.500 -0.010 -0.003 233 178 67
-0.500 -0.011 -0.004 234 176 69
-0.499 -0.011 -0.005 236 181 71
-0.498 -0.012 -0.006 238 178 68
-0.497 -0.012 -0.008 238 182 71
-0.496 -0.013 -0.009 235 182 70
-0.495 -0.013 -0.010 236 178 68
-0.494 -0.013 -0.012 237 176 67
-0.493 -0.013 -0.013 236 179 69
-0.492 -0.014 -0.014 234 179 69
-0.490 -0.013 -0.016 234 180 69
-0.489 -0.013 -0.018 234 180 70
-0.488 -0.014 -0.019 237 179 70
-0.487 -0.014 -0.020 236 179 69
-0.486 -0.015 -0.021 236 180 69
-0.486 -0.016 -0.022 237 179 68
-0.485 -0.017 -0.023 238 180 68
-0.484 -0.018 -0.024 238 179 70
-0.484 -0.019 -0.025 241 182 78
-0.484 -0.021 -0.025 234 187 106
-0.511  0.012  0.018 221 163 86
-0.511  0.011  0.017 234 177 67
-0.510  0.010  0.016 236 178 64
-0.509  0.009  0.015 237 174 62
-0.509  0.007  0.014 238 176 65
-0.509  0.006  0.013 235 176 66
-0.508  0.005  0.012 236 177 67
-0.508  0.003  0.012 236 177 69
-0.508  0.002  0.011 234 176 66
-0.507  0.000  0.010 236 175 65
-0.507 -0.001  0.009 235 176 66
-0.506 -0.002  0.008 234 177 66
-0.506 -0.004  0.008 234 177 69
-0.505 -0.005  0.007 235 178 68
-0.505 -0.006  0.006 237 178 67
-0.505 -0.008  0.005 235 179 68
-0.504 -0.009  0.004 235 176 65
-0.504 -0.010  0.003 235 177 65
-0.503 -0.010  0.002 233 177 65
-0.502 -0.011  0.001 236 179 70
-0.501 -0.011 -0.000 236 177 68
-0.500 -0.012 -0.001 234 177 68
-0.499 -0.012 -0.003 235 175 66
-0.498 -0.012 -0.004 235 179 69
-0.497 -0.013 -0.005 236 182 70
-0.496 -0.013 -0.006 236 181 70
-0.495 -0.014 -0.008 236 180 68
-0.494 -0.014 -0.009 237 179 67
-0.493 -0.014 -0.010 237 178 68
-0.492 -0.015 -0.012 236 179 69
-0.491 -0.015 -0.013 236 179 70
-0.489 -0.014 -0.015 236 180 70
-0.488 -0.014 -0.016 235 181 70
-0.487 -0.014 -0.018 237 182 69
-0.486 -0.015 -0.019 236 181 68
-0.485 -0.015 -0.020 235 180 69
-0.485 -0.017 -0.021 237 181 70
-0.484 -0.017 -0.022 238 179 68
-0.483 -0.019 -0.023 237 179 69
-0.483 -0.020 -0.024 242 182 74
-0.483 -0.022 -0.024 238 186 95
-0.511  0.011  0.019 224 161 80
-0.510  0.010  0.018 232 176 69
-0.510  0.009  0.017 233 171 63
-0.509  0.007  0.016 236 175 63
-0.509  0.005  0.016 238 176 66
-0.509  0.004  0.015 237 179 64
-0.508  0.002  0.014 239 179 67
-0.508  0.001  0.014 237 175 66
-0.508 -0.001  0.013 234 178 66
-0.507 -0.002  0.012 236 175 65
-0.507 -0.004  0.011 235 177 66
-0.506 -0.005  0.010 236 177 65
-0.506 -0.006  0.009 235 177 69
-0.505 -0.007  0.009 234 175 66
-0.505 -0.009  0.008 235 178 67
-0.505 -0.010  0.007 236 179 66
-0.504 -0.011  0.006 237 176 65
-0.503 -0.012  0.005 235 176 65
-0.502 -0.012  0.004 234 177 67
-0.502 -0.013  0.003 234 178 70
-0.501 -0.013  0.001 235 179 71
-0.500 -0.013  0.000 232 177 68
-0.498 -0.013 -0.001 234 177 65
-0.498 -0.014 -0.002 236 179 68
-0.496 -0.014 -0.004 236 177 67
-0.495 -0.014 -0.005 237 176 67
-0.494 -0.014 -0.007 238 179 69
-0.493 -0.015 -0.008 238 180 68
-0.492 -0.015 -0.009 237 180 71
-0.491 -0.015 -0.010 238 178 70
-0.490 -0.015 -0.012 238 177 69
-0.488 -0.015 -0.014 235 181 69
-0.487 -0.015 -0.015 236 180 67
-0.486 -0.016 -0.016 236 183 69
-0.485 -0.016 -0.018 236 182 69
-0.484 -0.016 -0.019 236 182 68
-0.484 -0.018 -0.020 237 182 70
-0.483 -0.018 -0.021 238 179 68
-0.483 -0.020 -0.022 237 180 71
-0.483 -0.021 -0.022 242 182 74
-0.482 -0.023 -0.023 240 185 95
-0.510  0.010  0.020 218 162 81
-0.509  0.009  0.019 230 171 64
-0.509  0.008  0.019 234 174 66
-0.508  0.006  0.018 238 171 63
-0.509  0.004  0.017 241 177 65
-0.508  0.002  0.017 237 180 66
-0.508  0.001  0.016 237 177 65
-0.508 -0.001  0.015 238 176 64
-0.507 -0.003  0.014 235 178 65
-0.507 -0.004  0.013 236 177 65
-0.507 -0.006  0.013 238 179 61
-0.506 -0.007  0.012 236 178 66
-0.506 -0.008  0.011 233 177 67
-0.505 -0.009  0.010 234 179 68
-0.505 -0.010  0.009 236 177 65
-0.504 -0.012  0.009 237 181 66
-0.503 -0.012  0.007 238 178 64
-0.503 -0.013  0.007 237 178 64
-0.502 -0.014  0.006 237 177 67
-0.501 -0.014  0.004 235 177 65
-0.500 -0.014  0.003 237 178 65
-0.499 -0.015  0.002 235 179 67
-0.498 -0.014  0.000 235 176 69
-0.497 -0.014 -0.001 236 182 71
-0.496 -0.015 -0.003 235 178 67
-0.494 -0.015 -0.004 236 178 67
-0.493 -0.015 -0.005 237 178 68
-0.492 -0.015 -0.007 237 178 68
-0.491 -0.016 -0.008 236 179 69
-0.490 -0.016 -0.009 236 178 68
-0.489 -0.016 -0.011 238 178 70
-0.488 -0.015 -0.012 236 179 69
-0.487 -0.016 -0.014 237 180 67
-0.486 -0.016 -0.015 238 182 70
-0.485 -0.017 -0.016 238 182 68
-0.484 -0.017 -0.018 238 183 68
-0.483 -0.019 -0.018 237 181 67
-0.482 -0.019 -0.019 237 181 69
-0.482 -0.020 -0.020 238 179 71
-0.482 -0.022 -0.021 243 182 73
-0.481 -0.023 -0.022 240 187 93
-0.509  0.009  0.021 215 159 85
-0.508  0.008  0.020 229 169 60
-0.508  0.006  0.020 234 176 66
-0.508  0.005  0.019 238 170 61
-0.508  0.003  0.019 239 172 63
-0.508  0.001  0.018 240 176 64
-0.508 -0.001  0.017 240 179 65
-0.507 -0.002  0.017 239 178 63
-0.507 -0.004  0.016 238 181 66
-0.507 -0.006  0.015 237 179 65
-0.506 -0.007  0.014 237 178 66
-0.506 -0.009  0.014 236 181 67
-0.506 -0.010  0.013 237 178 66
-0.505 -0.011  0.012 237 180 68
-0.505 -0.012  0.011 239 179 67
-0.504 -0.013  0.010 239 177 64
-0.503 -0.014  0.009 237 181 66
-0.503 -0.015  0.008 237 178 66
-0.502 -0.015  0.007 238 175 66
-0.501 -0.016  0.006 235 178 66
-0.500 -0.016  0.004 237 177 64
-0.499 -0.016  0.003 238 180 68
-0.497 -0.016  0.002 237 178 68
-0.496 -0.016  0.000 237 178 68
-0.495 -0.016 -0.001 235 176 68
-0.494 -0.016 -0.003 236 180 67
-0.493 -0.016 -0.004 236 181 67
-0.492 -0.016 -0.005 238 181 68
-0.491 -0.016 -0.007 237 180 70
-0.489 -0.016 -0.008 236 180 70
-0.488 -0.017 -0.010 237 179 69
-0.487 -0.017 -0.011 236 180 69
-0.486 -0.017 -0.013 238 179 68
-0.485 -0.017 -0.014 238 180 68
-0.484 -0.018 -0.015 239 182 68
-0.483 -0.018 -0.016 238 183 70
-0.483 -0.019 -0.017 238 181 68
-0.482 -0.020 -0.018 237 180 69
-0.481 -0.021 -0.019 237 180 70
-0.481 -0.023 -0.020 242 183 73
-0.480 -0.024 -0.021 239 188 94
-0.508  0.009  0.022 211 156 89
-0.507  0.008  0.022 221 161 59
-0.507  0.006  0.021 231 173 69
-0.507  0.004  0.020 226 165 61
-0.507  0.001  0.020 233 170 62
-0.507 -0.001  0.019 237 175 64
-0.507 -0.003  0.019 239 178 65
-0.507 -0.004  0.018 239 177 64
-0.507 -0.006  0.018 238 178 64
-0.507 -0.008  0.017 236 180 66
-0.506 -0.009  0.016 238 178 68
-0.506 -0.011  0.015 238 182 69
-0.505 -0.012  0.014 240 180 65
-0.505 -0.013  0.013 241 178 63
-0.505 -0.014  0.013 239 180 68
-0.504 -0.014  0.012 238 178 65
-0.503 -0.015  0.011 236 179 66
-0.502 -0.016  0.010 236 182 69
-0.501 -0.016  0.008 238 178 66
-0.500 -0.016  0.007 236 179 66
-0.499 -0.017  0.006 237 179 67
-0.498 -0.017  0.004 238 177 66
-0.497 -0.017  0.003 239 177 66
-0.495 -0.017  0.001 240 176 66
-0.495 -0.017  0.000 238 179 68
-0.493 -0.017 -0.001 238 178 65
-0.492 -0.017 -0.003 237 181 69
-0.491 -0.017 -0.004 237 178 69
-0.490 -0.017 -0.006 236 177 70
-0.488 -0.017 -0.007 235 177 67
-0.487 -0.017 -0.009 236 179 68
-0.486 -0.017 -0.010 236 180 70
-0.485 -0.017 -0.012 238 180 71
-0.484 -0.018 -0.013 239 180 67
-0.483 -0.018 -0.014 238 182 70
-0.482 -0.019 -0.015 237 179 69
-0.482 -0.020 -0.016 238 178 68
-0.481 -0.021 -0.017 238 179 68
-0.480 -0.022 -0.018 237 180 70
-0.480 -0.023 -0.019 242 183 75
-0.479 -0.024 -0.020 238 186 97
-0.506  0.009  0.023 212 154 89
-0.506  0.008  0.022 212 151 65
-0.506  0.005  0.022 231 169 67
-0.506  0.003  0.021 227 168 68
-0.507  0.000  0.021 227 164 61
-0.507 -0.002  0.021 234 177 68
-0.507 -0.005  0.020 237 175 64
-0.507 -0.007  0.020 240 175 65
-0.507 -0.008  0.019 240 178 67
-0.507 -0.010  0.018 238 179 66
-0.506 -0.011  0.018 238 179 67
-0.506 -0.012  0.017 239 180 66
-0.505 -0.013  0.016 242 180 62
-0.504 -0.014  0.015 241 179 63
-0.504 -0.015  0.014 239 183 68
-0.503 -0.016  0.013 238 180 64
-0.502 -0.016  0.012 238 182 67
-0.501 -0.017  0.011 237 180 66
-0.500 -0.017  0.009 237 179 64
-0.500 -0.018  0.008 235 179 64
-0.499 -0.018  0.007 238 175 65
-0.497 -0.018  0.006 236 179 66
-0.496 -0.018  0.004 238 180 69
-0.495 -0.018  0.003 237 178 66
-0.494 -0.018  0.002 238 181 67
-0.493 -0.018  0.000 238 179 67
-0.492 -0.018 -0.001 237 180 68
-0.490 -0.018 -0.003 237 178 68
-0.489 -0.018 -0.004 237 179 68
-0.487 -0.018 -0.006 236 180 67
-0.486 -0.017 -0.008 237 181 67
-0.485 -0.018 -0.009 239 182 67
-0.484 -0.018 -0.010 238 183 68
-0.483 -0.018 -0.012 238 182 69
-0.482 -0.018 -0.013 239 181 67
-0.482 -0.020 -0.014 238 179 68
-0.481 -0.021 -0.015 238 178 68
-0.480 -0.022 -0.016 238 179 67
-0.479 -0.022 -0.017 240 181 70
-0.479 -0.023 -0.018 247 188 79
-0.478 -0.024 -0.019 239 184 97
-0.504  0.011  0.024 209 154 87
-0.504  0.009  0.023 205 149 70
-0.505  0.006  0.023 222 159 56
-0.505  0.004  0.022 231 173 68
-0.506 -0.000  0.022 231 169 65
-0.506 -0.003  0.022 233 170 64
-0.506 -0.006  0.022 238 178 64
-0.507 -0.008  0.021 237 179 64
-0.507 -0.010  0.021 236 178 64
-0.506 -0.012  0.020 238 182 69
-0.506 -0.013  0.019 238 175 66
-0.505 -0.014  0.018 241 178 65
-0.505 -0.015  0.017 239 181 65
-0.504 -0.015  0.016 240 180 63
-0.503 -0.017  0.015 239 180 66
-0.503 -0.017  0.014 239 179 63
-0.502 -0.017  0.013 239 182 65
-0.501 -0.018  0.012 240 180 63
-0.500 -0.018  0.011 237 178 65
-0.499 -0.019  0.010 234 180 68
-0.498 -0.019  0.008 236 179 67
-0.497 -0.019  0.007 236 179 64
-0.496 -0.019  0.006 236 179 67
-0.494 -0.019  0.004 235 177 69
-0.494 -0.020  0.003 237 179 67
-0.492 -0.020  0.002 238 177 66
-0.491 -0.020  0.000 238 181 65
-0.490 -0.019 -0.001 237 179 67
-0.489 -0.019 -0.003 235 180 68
-0.487 -0.019 -0.005 237 180 68
-0.485 -0.017 -0.007 237 182 70
-0.484 -0.018 -0.008 238 181 67
-0.483 -0.018 -0.009 239 180 67
-0.482 -0.018 -0.011 238 183 71
-0.481 -0.019 -0.012 239 181 69
-0.480 -0.020 -0.013 240 179 67
-0.480 -0.021 -0.014 239 180 67
-0.479 -0.022 -0.015 237 179 68
-0.478 -0.023 -0.016 244 183 74
-0.477 -0.023 -0.017 245 188 86
-0.477 -0.024 -0.018 237 185 103
-0.503  0.015  0.026 173 172 139
-0.503  0.013  0.025 162 147 117
-0.503  0.011  0.024 192 143 81
-0.503  0.009  0.024 202 147 76
-0.504  0.006  0.024 211 147 58
-0.504  0.003  0.023 225 163 57
-0.505 -0.001  0.023 234 174 68
-0.505 -0.004  0.023 233 173 67
-0.506 -0.007  0.023 236 175 63
-0.506 -0.010  0.023 238 178 66
-0.506 -0.012  0.022 239 174 65
-0.506 -0.013  0.022 239 177 64
-0.506 -0.015  0.021 238 179 66
-0.505 -0.016  0.020 243 181 64
-0.505 -0.017  0.019 240 180 64
-0.504 -0.017  0.018 240 179 67
-0.503 -0.018  0.017 240 176 64
-0.502 -0.018  0.016 239 179 66
-0.501 -0.019  0.015 238 181 64
-0.500 -0.019  0.013 237 178 64
-0.499 -0.020  0.012 237 178 65
-0.498 -0.020  0.011 237 180 69
-0.497 -0.020  0.010 237 177 68
-0.496 -0.020  0.008 238 180 65
-0.495 -0.020  0.007 238 179 67
-0.494 -0.021  0.006 238 176 66
-0.493 -0.021  0.005 239 180 66
-0.492 -0.021  0.003 236 181 66
-0.491 -0.021  0.002 237 181 63
-0.489 -0.020 -0.000 237 181 66
-0.488 -0.020 -0.001 236 180 65
-0.486 -0.019 -0.003 237 179 67
-0.484 -0.018 -0.005 240 183 68
-0.483 -0.019 -0.007 237 182 67
-0.482 -0.019 -0.008 239 180 69
-0.481 -0.019 -0.009 239 179 68
-0.480 -0.019 -0.011 239 181 70
-0.480 -0.021 -0.011 239 180 69
-0.479 -0.021 -0.013 238 179 70
-0.478 -0.022 -0.014 239 180 74
-0.477 -0.023 -0.015 251 191 87
-0.476 -0.023 -0.016 241 186 95
-0.475 -0.024 -0.017 231 186 119
-0.501  0.016  0.026 172 139 115
-0.501  0.015  0.025 156 100 68
-0.501  0.013  0.025 190 138 78
-0.501  0.011  0.024 201 145 77
-0.502  0.007  0.024 202 146 66
-0.502  0.004  0.024 210 150 57
-0.503 -0.000  0.024 225 165 59
-0.504 -0.004  0.024 233 176 69
-0.505 -0.008  0.024 236 174 68
-0.506 -0.011  0.024 239 180 68
-0.506 -0.013  0.024 239 175 67
-0.506 -0.015  0.023 240 180 68
-0.505 -0.016  0.022 239 179 65
-0.505 -0.017  0.021 238 174 63
-0.504 -0.018  0.020 240 181 66
-0.503 -0.019  0.019 240 177 65
-0.503 -0.019  0.018 240 180 65
-0.502 -0.019  0.017 238 179 63
-0.501 -0.020  0.016 240 180 63
-0.500 -0.020  0.015 238 179 67
-0.499 -0.021  0.013 237 178 66
-0.498 -0.021  0.012 238 180 65
-0.497 -0.021  0.011 237 178 66
-0.496 -0.021  0.010 237 177 65
-0.495 -0.022  0.008 238 180 68
-0.494 -0.022  0.007 238 178 66
-0.493 -0.022  0.006 237 177 64
-0.491 -0.022  0.004 235 179 65
-0.490 -0.022  0.003 239 182 66
-0.489 -0.021  0.001 238 180 67
-0.487 -0.021 -0.000 237 180 68
-0.485 -0.020 -0.002 239 179 65
-0.483 -0.019 -0.004 240 180 66
-0.482 -0.019 -0.005 236 182 68
-0.481 -0.019 -0.007 237 180 67
-0.480 -0.020 -0.008 237 181 70
-0.479 -0.021 -0.009 237 181 71
-0.479 -0.022 -0.010 239 181 69
-0.478 -0.022 -0.011 240 182 72
-0.477 -0.023 -0.013 251 190 87
-0.476 -0.023 -0.014 249 200 102
-0.474 -0.023 -0.016 233 179 102
-0.499  0.018  0.027 172 136 111
-0.499  0.016  0.026 153 106 71
-0.499  0.014  0.025 182 128 77
-0.499  0.012  0.024 198 147 80
-0.500  0.008  0.024 200 140 67
-0.500  0.005  0.024 201 138 56
-0.501  0.001  0.024 209 150 53
-0.503 -0.005  0.025 222 164 60
-0.504 -0.008  0.025 235 176 64
-0.505 -0.012  0.025 238 175 66
-0.505 -0.014  0.025 238 181 69
-0.505 -0.016  0.024 239 177 64
-0.505 -0.017  0.024 240 176 64
-0.504 -0.018  0.022 237 177 63
-0.503 -0.019  0.022 242 176 66
-0.503 -0.020  0.021 237 177 65
-0.502 -0.020  0.020 239 180 66
-0.501 -0.020  0.018 239 176 65
-0.500 -0.021  0.017 238 177 62
-0.499 -0.021  0.016 239 179 64
-0.498 -0.022  0.015 239 178 64
-0.497 -0.022  0.014 240 181 65
-0.496 -0.022  0.012 239 179 65
-0.495 -0.022  0.011 238 176 65
-0.494 -0.023  0.010 239 173 64
-0.493 -0.023  0.009 238 178 64
-0.492 -0.023  0.007 240 180 65
-0.491 -0.023  0.006 240 180 66
-0.490 -0.023  0.005 240 178 65
-0.488 -0.022  0.003 240 178 65
-0.487 -0.022  0.001 239 180 68
-0.485 -0.021 -0.001 241 182 67
-0.483 -0.020 -0.003 241 180 66
-0.481 -0.020 -0.004 239 181 67
-0.480 -0.020 -0.006 237 179 66
-0.479 -0.020 -0.007 238 184 69
-0.478 -0.021 -0.008 238 180 68
-0.478 -0.022 -0.009 239 180 72
-0.477 -0.023 -0.010 251 191 88
-0.475 -0.023 -0.012 249 208 103
-0.474 -0.023 -0.013 234 182 91
-0.472 -0.022 -0.015 222 172 103
-0.497  0.019  0.027 167 127 107
-0.497  0.017  0.026 149 107 76
-0.497  0.016  0.025 162 118 77
-0.497  0.013  0.025 194 148 78
-0.498  0.009  0.025 196 143 68
-0.498  0.007  0.025 196 136 62
-0.500  0.001  0.025 200 137 52
-0.502 -0.005  0.026 207 148 50
-0.503 -0.009  0.026 220 163 57
-0.504 -0.012  0.026 232 172 63
-0.504 -0.014  0.026 236 175 68
-0.504 -0.017  0.025 240 180 70
-0.504 -0.018  0.025 239 179 68
-0.503 -0.019  0.024 236 176 65
-0.503 -0.020  0.023 240 176 66
-0.502 -0.021  0.022 239 177 66
-0.501 -0.021  0.021 238 180 67
-0.500 -0.021  0.019 238 179 67
-0.500 -0.022  0.018 238 179 66
-0.499 -0.022  0.017 238 178 64
-0.497 -0.022  0.016 240 177 62
-0.496 -0.023  0.015 240 179 64
-0.496 -0.023  0.014 239 178 66
-0.494 -0.023  0.012 237 177 63
-0.493 -0.024  0.011 238 176 65
-0.493 -0.024  0.010 238 173 64
-0.491 -0.024  0.008 238 177 67
-0.490 -0.024  0.007 239 178 63
-0.489 -0.025  0.006 241 182 66
-0.487 -0.023  0.004 241 178 67
-0.486 -0.023  0.002 240 182 68
-0.484 -0.022  0.000 239 178 66
-0.482 -0.021 -0.002 240 180 67
-0.481 -0.021 -0.003 240 177 66
-0.480 -0.021 -0.004 239 178 67
-0.478 -0.021 -0.006 238 179 70
-0.477 -0.021 -0.007 240 180 78
-0.477 -0.022 -0.008 252 196 90
-0.475 -0.022 -0.010 250 198 97
-0.474 -0.022 -0.011 233 179 80
-0.472 -0.022 -0.013 222 165 85
-0.471 -0.021 -0.015 217 172 114
-0.496  0.020  0.028 171 114 90
-0.495  0.018  0.027 151 109 81
-0.495  0.016  0.026 152 114 80
-0.495  0.014  0.026 179 132 79
-0.496  0.010  0.026 194 139 71
-0.497  0.007  0.025 192 135 64
-0.498  0.002  0.026 192 131 58
-0.500 -0.004  0.027 196 134 53
-0.502 -0.009  0.027 204 143 51
-0.503 -0.012  0.027 214 156 53
-0.503 -0.015  0.027 226 168 62
-0.503 -0.017  0.026 236 173 66
-0.503 -0.019  0.026 238 177 68
-0.503 -0.020  0.025 239 173 65
-0.502 -0.021  0.024 239 175 67
-0.502 -0.022  0.023 238 174 64
-0.501 -0.022  0.022 237 178 66
-0.500 -0.022  0.021 238 177 67
-0.499 -0.023  0.020 239 176 66
-0.498 -0.024  0.019 237 179 64
-0.497 -0.024  0.017 237 178 63
-0.496 -0.024  0.016 237 178 64
-0.495 -0.024  0.015 240 176 64
-0.494 -0.024  0.013 237 176 65
-0.493 -0.025  0.012 237 177 66
-0.492 -0.025  0.011 239 177 63
-0.491 -0.025  0.010 237 178 63
-0.490 -0.025  0.008 238 178 62
-0.488 -0.025  0.007 238 179 63
-0.487 -0.024  0.005 239 181 66
-0.485 -0.024  0.004 241 180 64
-0.483 -0.023  0.002 240 180 68
-0.481 -0.021 -0.001 236 178 65
-0.480 -0.021 -0.002 236 178 65
-0.478 -0.021 -0.003 236 177 68
-0.477 -0.021 -0.005 245 180 79
-0.476 -0.022 -0.006 251 211 100
-0.475 -0.022 -0.007 246 189 98
-0.474 -0.022 -0.009 234 174 77
-0.472 -0.022 -0.011 222 166 78
-0.471 -0.021 -0.012 216 165 93
-0.469 -0.021 -0.014 218 181 122
-0.494  0.020  0.029 170 111 80
-0.494  0.019  0.028 150 115 86
-0.494  0.016  0.027 147 110 79
-0.494  0.014  0.026 165 131 86
-0.495  0.010  0.026 187 136 68
-0.495  0.007  0.026 193 134 65
-0.497  0.002  0.027 188 131 63
-0.499 -0.003  0.027 190 132 58
-0.501 -0.008  0.028 194 130 52
-0.502 -0.012  0.028 201 138 47
-0.502 -0.015  0.028 209 149 50
-0.502 -0.017  0.027 220 160 58
-0.502 -0.019  0.027 232 172 63
-0.502 -0.021  0.026 235 178 66
-0.502 -0.022  0.025 235 173 66
-0.501 -0.023  0.024 224 167 63
-0.500 -0.023  0.023 232 176 63
-0.499 -0.024  0.022 240 176 68
-0.499 -0.025  0.021 240 176 64
-0.498 -0.025  0.020 237 176 62
-0.497 -0.025  0.019 238 179 65
-0.496 -0.025  0.018 238 177 66
-0.495 -0.026  0.016 239 179 67
-0.493 -0.026  0.015 241 177 65
-0.493 -0.026  0.014 238 177 65
-0.491 -0.026  0.012 237 173 64
-0.490 -0.026  0.011 238 178 66
-0.489 -0.026  0.010 238 179 64
-0.488 -0.026  0.008 239 180 64
-0.486 -0.025  0.006 239 180 66
-0.485 -0.025  0.005 238 180 66
-0.482 -0.023  0.003 235 178 66
-0.481 -0.023  0.001 238 181 69
-0.479 -0.022 -0.001 244 178 71
-0.478 -0.023 -0.002 247 190 81
-0.476 -0.022 -0.004 239 187 90
-0.475 -0.022 -0.005 240 178 79
-0.474 -0.022 -0.007 229 167 75
-0.472 -0.022 -0.008 218 156 76
-0.470 -0.021 -0.010 214 159 83
-0.469 -0.021 -0.012 215 166 102
-0.467 -0.020 -0.014 220 183 129
-0.493  0.020  0.030 198 155 98
-0.492  0.019  0.029 154 120 96
-0.492  0.017  0.028 143 107 79
-0.492  0.015  0.027 161 120 88
-0.493  0.011  0.027 172 131 83
-0.493  0.008  0.027 186 136 66
-0.494  0.005  0.026 187 132 63
-0.496 -0.000  0.027 189 131 58
-0.498 -0.007  0.028 187 127 55
-0.499 -0.011  0.028 190 127 51
-0.500 -0.014  0.028 194 132 49
-0.500 -0.016  0.028 203 138 45
-0.500 -0.018  0.027 213 152 55
-0.500 -0.020  0.027 219 164 63
-0.500 -0.022  0.026 228 174 67
-0.500 -0.023  0.025 229 169 67
-0.500 -0.024  0.024 234 179 67
-0.499 -0.025  0.023 238 179 69
-0.498 -0.026  0.022 237 176 66
-0.498 -0.027  0.021 239 176 62
-0.496 -0.026  0.020 240 178 66
-0.496 -0.027  0.019 239 172 67
-0.494 -0.027  0.018 239 175 69
-0.493 -0.027  0.016 236 173 67
-0.492 -0.027  0.015 236 177 69
-0.491 -0.027  0.013 235 177 68
-0.489 -0.026  0.012 236 175 67
-0.488 -0.026  0.010 239 178 67
-0.486 -0.026  0.009 239 180 67
-0.485 -0.026  0.007 242 181 70
-0.483 -0.025  0.006 242 180 69
-0.482 -0.024  0.004 239 180 70
-0.480 -0.024  0.002 238 185 74
-0.479 -0.024  0.001 237 180 75
-0.477 -0.024 -0.001 235 172 71
-0.475 -0.023 -0.003 226 165 72
-0.474 -0.022 -0.004 220 159 75
-0.472 -0.022 -0.006 214 154 74
-0.471 -0.022 -0.007 210 153 77
-0.468 -0.020 -0.010 212 160 86
-0.466 -0.019 -0.012 208 168 111
-0.491  0.018  0.030 187 152 124
-0.491  0.017  0.029 157 109 84
-0.491  0.015  0.028 152 114 83
-0.491  0.012  0.028 164 119 90
-0.492  0.009  0.027 176 122 71
-0.492  0.006  0.027 185 133 63
-0.495 -0.000  0.028 185 132 60
-0.496 -0.005  0.028 187 129 55
-0.497 -0.009  0.028 188 128 51
-0.498 -0.012  0.028 188 127 50
-0.498 -0.015  0.028 190 130 49
-0.499 -0.017  0.028 193 133 48
-0.499 -0.019  0.027 201 135 47
-0.499 -0.022  0.027 208 145 51
-0.499 -0.023  0.026 213 154 58
-0.499 -0.025  0.026 218 163 62
-0.498 -0.026  0.025 227 171 64
-0.498 -0.027  0.024 232 176 67
-0.497 -0.027  0.022 234 175 65
-0.495 -0.026  0.021 235 176 67
-0.494 -0.027  0.020 236 177 68
-0.493 -0.026  0.018 236 174 68
-0.492 -0.027  0.017 232 172 72
-0.490 -0.027  0.016 220 159 66
-0.489 -0.027  0.014 225 165 66
-0.488 -0.026  0.013 235 176 68
-0.486 -0.026  0.011 240 181 72
-0.485 -0.026  0.010 241 181 72
-0.484 -0.025  0.008 242 181 74
-0.482 -0.025  0.006 241 180 73
-0.480 -0.024  0.005 231 178 74
-0.479 -0.024  0.003 223 170 75
-0.477 -0.024  0.002 220 162 70
-0.476 -0.024  0.000 217 156 67
-0.475 -0.024 -0.001 213 151 67
-0.473 -0.023 -0.003 209 147 70
-0.471 -0.022 -0.005 209 151 73
-0.469 -0.021 -0.007 210 157 79
-0.467 -0.020 -0.009 208 160 93
-0.464 -0.018 -0.011 205 170 121
-0.489  0.019  0.030 194 168 137
-0.489  0.017  0.030 164 114 84
-0.489  0.016  0.029 152 107 80
-0.489  0.013  0.028 179 117 86
-0.489  0.011  0.028 190 112 77
-0.489  0.008  0.027 186 121 64
-0.492  0.002  0.028 187 128 58
-0.493 -0.002  0.028 185 128 56
-0.495 -0.007  0.028 187 126 51
-0.495 -0.010  0.028 184 128 54
-0.496 -0.013  0.028 184 123 53
-0.496 -0.015  0.028 186 130 53
-0.497 -0.018  0.028 189 128 47
-0.497 -0.021  0.027 191 125 47
-0.497 -0.023  0.027 195 128 46
-0.497 -0.025  0.026 198 136 47
-0.497 -0.026  0.025 206 140 49
-0.496 -0.027  0.024 212 147 51
-0.495 -0.027  0.023 216 151 51
-0.494 -0.027  0.022 218 155 54
-0.493 -0.027  0.020 219 161 57
-0.492 -0.027  0.019 221 163 59
-0.490 -0.026  0.018 221 163 62
-0.489 -0.026  0.016 217 161 62
-0.488 -0.026  0.015 219 165 65
-0.486 -0.026  0.013 221 170 68
-0.485 -0.026  0.012 220 167 66
-0.483 -0.025  0.010 220 163 65
-0.482 -0.025  0.009 220 161 65
-0.480 -0.024  0.007 222 158 60
-0.479 -0.024  0.005 218 157 66
-0.477 -0.023  0.004 214 154 71
-0.476 -0.023  0.002 210 149 69
-0.474 -0.022  0.000 206 146 66
-0.473 -0.023 -0.001 205 149 68
-0.472 -0.023 -0.002 206 149 70
-0.469 -0.021 -0.005 208 154 76
-0.467 -0.020 -0.007 206 158 86
-0.464 -0.018 -0.009 198 159 108
-0.488  0.020  0.031 191 164 141
-0.487  0.018  0.030 187 125 84
-0.487  0.016  0.029 176 114 84
-0.487  0.014  0.029 191 116 82
-0.488  0.011  0.028 195 107 75
-0.488  0.009  0.028 194 105 71
-0.487  0.007  0.027 189 115 61
-0.488  0.004  0.027 184 127 57
-0.489  0.001  0.026 184 128 53
-0.490 -0.003  0.026 183 125 51
-0.490 -0.006  0.026 184 125 53
-0.491 -0.009  0.026 188 130 56
-0.495 -0.017  0.028 187 129 51
-0.496 -0.020  0.028 184 126 50
-0.496 -0.022  0.027 186 123 47
-0.496 -0.024  0.027 184 125 46
-0.495 -0.025  0.026 187 130 48
-0.495 -0.027  0.025 192 129 46
-0.494 -0.027  0.024 200 137 46
-0.492 -0.026  0.022 198 135 48
-0.492 -0.027  0.022 199 137 48
-0.490 -0.026  0.020 202 142 51
-0.488 -0.025  0.018 205 142 52
-0.487 -0.026  0.017 203 145 54
-0.486 -0.026  0.016 204 145 53
-0.485 -0.026  0.014 208 145 55
-0.483 -0.025  0.013 207 145 56
-0.482 -0.025  0.011 205 145 58
-0.480 -0.024  0.009 200 142 62
-0.478 -0.023  0.007 205 147 60
-0.477 -0.023  0.006 204 146 64
-0.475 -0.022  0.004 205 141 66
-0.474 -0.023  0.003 206 145 64
-0.473 -0.023  0.001 205 146 70
-0.471 -0.022 -0.000 205 149 73
-0.469 -0.021 -0.002 205 150 74
-0.466 -0.019 -0.005 205 157 83
-0.465 -0.019 -0.006 192 157 101
-0.486  0.021  0.032 191 164 141
-0.485  0.019  0.031 194 131 93
-0.485  0.017  0.030 184 122 99
-0.485  0.015  0.029 195 115 83
-0.485  0.013  0.029 195 108 72
-0.486  0.010  0.028 194 103 69
-0.485  0.009  0.027 195 101 65
-0.486  0.006  0.027 188 109 57
-0.486  0.003  0.027 183 117 52
-0.487 -0.001  0.027 183 129 54
-0.488 -0.005  0.027 186 125 50
-0.489 -0.008  0.027 187 123 53
-0.493 -0.016  0.028 186 128 54
-0.494 -0.019  0.028 186 126 51
-0.494 -0.022  0.028 185 126 49
-0.494 -0.023  0.027 185 125 50
-0.494 -0.025  0.027 186 121 49
-0.493 -0.025  0.026 186 129 51
-0.492 -0.025  0.024 188 128 49
-0.490 -0.025  0.023 191 127 49
-0.489 -0.025  0.021 191 130 45
-0.488 -0.025  0.020 191 130 49
-0.487 -0.025  0.019 192 134 52
-0.486 -0.025  0.017 192 132 53
-0.484 -0.025  0.016 196 133 52
-0.483 -0.025  0.015 199 136 56
-0.482 -0.024  0.013 197 137 55
-0.480 -0.025  0.012 198 137 60
-0.478 -0.023  0.010 194 136 61
-0.476 -0.022  0.008 199 144 62
-0.475 -0.022  0.006 200 139 64
-0.473 -0.021  0.004 201 145 69
-0.472 -0.021  0.003 205 146 70
-0.471 -0.023  0.002 203 147 73
-0.469 -0.021 -0.000 201 150 75
-0.467 -0.020 -0.002 198 152 83
-0.464 -0.018 -0.005 189 152 101
-0.462 -0.017 -0.006 177 165 130
-0.484  0.022  0.032 185 159 140
-0.483  0.020  0.031 195 133 97
-0.483  0.019  0.030 192 130 102
-0.483  0.016  0.030 197 114 82
-0.483  0.014  0.029 196 108 76
-0.484  0.011  0.029 198 101 69
-0.483  0.010  0.028 198 97 64
-0.484  0.007  0.028 193 95 61
-0.484  0.005  0.027 188 95 58
-0.485  0.001  0.027 177 111 56
-0.486 -0.003  0.027 180 123 55
-0.488 -0.007  0.027 185 130 57
-0.491 -0.015  0.029 186 128 52
-0.492 -0.018  0.029 186 128 51
-0.493 -0.021  0.029 183 127 50
-0.493 -0.023  0.028 185 122 46
-0.493 -0.025  0.028 183 124 48
-0.492 -0.025  0.026 184 125 49
-0.490 -0.024  0.025 185 129 50
-0.488 -0.024  0.023 188 127 50
-0.487 -0.024  0.022 188 128 48
-0.486 -0.024  0.020 192 132 51
-0.485 -0.024  0.019 191 131 52
-0.484 -0.024  0.018 190 134 53
-0.483 -0.025  0.017 190 135 56
-0.482 -0.025  0.015 191 134 55
-0.480 -0.024  0.013 191 137 58
-0.479 -0.024  0.012 195 139 63
-0.477 -0.023  0.010 192 138 63
-0.475 -0.022  0.008 198 145 66
-0.472 -0.020  0.006 200 141 62
-0.468 -0.016  0.003 200 142 68
-0.467 -0.016  0.001 201 143 69
-0.467 -0.019  0.001 199 150 77
-0.461 -0.012 -0.004 188 152 89
-0.459 -0.012 -0.005 174 147 104
-0.457 -0.010 -0.007 178 163 133
-0.455 -0.010 -0.009 161 170 150
-0.481  0.024  0.033 180 158 135
-0.481  0.022  0.032 191 141 107
-0.480  0.021  0.031 194 130 102
-0.480  0.019  0.030 199 113 83
-0.480  0.017  0.029 198 105 74
-0.480  0.015  0.028 198 101 67
-0.480  0.013  0.028 196 92 62
-0.481  0.010  0.027 192 92 60
-0.481  0.007  0.027 189 93 58
-0.482  0.003  0.027 184 93 60
-0.483 -0.001  0.027 177 93 58
-0.484 -0.004  0.027 174 107 52
-0.488 -0.012  0.029 174 120 51
-0.490 -0.016  0.029 179 129 55
-0.490 -0.019  0.029 182 128 51
-0.490 -0.021  0.028 184 125 48
-0.491 -0.023  0.028 182 124 50
-0.489 -0.022  0.026 184 123 45
-0.487 -0.022  0.025 186 129 48
-0.486 -0.021  0.023 186 127 46
-0.485 -0.022  0.022 187 129 48
-0.483 -0.022  0.020 189 131 50
-0.483 -0.023  0.019 190 136 53
-0.482 -0.023  0.018 190 134 51
-0.481 -0.024  0.017 190 133 55
-0.480 -0.024  0.016 192 136 58
-0.478 -0.023  0.014 192 134 57
-0.476 -0.023  0.012 194 136 59
-0.475 -0.022  0.011 193 134 61
-0.472 -0.020  0.008 198 144 67
-0.470 -0.019  0.007 197 143 67
-0.467 -0.017  0.004 195 147 75
-0.465 -0.015  0.002 190 144 81
-0.462 -0.014 -0.000 162 138 92
-0.458 -0.010 -0.004 137 122 115
-0.456 -0.009 -0.006 132 128 132
-0.454 -0.008 -0.008 163 154 141
-0.453 -0.008 -0.009 150 154 149
-0.479  0.026  0.033 182 163 136
-0.478  0.024  0.032 187 141 109
-0.478  0.023  0.031 192 128 104
-0.478  0.021  0.030 196 115 87
-0.477  0.019  0.029 196 106 74
-0.477  0.017  0.029 194 102 72
-0.478  0.015  0.028 192 93 62
-0.478  0.012  0.027 189 93 62
-0.478  0.009  0.027 191 88 54
-0.480  0.005  0.027 189 89 58
-0.481  0.001  0.027 186 91 60
-0.482 -0.003  0.027 183 91 61
-0.486 -0.010  0.029 183 93 59
-0.487 -0.014  0.029 176 102 55
-0.488 -0.018  0.029 162 111 55
-0.488 -0.019  0.028 168 122 59
-0.488 -0.022  0.028 174 127 58
-0.487 -0.022  0.027 179 129 52
-0.485 -0.021  0.025 181 127 48
-0.484 -0.021  0.024 184 129 47
-0.483 -0.021  0.022 188 127 48
-0.482 -0.021  0.021 185 130 49
-0.481 -0.022  0.020 188 130 50
-0.480 -0.022  0.019 188 132 51
-0.479 -0.023  0.017 189 131 53
-0.478 -0.023  0.016 189 133 56
-0.476 -0.022  0.014 190 137 56
-0.475 -0.022  0.013 191 138 61
-0.473 -0.021  0.011 192 137 61
-0.470 -0.019  0.009 192 151 80
-0.468 -0.018  0.007 168 140 83
-0.464 -0.014  0.004 141 129 93
-0.461 -0.013  0.001 134 116 107
-0.460 -0.013  0.000 119 116 116
-0.455 -0.008 -0.004 112 116 130
-0.454 -0.008 -0.005 120 120 132
-0.452 -0.008 -0.007 150 143 136
-0.450 -0.007 -0.009 168 154 138
-0.476  0.028  0.033 174 162 142
-0.475  0.027  0.032 184 139 108
-0.475  0.025  0.031 189 129 104
-0.475  0.023  0.030 193 113 85
-0.475  0.021  0.030 195 107 76
-0.475  0.019  0.029 192 101 73
-0.475  0.016  0.028 192 93 65
-0.476  0.014  0.028 190 91 63
-0.476  0.011  0.028 193 90 56
-0.477  0.007  0.028 195 89 56
-0.479  0.002  0.028 192 92 59
-0.480 -0.002  0.028 193 94 61
-0.483 -0.008  0.029 191 92 61
-0.484 -0.012  0.029 169 92 64
-0.485 -0.015  0.029 121 79 67
-0.485 -0.017  0.028 111 78 72
-0.486 -0.020  0.028 114 86 66
-0.484 -0.019  0.026 120 100 63
-0.482 -0.019  0.025 129 112 65
-0.481 -0.018  0.023 139 116 64
-0.480 -0.018  0.022 152 123 62
-0.479 -0.018  0.021 160 127 63
-0.478 -0.019  0.019 168 126 59
-0.477 -0.020  0.018 171 132 64
-0.476 -0.020  0.017 168 131 65
-0.475 -0.021  0.016 159 130 67
-0.473 -0.020  0.014 153 128 69
-0.472 -0.020  0.013 150 125 74
-0.470 -0.019  0.011 148 121 78
-0.467 -0.017  0.009 125 103 92
-0.465 -0.016  0.007 116 100 101
-0.461 -0.013  0.004 106 110 110
-0.459 -0.011  0.002 102 105 119
-0.457 -0.011 -0.000 101 112 124
-0.453 -0.006 -0.004 112 123 133
-0.451 -0.006 -0.005 119 129 139
-0.449 -0.005 -0.007 137 139 137
-0.448 -0.005 -0.009 184 160 141
-0.474  0.029  0.034 179 161 142
-0.473  0.028  0.033 181 142 109
-0.473  0.026  0.032 171 131 105
-0.473  0.024  0.031 186 113 86
-0.472  0.023  0.030 188 103 77
-0.472  0.021  0.029 190 103 75
-0.473  0.018  0.029 192 94 67
-0.473  0.015  0.028 191 93 66
-0.474  0.012  0.028 192 92 59
-0.475  0.008  0.028 193 89 58
-0.476  0.004  0.028 193 89 58
-0.478  0.000  0.028 176 100 62
-0.480 -0.005  0.029 165 96 64
-0.480 -0.008  0.028 144 80 63
-0.482 -0.012  0.028 117 94 72
-0.481 -0.013  0.027 119 87 71
-0.482 -0.016  0.027 122 97 71
-0.481 -0.016  0.026 105 89 73
-0.479 -0.016  0.025 93 75 77
-0.478 -0.016  0.023 86 71 78
-0.477 -0.016  0.022 96 75 80
-0.476 -0.016  0.021 114 82 78
-0.475 -0.017  0.019 116 93 75
-0.474 -0.018  0.018 131 94 77
-0.473 -0.018  0.017 140 97 77
-0.472 -0.019  0.016 129 91 79
-0.470 -0.018  0.014 132 103 82
-0.469 -0.018  0.013 124 111 88
-0.467 -0.016  0.011 104 97 92
-0.464 -0.014  0.008 109 96 97
-0.462 -0.014  0.007 120 115 104
-0.459 -0.011  0.004 101 101 110
-0.456 -0.009  0.001 98 103 118
-0.454 -0.009 -0.000 102 112 125
-0.450 -0.004 -0.004 131 130 139
-0.447 -0.003 -0.006 126 136 148
-0.446 -0.003 -0.007 135 139 143
-0.471  0.031  0.034 179 164 141
-0.471  0.030  0.033 178 148 115
-0.471  0.028  0.032 154 134 110
-0.471  0.026  0.031 157 114 89
-0.471  0.024  0.031 178 111 81
-0.471  0.021  0.030 187 103 76
-0.471  0.018  0.030 188 100 69
-0.471  0.017  0.029 186 96 65
-0.471  0.014  0.028 188 94 60
-0.472  0.011  0.028 191 92 60
-0.472  0.008  0.027 190 96 61
-0.473  0.005  0.027 163 98 63
-0.474  0.002  0.027 151 100 66
-0.474 -0.000  0.026 138 97 65
-0.475 -0.003  0.026 134 100 69
-0.477 -0.008  0.027 129 94 71
-0.477 -0.010  0.026 129 89 66
-0.476 -0.012  0.025 113 98 69
-0.476 -0.014  0.025 111 87 76
-0.475 -0.014  0.023 81 75 76
-0.474 -0.014  0.022 72 73 83
-0.473 -0.014  0.021 90 72 80
-0.472 -0.015  0.019 95 87 82
-0.471 -0.015  0.018 114 86 82
-0.470 -0.016  0.017 124 89 77
-0.470 -0.017  0.016 128 109 85
-0.468 -0.016  0.014 129 111 86
-0.467 -0.016  0.013 103 88 91
-0.465 -0.016  0.011 110 94 92
-0.463 -0.015  0.010 124 110 100
-0.461 -0.014  0.007 108 102 102
-0.457 -0.010  0.005 93 101 110
-0.454 -0.009  0.002 98 105 119
-0.451 -0.007 -0.000 108 111 127
-0.447 -0.003 -0.003 124 128 141
-0.446 -0.003 -0.005 124 133 141
-0.444 -0.003 -0.007 133 140 145
-0.469  0.033  0.035 175 159 139
-0.469  0.031  0.034 174 148 119
-0.468  0.029  0.033 146 138 115
-0.468  0.027  0.032 129 113 94
-0.468  0.026  0.031 132 104 86
-0.468  0.023  0.031 145 102 82
-0.469  0.020  0.030 171 103 69
-0.470  0.017  0.030 178 101 61
-0.470  0.015  0.029 179 99 58
-0.470  0.012  0.029 173 101 62
-0.471  0.009  0.028 171 100 63
-0.471  0.006  0.028 167 103 59
-0.470  0.005  0.027 156 103 63
-0.471  0.002  0.026 131 95 68
-0.471  0.000  0.026 120 89 65
-0.471 -0.001  0.025 126 98 69
-0.471 -0.003  0.024 122 91 70
-0.469 -0.003  0.023 124 99 68
-0.467 -0.002  0.021 124 95 71
-0.466 -0.003  0.020 105 87 78
-0.464 -0.002  0.018 83 70 77
-0.463 -0.001  0.016 83 75 73
-0.462 -0.002  0.015 118 83 76
-0.461 -0.003  0.014 118 83 71
-0.461 -0.004  0.013 122 106 71
-0.460 -0.005  0.012 110 95 79
-0.459 -0.006  0.011 103 86 83
-0.459 -0.007  0.010 104 86 87
-0.459 -0.009  0.009 121 113 96
-0.457 -0.009  0.008 107 99 102
-0.456 -0.009  0.006 95 97 104
-0.454 -0.009  0.005 93 102 112
-0.451 -0.006  0.002 96 104 119
-0.450 -0.006  0.000 101 110 124
-0.445 -0.003 -0.003 110 118 130
-0.444 -0.002 -0.005 122 129 136
-0.442 -0.002 -0.006 134 141 146
-0.467  0.034  0.035 173 156 141
-0.466  0.033  0.034 172 147 116
-0.466  0.031  0.033 148 139 113
-0.466  0.029  0.032 127 116 96
-0.466  0.027  0.032 116 107 89
-0.466  0.025  0.031 127 104 84
-0.466  0.022  0.031 164 117 73
-0.467  0.019  0.030 175 118 68
-0.468  0.016  0.030 178 116 64
-0.468  0.013  0.029 180 124 67
-0.468  0.011  0.028 182 123 66
-0.468  0.009  0.028 186 130 64
-0.468  0.006  0.027 184 134 64
-0.469  0.004  0.027 180 135 64
-0.468  0.003  0.026 176 132 67
-0.467  0.002  0.024 176 121 71
-0.466  0.002  0.023 149 103 68
-0.465  0.002  0.022 113 93 68
-0.463  0.002  0.020 95 93 72
-0.463  0.001  0.019 91 86 71
-0.461  0.002  0.017 81 66 64
-0.459  0.002  0.016 82 64 58
-0.458  0.001  0.015 106 66 56
-0.458  0.000  0.014 124 74 53
-0.457 -0.001  0.013 146 96 61
-0.457 -0.003  0.012 163 108 65
-0.456 -0.004  0.011 167 117 72
-0.456 -0.006  0.010 165 112 77
-0.455 -0.006  0.009 129 106 84
-0.455 -0.007  0.008 103 94 95
-0.454 -0.008  0.007 97 98 103
-0.452 -0.007  0.005 94 101 115
-0.449 -0.005  0.002 94 104 118
-0.447 -0.004  0.000 101 110 123
-0.443 -0.002 -0.002 110 119 129
-0.440  0.000 -0.005 127 131 134
-0.439  0.000 -0.006 148 146 141
-0.465  0.035  0.036 177 169 147
-0.464  0.035  0.035 171 148 120
-0.464  0.033  0.034 148 137 111
-0.463  0.031  0.033 126 117 99
-0.463  0.028  0.032 114 109 93
-0.463  0.026  0.031 137 110 84
-0.464  0.024  0.031 169 126 73
-0.464  0.021  0.030 175 126 70
-0.465  0.018  0.030 180 125 66
-0.465  0.015  0.029 190 133 66
-0.465  0.013  0.029 194 136 69
-0.466  0.010  0.028 195 135 64
-0.465  0.009  0.027 199 139 62
-0.465  0.007  0.026 201 144 64
-0.464  0.006  0.025 195 139 66
-0.464  0.005  0.024 198 147 74
-0.462  0.005  0.023 172 128 64
-0.461  0.005  0.022 134 95 54
-0.460  0.005  0.020 99 61 51
-0.458  0.006  0.018 83 62 52
-0.457  0.005  0.017 84 62 55
-0.456  0.005  0.016 108 65 43
-0.455  0.003  0.015 138 86 48
-0.455  0.002  0.014 166 113 57
-0.455  0.000  0.013 181 121 62
-0.454 -0.001  0.012 194 131 63
-0.454 -0.003  0.011 203 138 64
-0.454 -0.004  0.010 205 144 72
-0.453 -0.005  0.010 191 141 80
-0.452 -0.005  0.008 159 120 93
-0.450 -0.005  0.006 115 97 102
-0.447 -0.003  0.004 99 102 112
-0.445 -0.002  0.002 97 108 116
-0.442  0.000 -0.001 103 114 124
-0.440  0.001 -0.002 115 122 130
-0.439  0.001 -0.004 135 135 138
-0.437  0.001 -0.006 170 154 144
-0.462  0.037  0.036 177 171 145
-0.462  0.035  0.035 169 155 124
-0.461  0.034  0.034 147 138 109
-0.461  0.032  0.034 125 119 103
-0.461  0.029  0.033 116 116 97
-0.461  0.028  0.032 148 117 86
-0.462  0.025  0.031 170 124 73
-0.462  0.022  0.031 178 128 68
-0.462  0.020  0.030 182 132 66
-0.463  0.016  0.030 198 140 68
-0.463  0.015  0.029 201 148 75
-0.463  0.012  0.029 199 139 66
-0.463  0.010  0.028 207 150 68
-0.463  0.008  0.027 210 152 74
-0.462  0.008  0.026 204 143 66
-0.461  0.008  0.024 203 145 73
-0.460  0.007  0.023 187 132 61
-0.458  0.007  0.022 154 103 55
-0.457  0.007  0.020 116 61 47
-0.455  0.008  0.018 101 63 49
-0.454  0.008  0.017 119 69 51
-0.453  0.007  0.016 153 103 49
-0.452  0.006  0.015 175 114 55
-0.452  0.004  0.014 191 129 56
-0.452  0.002  0.013 203 136 60
-0.452  0.000  0.013 209 139 63
-0.452 -0.001  0.012 214 147 64
-0.451 -0.003  0.011 221 154 71
-0.451 -0.004  0.010 221 157 80
-0.449 -0.004  0.008 210 152 90
-0.448 -0.004  0.007 142 130 103
-0.446 -0.003  0.005 105 112 118
-0.443 -0.001  0.003 105 114 125
-0.440  0.000  0.000 110 120 137
-0.438  0.001 -0.002 121 135 146
-0.436  0.002 -0.004 151 165 156
-0.460  0.038  0.037 179 168 144
-0.460  0.036  0.036 169 151 121
-0.459  0.035  0.035 146 141 113
-0.459  0.033  0.034 125 124 107
-0.459  0.031  0.033 116 119 101
-0.459  0.029  0.033 150 121 88
-0.459  0.026  0.032 174 129 72
-0.460  0.024  0.031 181 130 66
-0.460  0.021  0.031 184 132 65
-0.461  0.018  0.030 196 147 72
-0.461  0.016  0.030 201 152 77
-0.461  0.013  0.029 201 141 66
-0.461  0.012  0.028 207 152 73
-0.460  0.011  0.027 209 151 76
-0.459  0.009  0.026 206 149 75
-0.458  0.009  0.025 214 157 94
-0.457  0.009  0.023 198 134 62
-0.455  0.009  0.022 151 106 61
-0.454  0.009  0.020 121 63 48
-0.452  0.010  0.019 138 74 47
-0.451  0.010  0.017 165 111 53
-0.450  0.009  0.016 183 122 54
-0.450  0.007  0.015 194 126 58
-0.449  0.006  0.014 203 135 55
-0.450  0.003  0.014 210 141 60
-0.449  0.002  0.013 216 142 63
-0.450 -0.001  0.012 220 152 67
-0.449 -0.002  0.011 224 157 72
-0.448 -0.003  0.010 225 159 79
-0.447 -0.003  0.009 226 163 93
-0.446 -0.003  0.007 174 151 108
-0.444 -0.002  0.005 123 136 128
-0.441 -0.001  0.003 116 143 137
-0.438  0.001  0.001 136 162 158
-0.436  0.002 -0.001 135 175 179
-0.434  0.002 -0.003 150 171 175
-0.457  0.038  0.037 169 152 122
-0.457  0.036  0.036 143 139 117
-0.457  0.034  0.035 124 126 109
-0.457  0.032  0.034 111 119 104
-0.457  0.030  0.033 147 121 89
-0.457  0.027  0.033 174 135 73
-0.457  0.025  0.032 181 130 66
-0.458  0.022  0.031 185 134 64
-0.459  0.019  0.031 192 139 66
-0.459  0.016  0.030 197 141 67
-0.459  0.014  0.030 199 142 66
-0.459  0.013  0.029 207 148 67
-0.458  0.011  0.028 207 145 70
-0.457  0.010  0.027 221 158 84
-0.456  0.010  0.025 212 167 106
-0.455  0.010  0.024 197 133 63
-0.453  0.010  0.022 137 100 62
-0.452  0.010  0.021 124 71 52
-0.451  0.010  0.020 165 110 50
-0.450  0.009  0.018 185 122 51
-0.449  0.008  0.017 195 131 57
-0.449  0.007  0.016 204 135 57
-0.449  0.005  0.015 207 139 59
-0.448  0.003  0.015 215 144 61
-0.448  0.001  0.014 219 147 64
-0.448 -0.001  0.013 223 156 72
-0.448 -0.002  0.012 234 167 86
-0.447 -0.003  0.011 233 164 83
-0.446 -0.003  0.010 233 168 94
-0.444 -0.003  0.008 201 163 101
-0.442 -0.002  0.006 144 138 99
-0.439 -0.000  0.004 129 146 112
-0.437  0.001  0.002 137 156 135
-0.434  0.002 -0.000 143 172 162
-0.432  0.003 -0.002 155 176 162
-0.455  0.039  0.037 168 151 122
-0.455  0.037  0.036 144 143 118
-0.455  0.035  0.036 123 129 113
-0.455  0.033  0.035 112 120 106
-0.455  0.031  0.034 139 116 90
-0.455  0.028  0.033 172 136 73
-0.455  0.026  0.033 179 131 66
-0.456  0.022  0.032 184 133 65
-0.457  0.019  0.032 188 134 63
-0.457  0.017  0.031 193 139 63
-0.457  0.015  0.031 198 140 63
-0.457  0.013  0.030 202 145 63
-0.456  0.012  0.029 204 148 71
-0.455  0.011  0.027 221 167 89
-0.454  0.011  0.026 208 151 84
-0.453  0.010  0.025 194 130 60
-0.452  0.010  0.023 130 91 56
-0.451  0.010  0.022 161 97 44
-0.450  0.009  0.021 188 125 49
-0.448  0.009  0.019 197 131 53
-0.448  0.008  0.018 204 134 58
-0.448  0.006  0.017 207 138 60
-0.447  0.005  0.017 212 146 63
-0.447  0.003  0.016 217 149 69
-0.447  0.001  0.015 220 149 69
-0.447 -0.001  0.014 227 166 81
-0.446 -0.002  0.013 228 172 95
-0.445 -0.002  0.012 235 171 92
-0.444 -0.003  0.011 232 176 106
-0.443 -0.003  0.009 205 169 99
-0.440 -0.002  0.007 151 142 100
-0.438 -0.001  0.005 135 157 108
-0.435  0.001  0.003 143 168 118
-0.433  0.002  0.001 155 178 135
-0.430  0.004 -0.002 170 179 146
-0.453  0.041  0.038 168 156 126
-0.452  0.039  0.037 145 143 119
-0.453  0.036  0.036 124 130 117
-0.453  0.034  0.035 112 120 110
-0.453  0.032  0.035 122 115 96
-0.453  0.029  0.034 166 135 76
-0.453  0.027  0.033 179 130 65
-0.454  0.023  0.033 183 131 63
-0.455  0.019  0.033 187 132 61
-0.456  0.017  0.032 191 139 62
-0.456  0.015  0.031 196 141 60
-0.455  0.013  0.030 203 141 62
-0.455  0.012  0.029 204 150 72
-0.454  0.011  0.028 210 151 73
-0.453  0.011  0.027 207 145 64
-0.451  0.011  0.026 181 125 59
-0.450  0.011  0.024 145 82 53
-0.449  0.010  0.023 181 120 50
-0.448  0.010  0.021 195 131 53
-0.447  0.009  0.020 202 134 55
-0.446  0.008  0.019 205 137 59
-0.446  0.006  0.018 211 145 64
-0.446  0.005  0.017 222 162 79
-0.446  0.003  0.017 220 155 75
-0.446  0.001  0.016 221 151 71
-0.445 -0.000  0.015 224 156 74
-0.445 -0.002  0.014 226 163 85
-0.444 -0.002  0.013 238 177 100
-0.442 -0.002  0.011 232 170 98
-0.441 -0.002  0.010 199 170 102
-0.439 -0.002  0.008 151 148 98
-0.437 -0.001  0.006 139 162 110
-0.434  0.001  0.004 145 174 120
-0.431  0.003  0.001 158 181 133
-0.428  0.005 -0.001 181 185 144
-0.450  0.042  0.039 168 160 128
-0.450  0.040  0.038 144 143 120
-0.450  0.037  0.037 125 131 117
-0.451  0.035  0.036 112 122 109
-0.451  0.032  0.036 110 120 97
-0.451  0.029  0.035 158 124 78
-0.451  0.028  0.034 177 131 67
-0.452  0.024  0.034 182 128 61
-0.453  0.020  0.034 187 133 65
-0.454  0.018  0.033 193 135 62
-0.454  0.015  0.032 196 138 61
-0.454  0.013  0.031 203 143 66
-0.453  0.013  0.030 207 150 78
-0.452  0.012  0.029 206 146 66
-0.451  0.011  0.028 199 139 59
-0.450  0.011  0.026 170 106 52
-0.449  0.010  0.025 164 100 47
-0.448  0.010  0.024 186 130 55
-0.446  0.010  0.022 198 132 55
-0.446  0.009  0.021 202 137 59
-0.445  0.008  0.020 203 136 62
-0.445  0.006  0.019 211 151 69
-0.445  0.004  0.019 214 150 70
-0.444  0.003  0.018 216 146 68
-0.444  0.002  0.017 219 156 71
-0.444 -0.000  0.016 222 157 74
-0.442 -0.001  0.015 224 161 87
-0.442 -0.001  0.013 231 174 101
-0.441 -0.002  0.012 229 170 93
-0.439 -0.001  0.010 183 169 102
-0.437 -0.001  0.009 145 154 101
-0.435 -0.000  0.007 156 166 115
-0.432  0.002  0.004 157 175 125
-0.430  0.002  0.003 161 178 136
-0.448  0.043  0.039 165 154 125
-0.448  0.041  0.038 143 142 119
-0.448  0.039  0.038 125 129 110
-0.448  0.036  0.037 113 121 100
-0.449  0.033  0.036 107 111 88
-0.449  0.030  0.036 138 116 74
-0.449  0.028  0.035 171 130 69
-0.451  0.024  0.035 181 130 64
-0.452  0.020  0.034 184 131 62
-0.452  0.018  0.034 188 133 60
-0.452  0.016  0.033 195 139 63
-0.452  0.014  0.032 202 147 66
-0.451  0.013  0.031 203 145 67
-0.450  0.012  0.030 203 144 65
-0.449  0.011  0.029 190 132 60
-0.448  0.011  0.027 179 111 45
-0.447  0.011  0.026 181 112 47
-0.446  0.010  0.025 193 129 55
-0.446  0.009  0.024 199 133 55
-0.445  0.008  0.023 202 137 60
-0.444  0.007  0.021 204 141 65
-0.444  0.006  0.020 207 145 67
-0.443  0.004  0.019 209 145 67
-0.443  0.003  0.019 211 150 69
-0.442  0.002  0.018 218 152 71
-0.442  0.000  0.017 222 159 78
-0.441 -0.000  0.015 222 164 86
-0.439 -0.000  0.014 225 161 87
-0.438 -0.001  0.013 224 168 93
-0.437 -0.001  0.011 168 157 101
-0.435 -0.000  0.009 141 157 105
-0.433  0.000  0.007 150 175 122
-0.430  0.002  0.005 163 186 133
-0.428  0.003  0.003 167 184 143
-0.445  0.045  0.040 169 152 121
-0.445  0.043  0.039 142 128 106
-0.445  0.040  0.038 127 121 94
-0.446  0.037  0.038 120 121 88
-0.447  0.034  0.037 113 116 81
-0.448  0.030  0.037 116 113 76
-0.448  0.028  0.036 159 122 70
-0.449  0.024  0.036 177 129 66
-0.450  0.021  0.035 182 130 62
-0.450  0.019  0.034 186 136 59
-0.450  0.017  0.034 195 136 60
-0.450  0.015  0.033 204 143 66
-0.449  0.014  0.032 206 146 65
-0.448  0.013  0.030 200 142 64
-0.447  0.012  0.029 194 122 50
-0.446  0.012  0.028 194 123 48
-0.445  0.012  0.027 195 126 50
-0.445  0.010  0.026 197 125 51
-0.444  0.009  0.025 198 132 55
-0.443  0.008  0.024 198 138 61
-0.443  0.007  0.022 202 143 65
-0.442  0.005  0.022 207 139 62
-0.442  0.004  0.021 210 145 64
-0.441  0.003  0.020 213 149 70
-0.441  0.002  0.018 217 154 74
-0.440  0.001  0.017 223 164 84
-0.439  0.001  0.016 224 161 81
-0.437  0.001  0.014 226 164 85
-0.436  0.000  0.013 218 170 94
-0.435  0.000  0.012 178 164 102
-0.432  0.001  0.010 145 157 106
-0.430  0.002  0.008 142 169 122
-0.427  0.003  0.006 164 196 145
-0.424  0.006  0.003 166 184 145
-0.442  0.047  0.040 170 154 120
-0.442  0.045  0.039 151 130 101
-0.443  0.042  0.039 134 130 96
-0.444  0.037  0.039 123 129 91
-0.445  0.034  0.038 113 122 83
-0.446  0.031  0.038 108 120 78
-0.446  0.029  0.037 124 120 73
-0.447  0.025  0.036 158 121 68
-0.448  0.022  0.036 174 128 66
-0.448  0.020  0.035 182 130 62
-0.448  0.017  0.034 193 135 59
-0.447  0.016  0.033 200 141 66
-0.447  0.015  0.032 202 137 62
-0.446  0.014  0.031 194 125 55
-0.445  0.013  0.030 198 131 52
-0.444  0.013  0.029 205 135 53
-0.443  0.012  0.028 203 135 55
-0.443  0.010  0.027 202 132 55
-0.443  0.009  0.026 201 129 55
-0.442  0.008  0.025 198 137 62
-0.441  0.007  0.023 200 139 61
-0.441  0.005  0.023 206 143 63
-0.441  0.004  0.022 210 148 66
-0.440  0.003  0.020 213 148 72
-0.439  0.002  0.019 217 157 78
-0.438  0.001  0.018 219 159 82
-0.437  0.002  0.017 224 159 82
-0.435  0.002  0.015 225 163 85
-0.434  0.002  0.013 187 160 94
-0.432  0.002  0.012 151 150 99
-0.430  0.002  0.010 141 155 106
-0.427  0.003  0.008 144 172 120
-0.424  0.005  0.006 154 183 141
-0.421  0.008  0.003 173 180 143
-0.439  0.050  0.041 169 152 118
-0.439  0.048  0.040 159 136 102
-0.440  0.044  0.039 140 139 97
-0.442  0.039  0.039 124 134 91
-0.442  0.036  0.039 113 127 83
-0.443  0.033  0.038 112 124 78
-0.444  0.030  0.037 110 124 76
-0.445  0.026  0.037 122 115 74
-0.446  0.023  0.037 121 107 67
-0.446  0.020  0.036 132 113 68
-0.446  0.018  0.035 166 123 59
-0.446  0.017  0.034 184 126 60
-0.445  0.016  0.033 197 125 50
-0.444  0.015  0.032 202 132 54
-0.444  0.014  0.031 203 141 59
-0.443  0.013  0.030 208 144 60
-0.442  0.012  0.029 209 143 62
-0.441  0.010  0.028 209 141 61
-0.441  0.009  0.027 205 137 58
-0.441  0.008  0.026 200 135 59
-0.440  0.006  0.025 200 137 61
-0.440  0.005  0.024 206 137 64
-0.440  0.003  0.023 208 150 70
-0.438  0.003  0.021 213 154 76
-0.438  0.002  0.020 218 157 79
-0.436  0.002  0.019 220 159 82
-0.434  0.002  0.017 220 160 86
-0.432  0.003  0.015 200 165 95
-0.430  0.003  0.014 154 130 91
-0.429  0.004  0.012 135 140 97
-0.427  0.004  0.010 137 154 107
-0.424  0.005  0.008 144 167 118
-0.421  0.007  0.006 157 180 132
-0.418  0.009  0.003 180 186 146
-0.434  0.054  0.040 167 153 121
-0.435  0.051  0.040 154 138 105
-0.436  0.047  0.039 140 142 96
-0.439  0.041  0.040 128 137 90
-0.439  0.038  0.039 120 133 81
-0.441  0.034  0.039 127 131 80
-0.442  0.031  0.038 122 128 82
-0.443  0.027  0.038 102 106 73
-0.444  0.023  0.037 95 92 63
-0.444  0.021  0.037 119 89 58
-0.445  0.018  0.036 167 125 60
-0.444  0.017  0.035 186 126 55
-0.443  0.016  0.034 198 132 52
-0.442  0.016  0.033 204 140 62
-0.442  0.014  0.032 215 147 68
-0.441  0.013  0.031 222 153 71
-0.440  0.012  0.029 215 147 63
-0.440  0.011  0.028 214 144 61
-0.439  0.009  0.027 215 147 64
-0.439  0.007  0.027 212 144 66
-0.439  0.006  0.026 208 140 66
-0.438  0.005  0.025 199 139 68
-0.438  0.003  0.024 193 134 76
-0.437  0.003  0.022 207 157 84
-0.436  0.003  0.021 213 160 86
-0.433  0.004  0.019 216 159 85
-0.431  0.004  0.017 205 154 91
-0.429  0.005  0.016 155 120 93
-0.427  0.005  0.014 126 123 88
-0.426  0.006  0.012 128 136 98
-0.424  0.006  0.010 137 149 107
-0.421  0.007  0.008 146 165 121
-0.418  0.009  0.006 159 186 141
-0.431  0.058  0.041 166 152 121
-0.432  0.054  0.040 149 134 105
-0.432  0.051  0.039 140 141 97
-0.436  0.043  0.040 133 138 89
-0.437  0.040  0.039 124 135 80
-0.438  0.035  0.039 123 132 84
-0.440  0.031  0.039 109 123 83
-0.441  0.028  0.039 95 103 67
-0.442  0.024  0.038 94 101 61
-0.442  0.021  0.038 122 105 58
-0.443  0.019  0.037 169 128 63
-0.442  0.017  0.036 185 131 58
-0.441  0.017  0.035 195 136 61
-0.441  0.016  0.034 200 148 72
-0.440  0.015  0.032 205 154 81
-0.440  0.013  0.032 210 153 73
-0.439  0.012  0.030 211 150 62
-0.438  0.011  0.029 216 149 62
-0.438  0.009  0.028 216 149 65
-0.438  0.008  0.028 217 153 69
-0.437  0.006  0.027 218 152 75
-0.437  0.004  0.026 218 158 84
-0.436  0.004  0.025 173 98 80
-0.435  0.003  0.023 166 109 75
-0.434  0.003  0.022 179 128 89
-0.430  0.005  0.019 184 132 94
-0.429  0.006  0.018 176 99 89
-0.426  0.007  0.016 159 97 83
-0.424  0.008  0.014 137 119 93
-0.422  0.008  0.012 132 139 100
-0.420  0.008  0.010 138 154 108
-0.418  0.009  0.008 149 169 124
-0.415  0.011  0.006 163 184 142
-0.427  0.061  0.041 167 151 120
-0.427  0.058  0.040 148 128 102
-0.427  0.056  0.039 140 134 95
-0.428  0.053  0.038 134 139 94
-0.428  0.050  0.038 122 134 87
-0.430  0.045  0.037 123 133 84
-0.438  0.032  0.040 100 98 76
-0.439  0.028  0.040 92 97 66
-0.440  0.025  0.039 96 107 64
-0.440  0.022  0.038 116 114 64
-0.441  0.019  0.038 165 127 63
-0.440  0.018  0.037 187 129 58
-0.439  0.017  0.036 194 132 59
-0.439  0.016  0.034 200 139 62
-0.438  0.015  0.033 202 143 62
-0.438  0.014  0.032 204 140 62
-0.437  0.012  0.031 208 145 61
-0.437  0.011  0.030 213 150 64
-0.436  0.009  0.029 217 151 65
-0.436  0.008  0.028 221 154 70
-0.436  0.006  0.027 221 163 81
-0.436  0.005  0.027 219 165 94
-0.435  0.003  0.026 175 115 89
-0.434  0.003  0.024 161 78 73
-0.432  0.004  0.023 172 83 74
-0.429  0.006  0.020 180 81 76
-0.426  0.007  0.018 181 86 77
-0.424  0.008  0.016 178 94 82
-0.422  0.009  0.014 169 104 95
-0.419  0.010  0.012 150 142 107
-0.417  0.011  0.010 146 157 117
-0.415  0.011  0.009 158 170 136
-0.412  0.012  0.007 174 183 152
-0.425  0.062  0.042 168 148 118
-0.424  0.060  0.041 155 127 99
-0.424  0.058  0.040 146 122 90
-0.425  0.054  0.039 137 139 91
-0.426  0.051  0.039 123 135 88
-0.428  0.046  0.039 118 131 86
-0.436  0.033  0.041 100 92 69
-0.437  0.029  0.040 93 91 66
-0.438  0.025  0.040 92 96 64
-0.439  0.022  0.039 104 111 64
-0.439  0.020  0.039 157 118 59
-0.438  0.019  0.038 183 127 59
-0.438  0.018  0.036 191 135 60
-0.437  0.017  0.035 196 140 60
-0.436  0.016  0.034 197 139 59
-0.436  0.014  0.033 202 140 62
-0.435  0.013  0.032 206 146 64
-0.435  0.011  0.031 210 146 64
-0.434  0.010  0.030 216 150 67
-0.434  0.008  0.029 219 154 72
-0.434  0.007  0.028 219 162 80
-0.434  0.005  0.027 216 157 81
-0.433  0.004  0.026 184 129 96
-0.431  0.004  0.025 172 81 75
-0.430  0.004  0.023 179 81 74
-0.427  0.007  0.021 184 82 78
-0.424  0.008  0.019 190 87 81
-0.421  0.009  0.017 196 96 90
-0.419  0.010  0.015 193 100 91
-0.416  0.012  0.013 173 121 100
-0.414  0.013  0.011 167 136 119
-0.412  0.013  0.009 173 153 145
-0.410  0.014  0.007 185 171 157
-0.423  0.062  0.043 169 148 115
-0.423  0.060  0.042 162 123 97
-0.423  0.057  0.041 152 110 90
-0.424  0.054  0.040 139 124 86
-0.425  0.050  0.040 125 138 92
-0.426  0.046  0.039 110 127 91
-0.433  0.034  0.041 101 96 68
-0.435  0.030  0.041 94 92 65
-0.436  0.026  0.041 93 91 65
-0.437  0.023  0.040 98 100 59
-0.437  0.020  0.040 125 111 62
-0.437  0.019  0.039 169 126 65
-0.436  0.017  0.037 184 131 63
-0.435  0.017  0.036 190 134 60
-0.435  0.016  0.035 194 134 62
-0.435  0.014  0.034 198 140 64
-0.434  0.013  0.033 202 144 63
-0.433  0.012  0.032 206 146 63
-0.432  0.011  0.031 211 147 69
-0.432  0.010  0.030 212 151 74
-0.431  0.008  0.029 214 155 81
-0.431  0.007  0.028 213 153 84
-0.430  0.006  0.027 185 124 94
-0.429  0.005  0.025 177 82 73
-0.428  0.005  0.024 189 90 81
-0.425  0.007  0.022 190 93 91
-0.421  0.010  0.019 198 101 97
-0.418  0.011  0.017 210 109 110
-0.416  0.012  0.015 206 100 93
-0.413  0.014  0.013 192 110 100
-0.411  0.015  0.011 185 119 116
-0.409  0.015  0.009 188 135 132
-0.407  0.015  0.007 197 160 146
-0.420  0.063  0.044 168 145 115
-0.421  0.060  0.043 163 123 98
-0.421  0.058  0.042 158 109 90
-0.422  0.054  0.042 148 100 80
-0.423  0.050  0.041 131 122 85
-0.425  0.046  0.041 119 132 89
-0.430  0.036  0.042 104 105 71
-0.432  0.031  0.042 97 100 64
-0.434  0.027  0.041 97 100 67
-0.435  0.023  0.041 96 101 66
-0.436  0.020  0.041 106 103 66
-0.436  0.018  0.040 130 105 65
-0.435  0.017  0.039 159 121 62
-0.435  0.016  0.038 178 126 61
-0.434  0.015  0.036 187 131 65
-0.433  0.013  0.035 194 138 68
-0.433  0.013  0.034 199 141 67
-0.431  0.012  0.033 203 145 72
-0.430  0.012  0.032 203 147 77
-0.429  0.011  0.030 204 148 83
-0.429  0.009  0.029 198 146 89
-0.428  0.008  0.028 179 131 93
-0.428  0.007  0.027 166 95 84
-0.426  0.007  0.026 175 80 76
-0.425  0.007  0.024 185 81 82
-0.421  0.009  0.022 191 91 95
-0.418  0.011  0.020 208 131 121
-0.415  0.013  0.017 202 115 129
-0.413  0.013  0.016 207 107 101
-0.411  0.015  0.014 179 118 113
-0.408  0.015  0.012 158 143 146
-0.407  0.015  0.010 170 169 163
-0.418  0.064  0.045 164 144 117
-0.418  0.062  0.044 163 122 97
-0.418  0.060  0.043 161 107 87
-0.420  0.055  0.042 156 96 80
-0.421  0.051  0.042 155 105 84
-0.422  0.048  0.041 138 120 83
-0.428  0.037  0.043 120 121 80
-0.429  0.033  0.042 109 110 74
-0.431  0.028  0.042 107 109 71
-0.433  0.023  0.042 108 105 71
-0.434  0.020  0.042 99 96 68
-0.435  0.018  0.041 127 83 62
-0.434  0.017  0.040 130 103 68
-0.433  0.016  0.039 133 126 70
-0.432  0.015  0.037 141 130 74
-0.431  0.014  0.036 154 131 83
-0.430  0.014  0.035 170 110 75
-0.429  0.014  0.033 189 114 80
-0.427  0.013  0.032 196 110 87
-0.427  0.012  0.031 182 95 85
-0.426  0.011  0.030 146 87 84
-0.426  0.010  0.029 152 84 81
-0.425  0.009  0.027 162 84 82
-0.424  0.008  0.026 172 81 80
-0.421  0.009  0.024 180 83 84
-0.418  0.011  0.022 186 89 94
-0.415  0.013  0.020 197 93 96
-0.413  0.014  0.018 199 99 99
-0.411  0.015  0.016 200 104 104
-0.408  0.016  0.014 153 132 131
-0.405  0.017  0.012 139 157 164
-0.404  0.017  0.010 164 181 175
-0.417  0.064  0.046 165 145 116
-0.417  0.061  0.045 161 120 94
-0.417  0.059  0.044 160 108 90
-0.418  0.055  0.043 157 95 81
-0.419  0.051  0.043 159 86 78
-0.420  0.048  0.042 153 83 73
-0.425  0.039  0.043 150 100 78
-0.427  0.034  0.043 134 110 87
-0.429  0.030  0.043 109 97 79
-0.430  0.025  0.043 94 87 79
-0.432  0.022  0.042 92 81 80
-0.432  0.019  0.042 125 77 66
-0.432  0.017  0.041 132 79 65
-0.431  0.016  0.039 125 112 72
-0.430  0.016  0.038 133 152 91
-0.429  0.016  0.037 148 146 105
-0.428  0.015  0.036 166 74 72
-0.426  0.015  0.034 181 81 84
-0.425  0.015  0.033 196 124 112
-0.424  0.014  0.031 179 86 90
-0.423  0.012  0.030 119 92 100
-0.423  0.012  0.029 115 100 102
-0.421  0.011  0.028 145 95 97
-0.421  0.010  0.027 164 85 90
-0.419  0.011  0.025 176 87 85
-0.416  0.012  0.023 183 92 89
-0.413  0.014  0.021 189 89 92
-0.410  0.015  0.018 191 99 99
-0.408  0.016  0.017 172 116 119
-0.405  0.017  0.014 133 144 153
-0.402  0.019  0.012 134 161 169
-0.401  0.019  0.011 164 180 175
-0.416  0.063  0.047 164 142 115
-0.416  0.061  0.046 162 119 95
-0.416  0.058  0.045 162 110 91
-0.417  0.054  0.045 160 92 78
-0.418  0.051  0.044 160 86 74
-0.419  0.047  0.044 158 79 73
-0.423  0.040  0.044 160 84 78
-0.424  0.036  0.044 148 81 75
-0.426  0.032  0.043 105 76 74
-0.428  0.027  0.043 86 79 88
-0.430  0.022  0.043 88 84 91
-0.430  0.020  0.042 110 82 77
-0.430  0.018  0.041 133 73 66
-0.429  0.017  0.040 139 77 66
-0.428  0.017  0.039 141 116 87
-0.426  0.017  0.037 148 92 91
-0.424  0.017  0.036 168 68 66
-0.423  0.017  0.034 180 77 75
-0.422  0.016  0.033 188 83 89
-0.421  0.015  0.032 157 99 104
-0.420  0.015  0.031 108 116 127
-0.419  0.014  0.029 98 128 140
-0.419  0.013  0.028 112 128 145
-0.418  0.011  0.027 128 122 132
-0.416  0.012  0.025 146 111 124
-0.414  0.013  0.024 158 107 124
-0.411  0.015  0.021 162 110 127
-0.408  0.016  0.019 155 134 135
-0.405  0.017  0.017 135 140 154
-0.402  0.019  0.015 128 151 164
-0.400  0.020  0.013 137 162 168
-0.397  0.021  0.011 164 180 170
-0.414  0.064  0.048 164 140 114
-0.414  0.061  0.047 160 125 96
-0.415  0.058  0.047 166 115 92
-0.415  0.054  0.046 161 97 82
-0.417  0.051  0.045 160 89 76
-0.417  0.047  0.045 163 82 72
-0.420  0.042  0.045 157 79 70
-0.421  0.038  0.044 124 80 71
-0.422  0.034  0.044 96 84 81
-0.424  0.029  0.043 87 83 89
-0.425  0.026  0.043 92 84 85
-0.425  0.024  0.042 101 92 86
-0.425  0.022  0.041 107 82 77
-0.425  0.021  0.040 130 74 63
-0.423  0.021  0.039 148 76 69
-0.422  0.020  0.037 156 71 67
-0.422  0.019  0.036 168 71 66
-0.420  0.018  0.035 179 76 74
-0.420  0.017  0.034 162 91 94
-0.418  0.017  0.032 120 115 126
-0.418  0.016  0.031 104 140 152
-0.417  0.015  0.030 120 159 172
-0.415  0.015  0.028 116 164 179
-0.415  0.013  0.027 106 160 184
-0.413  0.014  0.026 111 163 193
-0.411  0.014  0.024 129 168 203
-0.408  0.016  0.022 128 176 203
-0.405  0.018  0.020 123 176 197
-0.403  0.018  0.018 121 162 181
-0.400  0.020  0.016 126 161 176
-0.395  0.024  0.013 140 164 170
-0.412  0.064  0.049 164 142 115
-0.411  0.062  0.048 151 129 101
-0.412  0.059  0.047 141 113 97
-0.413  0.055  0.047 143 103 84
-0.414  0.052  0.046 155 96 76
-0.415  0.048  0.046 159 90 71
-0.417  0.044  0.045 146 83 71
-0.418  0.040  0.044 108 81 73
-0.419  0.037  0.044 91 78 74
-0.421  0.032  0.044 89 76 70
-0.421  0.030  0.043 94 77 69
-0.421  0.028  0.042 120 80 69
-0.421  0.026  0.041 114 80 65
-0.421  0.024  0.040 108 82 66
-0.419  0.024  0.039 118 88 69
-0.418  0.023  0.037 126 91 71
-0.418  0.021  0.037 130 90 79
-0.418  0.020  0.036 127 98 93
-0.417  0.019  0.034 114 109 114
-0.416  0.018  0.033 97 133 143
-0.415  0.017  0.032 96 147 167
-0.414  0.017  0.030 103 161 181
-0.413  0.016  0.029 103 168 189
-0.412  0.015  0.028 100 171 204
-0.410  0.016  0.026 130 189 226
-0.408  0.016  0.024 149 218 248
-0.405  0.018  0.022 122 192 230
-0.402  0.019  0.020 116 186 215
-0.400  0.020  0.018 122 175 195
-0.397  0.021  0.016 129 176 191
-0.391  0.026  0.013 142 176 182
-0.409  0.066  0.050 163 144 119
-0.409  0.064  0.049 144 133 104
-0.410  0.060  0.048 126 114 101
-0.411  0.057  0.048 122 104 93
-0.411  0.053  0.047 124 93 79
-0.413  0.049  0.046 146 87 72
-0.414  0.046  0.046 150 89 72
-0.415  0.042  0.045 138 86 70
-0.416  0.038  0.045 116 81 69
-0.417  0.034  0.044 98 76 68
-0.418  0.032  0.043 128 75 64
-0.418  0.029  0.043 152 85 64
-0.418  0.027  0.042 151 82 62
-0.418  0.025  0.041 136 82 61
-0.417  0.025  0.039 111 91 66
-0.416  0.024  0.038 107 106 80
-0.416  0.022  0.037 104 102 94
-0.415  0.021  0.036 99 113 113
-0.415  0.020  0.035 89 122 130
-0.413  0.019  0.034 87 139 152
-0.413  0.018  0.032 90 149 173
-0.411  0.018  0.031 95 162 186
-0.410  0.018  0.030 102 169 197
-0.410  0.016  0.029 102 178 214
-0.407  0.017  0.027 117 196 238
-0.405  0.018  0.025 119 192 232
-0.402  0.019  0.023 112 185 222
-0.399  0.020  0.021 120 185 209
-0.396  0.023  0.018 128 153 164
-0.393  0.024  0.016 139 158 167
-0.386  0.030  0.012 150 159 167
-0.406  0.068  0.051 161 142 117
-0.406  0.066  0.050 147 132 103
-0.407  0.062  0.049 124 113 104
-0.407  0.059  0.048 113 105 95
-0.408  0.055  0.047 106 94 85
-0.410  0.051  0.047 113 85 78
-0.411  0.047  0.046 123 86 71
-0.412  0.044  0.046 146 86 71
-0.413  0.040  0.045 149 86 68
-0.415  0.036  0.045 143 82 67
-0.414  0.034  0.044 167 87 64
-0.415  0.031  0.043 179 89 65
-0.416  0.029  0.042 179 87 63
-0.416  0.027  0.041 171 85 60
-0.414  0.026  0.040 148 84 62
-0.414  0.024  0.039 116 94 71
-0.413  0.023  0.038 106 100 86
-0.413  0.022  0.037 103 109 109
-0.412  0.021  0.036 94 124 132
-0.411  0.020  0.034 89 137 153
-0.410  0.019  0.033 90 149 171
-0.409  0.019  0.032 93 160 184
-0.408  0.018  0.030 97 165 195
-0.408  0.017  0.029 97 171 203
-0.405  0.018  0.027 100 177 212
-0.402  0.019  0.026 100 181 215
-0.399  0.020  0.023 107 181 216
-0.396  0.022  0.021 113 169 198
-0.392  0.025  0.019 123 137 159
-0.390  0.025  0.017 139 155 170
-0.381  0.033  0.012 159 158 160
-0.402  0.070  0.051 162 142 117
-0.403  0.067  0.050 145 136 106
-0.403  0.064  0.050 124 115 106
-0.405  0.060  0.049 112 105 98
-0.406  0.057  0.048 105 96 91
-0.407  0.053  0.048 100 90 81
-0.408  0.049  0.047 102 84 74
-0.409  0.046  0.046 115 83 74
-0.410  0.042  0.046 141 82 68
-0.411  0.039  0.045 175 88 65
-0.412  0.035  0.045 190 94 66
-0.413  0.032  0.044 193 94 64
-0.413  0.030  0.043 197 92 63
-0.413  0.028  0.042 190 90 65
-0.412  0.027  0.041 175 85 63
-0.411  0.026  0.040 147 86 68
-0.411  0.025  0.039 117 87 74
-0.410  0.024  0.037 104 91 91
-0.409  0.023  0.036 106 110 117
-0.409  0.021  0.035 99 130 143
-0.408  0.020  0.034 95 142 163
-0.407  0.019  0.033 95 152 177
-0.405  0.019  0.031 96 160 188
-0.405  0.018  0.030 95 167 196
-0.402  0.019  0.028 96 170 202
-0.400  0.020  0.026 100 176 205
-0.396  0.022  0.024 114 178 199
-0.393  0.024  0.021 115 146 170
-0.389  0.027  0.019 123 129 147
-0.385  0.029  0.017 138 144 155
-0.378  0.036  0.012 166 162 158
-0.399  0.072  0.052 157 144 119
-0.400  0.069  0.051 141 139 116
-0.401  0.066  0.050 125 124 114
-0.402  0.062  0.050 113 112 102
-0.403  0.058  0.049 104 102 93
-0.404  0.055  0.048 104 92 86
-0.405  0.051  0.048 105 87 77
-0.406  0.047  0.047 115 81 73
-0.407  0.044  0.046 145 77 67
-0.408  0.041  0.046 184 99 70
-0.409  0.038  0.045 197 99 68
-0.409  0.035  0.044 205 93 65
-0.410  0.032  0.044 217 100 70
-0.410  0.030  0.043 210 104 77
-0.410  0.028  0.042 196 90 70
-0.409  0.027  0.040 179 86 66
-0.408  0.026  0.039 123 81 69
-0.408  0.024  0.038 114 77 77
-0.408  0.023  0.037 123 83 84
-0.407  0.022  0.036 128 99 108
-0.405  0.021  0.035 114 124 136
-0.404  0.021  0.033 108 140 157
-0.403  0.020  0.032 109 156 173
-0.402  0.020  0.030 106 161 180
-0.399  0.021  0.028 108 164 185
-0.397  0.022  0.027 111 167 187
-0.393  0.024  0.024 114 143 172
-0.390  0.026  0.022 116 129 153
-0.383  0.032  0.018 127 136 152
-0.380  0.033  0.016 142 146 156
-0.373  0.039  0.012 176 170 158
-0.396  0.074  0.053 151 144 121
-0.397  0.071  0.052 138 139 116
-0.398  0.067  0.051 121 130 120
-0.399  0.063  0.051 110 116 108
-0.400  0.060  0.050 107 105 94
-0.401  0.056  0.049 111 92 80
-0.402  0.052  0.049 128 88 72
-0.403  0.049  0.048 140 84 66
-0.404  0.045  0.047 164 88 65
-0.405  0.043  0.046 188 92 66
-0.406  0.039  0.046 198 91 64
-0.407  0.036  0.045 206 91 62
-0.407  0.033  0.044 216 96 66
-0.408  0.031  0.044 216 98 77
-0.408  0.029  0.043 226 102 81
-0.407  0.028  0.041 209 99 75
-0.406  0.026  0.040 132 85 74
-0.405  0.025  0.039 125 72 73
-0.405  0.024  0.038 143 76 73
-0.404  0.023  0.037 166 86 86
-0.402  0.023  0.035 166 96 100
-0.401  0.023  0.034 156 99 108
-0.400  0.022  0.032 135 112 125
-0.399  0.022  0.031 126 119 136
-0.396  0.023  0.029 147 119 139
-0.393  0.024  0.027 126 125 144
-0.387  0.029  0.023 120 132 150
-0.383  0.032  0.021 120 125 145
-0.379  0.035  0.018 128 135 155
-0.374  0.038  0.015 150 150 157
-0.394  0.075  0.054 153 145 120
-0.394  0.072  0.053 136 133 108
-0.395  0.068  0.052 123 126 115
-0.397  0.064  0.052 112 120 107
-0.398  0.060  0.051 106 102 92
-0.399  0.057  0.050 134 92 75
-0.400  0.054  0.049 151 90 70
-0.401  0.050  0.049 156 88 67
-0.402  0.047  0.048 174 91 65
-0.402  0.044  0.047 186 92 68
-0.404  0.040  0.047 196 92 62
-0.405  0.037  0.046 205 93 61
-0.405  0.034  0.045 213 94 63
-0.405  0.032  0.044 223 99 76
-0.405  0.030  0.043 231 128 99
-0.405  0.028  0.042 218 107 84
-0.404  0.027  0.041 149 84 76
-0.403  0.026  0.040 146 75 73
-0.402  0.026  0.038 146 75 70
-0.401  0.025  0.037 156 83 77
-0.399  0.025  0.036 173 85 82
-0.398  0.024  0.034 173 89 87
-0.396  0.025  0.032 155 93 93
-0.390  0.030  0.029 144 93 96
-0.387  0.032  0.027 175 101 106
-0.383  0.033  0.025 139 115 128
-0.380  0.035  0.023 141 125 143
-0.376  0.038  0.020 135 126 138
-0.372  0.040  0.018 136 136 147
-0.369  0.042  0.015 162 156 152
-0.391  0.076  0.055 157 148 117
-0.392  0.073  0.054 139 132 101
-0.393  0.068  0.053 126 121 100
-0.394  0.065  0.053 114 108 96
-0.395  0.061  0.052 106 97 88
-0.396  0.058  0.051 149 96 79
-0.397  0.055  0.050 162 93 71
-0.398  0.052  0.049 168 90 70
-0.399  0.048  0.049 185 98 72
-0.400  0.045  0.048 185 95 73
-0.401  0.041  0.047 193 94 67
-0.402  0.037  0.047 202 89 64
-0.402  0.035  0.046 210 93 66
-0.403  0.033  0.045 223 95 69
-0.402  0.031  0.044 231 106 80
-0.402  0.030  0.043 216 95 77
-0.401  0.029  0.042 188 89 72
-0.400  0.028  0.040 179 83 74
-0.399  0.027  0.039 156 77 72
-0.398  0.027  0.038 147 79 73
-0.396  0.026  0.036 157 83 79
-0.395  0.027  0.035 161 86 85
-0.390  0.029  0.032 158 89 86
-0.387  0.032  0.030 156 88 88
-0.383  0.033  0.028 183 102 103
-0.380  0.035  0.025 148 119 126
-0.376  0.038  0.023 176 131 128
-0.372  0.041  0.020 186 137 127
-0.368  0.043  0.018 171 141 141
-0.365  0.044  0.016 184 159 149
-0.389  0.077  0.056 157 151 116
-0.390  0.073  0.055 144 136 99
-0.392  0.069  0.054 129 126 96
-0.393  0.065  0.054 113 105 96
-0.393  0.062  0.053 106 97 92
-0.394  0.059  0.052 148 93 83
-0.395  0.056  0.051 167 95 73
-0.395  0.053  0.050 174 90 69
-0.397  0.049  0.050 185 103 74
-0.397  0.046  0.049 186 98 76
-0.399  0.042  0.048 191 95 72
-0.400  0.039  0.048 195 90 65
-0.400  0.036  0.047 192 90 64
-0.400  0.034  0.046 204 92 66
-0.399  0.033  0.045 217 88 69
-0.399  0.031  0.044 221 90 69
-0.398  0.030  0.042 223 95 73
-0.397  0.030  0.041 212 93 77
-0.396  0.029  0.040 179 81 76
-0.395  0.029  0.038 155 83 78
-0.393  0.029  0.037 151 85 81
-0.391  0.028  0.035 154 87 84
-0.389  0.029  0.033 160 90 86
-0.383  0.033  0.030 177 90 92
-0.381  0.035  0.028 165 108 115
-0.377  0.037  0.026 149 125 137
-0.372  0.040  0.023 204 150 131
-0.368  0.043  0.021 218 142 119
-0.364  0.045  0.018 196 141 131
-0.386  0.078  0.057 158 153 117
-0.388  0.074  0.056 147 141 99
-0.389  0.070  0.055 132 130 97
-0.390  0.066  0.055 115 105 100
-0.390  0.064  0.054 103 97 97
-0.391  0.061  0.053 128 91 87
-0.392  0.057  0.052 164 94 74
-0.392  0.054  0.051 177 92 68
-0.393  0.051  0.050 182 94 69
-0.394  0.048  0.050 187 95 72
-0.396  0.044  0.049 193 100 73
-0.397  0.040  0.048 184 96 73
-0.397  0.038  0.047 172 77 64
-0.397  0.036  0.046 189 84 63
-0.396  0.035  0.045 209 85 67
-0.396  0.033  0.044 223 93 76
-0.394  0.033  0.043 243 105 84
-0.394  0.032  0.041 230 107 92
-0.392  0.031  0.040 169 86 86
-0.391  0.031  0.039 151 88 85
-0.389  0.031  0.037 162 91 86
-0.387  0.031  0.035 169 91 87
-0.385  0.032  0.034 177 92 88
-0.380  0.036  0.031 168 100 101
-0.377  0.037  0.029 141 112 127
-0.373  0.040  0.026 171 127 142
-0.367  0.044  0.023 218 154 140
-0.364  0.045  0.021 225 144 119
-0.360  0.048  0.018 206 143 128
-0.384  0.078  0.058 157 149 114
-0.386  0.074  0.057 149 145 99
-0.387  0.070  0.056 133 133 98
-0.387  0.067  0.056 116 113 100
-0.388  0.064  0.055 101 98 100
-0.388  0.061  0.054 105 93 95
-0.388  0.059  0.053 130 94 87
-0.389  0.056  0.052 168 96 74
-0.390  0.053  0.051 181 93 69
-0.391  0.050  0.050 187 96 70
-0.392  0.046  0.050 190 97 73
-0.393  0.042  0.049 148 94 85
-0.393  0.040  0.048 139 77 77
-0.394  0.038  0.047 176 80 69
-0.393  0.037  0.046 208 87 65
-0.393  0.034  0.045 225 95 69
-0.392  0.034  0.043 241 107 82
-0.390  0.034  0.042 211 117 97
-0.389  0.033  0.041 138 104 113
-0.388  0.033  0.039 128 96 94
-0.385  0.033  0.037 154 101 91
-0.384  0.034  0.036 171 97 89
-0.381  0.035  0.034 185 98 88
-0.376  0.038  0.031 150 110 105
-0.373  0.039  0.029 131 121 130
-0.369  0.042  0.027 192 133 124
-0.363  0.047  0.023 226 142 119
-0.359  0.049  0.021 222 140 117
-0.356  0.050  0.019 208 148 129
-0.382  0.079  0.059 156 148 113
-0.384  0.074  0.058 150 145 100
-0.385  0.071  0.058 137 136 97
-0.385  0.068  0.057 125 124 98
-0.385  0.066  0.055 111 105 96
-0.386  0.063  0.055 103 95 94
-0.386  0.060  0.054 106 93 94
-0.386  0.058  0.053 137 89 82
-0.387  0.054  0.052 166 90 70
-0.388  0.051  0.051 180 96 72
-0.389  0.048  0.050 167 101 79
-0.390  0.044  0.050 117 94 102
-0.390  0.042  0.049 111 91 105
-0.390  0.040  0.048 132 87 91
-0.390  0.038  0.047 172 90 78
-0.390  0.036  0.045 203 99 74
-0.389  0.036  0.044 217 104 80
-0.387  0.035  0.043 187 120 108
-0.385  0.036  0.041 127 122 144
-0.383  0.036  0.039 115 104 112
-0.382  0.036  0.038 131 106 97
-0.380  0.036  0.036 162 102 91
-0.377  0.037  0.034 187 104 89
-0.374  0.039  0.032 175 111 102
-0.371  0.040  0.030 173 119 120
-0.366  0.043  0.027 211 130 108
-0.360  0.048  0.024 223 138 113
-0.356  0.050  0.022 216 138 120
-0.353  0.052  0.019 208 157 136
-0.380  0.080  0.060 152 146 117
-0.382  0.074  0.060 149 142 102
-0.383  0.071  0.059 141 141 99
-0.382  0.069  0.058 137 130 93
-0.383  0.067  0.056 134 103 83
-0.383  0.064  0.056 127 96 81
-0.383  0.062  0.054 122 93 81
-0.383  0.060  0.053 130 89 77
-0.384  0.056  0.053 151 85 72
-0.385  0.053  0.052 167 87 72
-0.386  0.049  0.051 161 88 79
-0.387  0.046  0.050 136 87 96
-0.387  0.044  0.049 113 93 112
-0.388  0.041  0.048 101 94 111
-0.387  0.040  0.047 118 90 102
-0.387  0.038  0.046 144 94 91
-0.385  0.038  0.045 181 96 81
-0.384  0.037  0.043 191 110 92
-0.383  0.037  0.042 174 119 115
-0.381  0.037  0.040 137 113 122
-0.379  0.037  0.038 119 115 114
-0.377  0.037  0.037 143 118 99
-0.374  0.038  0.035 172 120 96
-0.372  0.039  0.033 192 115 98
-0.368  0.041  0.031 207 118 104
-0.364  0.044  0.028 220 128 105
-0.357  0.049  0.025 218 138 123
-0.353  0.052  0.022 212 137 126
-0.350  0.053  0.020 209 162 141
-0.377  0.081  0.061 152 144 118
-0.380  0.074  0.061 146 138 104
-0.380  0.072  0.060 144 140 101
-0.381  0.069  0.059 146 118 87
-0.381  0.067  0.058 149 101 76
-0.381  0.065  0.057 144 95 73
-0.381  0.062  0.055 137 92 73
-0.380  0.061  0.054 133 90 73
-0.381  0.057  0.054 149 85 76
-0.383  0.054  0.053 165 86 75
-0.384  0.050  0.052 171 85 81
-0.385  0.047  0.051 175 98 95
-0.385  0.045  0.050 132 87 94
-0.385  0.043  0.049 94 89 102
-0.384  0.041  0.048 90 89 104
-0.384  0.039  0.047 97 91 105
-0.383  0.039  0.045 125 90 99
-0.381  0.039  0.044 152 101 96
-0.379  0.039  0.042 188 112 105
-0.377  0.039  0.041 147 123 131
-0.376  0.038  0.039 114 123 129
-0.374  0.039  0.038 125 133 103
-0.372  0.039  0.036 146 141 104
-0.369  0.041  0.034 177 153 113
-0.366  0.042  0.032 192 143 117
-0.361  0.045  0.029 203 122 108
-0.354  0.051  0.025 208 127 121
-0.349  0.054  0.023 209 138 128
-0.346  0.055  0.021 208 166 142
-0.375  0.082  0.062 157 143 115
-0.377  0.076  0.062 143 135 103
-0.378  0.073  0.061 135 137 105
-0.378  0.070  0.060 136 115 88
-0.378  0.068  0.059 150 103 77
-0.378  0.066  0.058 151 96 72
-0.378  0.064  0.056 144 94 72
-0.377  0.062  0.055 132 94 75
-0.379  0.059  0.054 142 101 81
-0.380  0.055  0.054 163 86 78
-0.382  0.050  0.053 178 84 80
-0.382  0.048  0.052 179 95 92
-0.382  0.045  0.051 128 99 87
-0.382  0.044  0.050 90 89 97
-0.382  0.042  0.049 85 88 95
-0.381  0.041  0.048 86 91 99
-0.379  0.041  0.046 93 91 104
-0.378  0.040  0.045 110 98 118
-0.376  0.040  0.043 144 117 135
-0.374  0.040  0.041 126 126 146
-0.373  0.040  0.040 110 129 135
-0.371  0.040  0.038 121 143 107
-0.368  0.041  0.036 132 164 118
-0.365  0.043  0.034 161 192 144
-0.362  0.043  0.032 172 178 136
-0.357  0.047  0.030 186 122 112
-0.350  0.053  0.026 198 124 117
-0.345  0.056  0.023 206 141 129
-0.341  0.058  0.021 210 173 144
-0.366  0.093  0.063 172 151 115
-0.371  0.084  0.063 160 141 112
-0.374  0.077  0.063 144 141 101
-0.374  0.075  0.062 133 138 103
-0.375  0.072  0.061 129 121 91
-0.375  0.069  0.060 151 104 79
-0.375  0.067  0.058 147 98 76
-0.375  0.065  0.057 135 92 73
-0.374  0.064  0.056 126 97 79
-0.376  0.060  0.055 131 129 90
-0.377  0.057  0.054 142 116 87
-0.378  0.052  0.054 154 114 88
-0.379  0.050  0.053 149 124 94
-0.379  0.047  0.052 120 130 98
-0.379  0.046  0.051 96 117 111
-0.379  0.044  0.050 87 91 103
-0.378  0.043  0.048 86 93 102
-0.376  0.043  0.047 86 96 113
-0.375  0.042  0.045 94 108 138
-0.373  0.042  0.044 105 120 151
-0.371  0.042  0.042 108 126 151
-0.370  0.042  0.041 108 133 135
-0.368  0.042  0.039 124 151 113
-0.365  0.043  0.037 134 176 125
-0.362  0.044  0.035 151 199 149
-0.359  0.045  0.033 166 192 143
-0.352  0.050  0.030 181 125 116
-0.345  0.056  0.026 193 129 119
-0.341  0.059  0.024 201 152 134
-0.360  0.100  0.065 176 149 111
-0.362  0.095  0.064 170 145 109
-0.367  0.087  0.064 160 140 110
-0.371  0.079  0.064 146 146 99
-0.371  0.077  0.063 136 141 97
-0.372  0.073  0.062 132 125 89
-0.372  0.071  0.060 154 103 78
-0.372  0.069  0.059 136 103 78
-0.372  0.067  0.058 116 94 76
-0.371  0.065  0.057 113 100 82
-0.372  0.062  0.056 123 142 92
-0.373  0.059  0.055 125 139 93
-0.375  0.055  0.055 128 145 96
-0.375  0.052  0.054 127 153 102
-0.376  0.049  0.053 127 163 119
-0.375  0.048  0.051 117 163 142
-0.375  0.046  0.050 105 127 120
-0.374  0.045  0.049 94 105 114
-0.373  0.044  0.048 88 105 129
-0.371  0.044  0.046 91 117 144
-0.370  0.043  0.045 96 127 156
-0.368  0.043  0.043 104 141 160
-0.367  0.043  0.041 117 142 142
-0.365  0.043  0.040 130 153 118
-0.362  0.045  0.038 137 176 124
-0.358  0.046  0.036 148 193 138
-0.355  0.047  0.034 163 177 139
-0.347  0.055  0.030 182 131 119
-0.340  0.059  0.026 191 145 128
-0.354  0.108  0.066 177 148 112
-0.357  0.102  0.066 169 140 107
-0.359  0.097  0.065 167 141 106
-0.364  0.088  0.065 155 142 108
-0.368  0.081  0.065 144 145 96
-0.369  0.077  0.064 137 142 95
-0.370  0.074  0.063 145 122 86
-0.370  0.072  0.062 158 104 76
-0.370  0.070  0.060 124 105 81
-0.369  0.068  0.059 102 101 85
-0.369  0.066  0.058 103 108 90
-0.370  0.063  0.057 119 141 94
-0.370  0.060  0.056 118 143 95
-0.372  0.056  0.055 118 155 98
-0.372  0.054  0.054 121 163 106
-0.372  0.051  0.053 131 178 123
-0.372  0.049  0.052 133 186 142
-0.372  0.048  0.051 123 167 130
-0.371  0.047  0.050 104 126 116
-0.370  0.046  0.048 95 122 132
-0.369  0.045  0.047 100 129 147
-0.367  0.045  0.045 101 146 170
-0.365  0.045  0.044 105 165 186
-0.364  0.044  0.042 137 151 167
-0.362  0.045  0.040 146 144 117
-0.358  0.047  0.038 137 165 126
-0.355  0.048  0.036 142 186 144
-0.352  0.049  0.034 161 155 140
-0.343  0.057  0.030 183 137 126
-0.349  0.114  0.068 178 149 111
-0.351  0.110  0.067 170 141 107
-0.353  0.104  0.067 164 135 102
-0.356  0.098  0.066 162 139 103
-0.361  0.089  0.066 150 144 105
-0.366  0.082  0.066 140 140 93
-0.366  0.078  0.065 136 136 93
-0.367  0.075  0.064 156 115 86
-0.367  0.073  0.063 153 105 79
-0.367  0.070  0.061 114 106 88
-0.366  0.069  0.060 98 110 101
-0.366  0.067  0.059 99 116 104
-0.367  0.065  0.058 112 138 104
-0.367  0.062  0.057 116 146 99
-0.369  0.057  0.056 118 154 98
-0.370  0.055  0.055 122 165 106
-0.369  0.053  0.054 130 179 118
-0.369  0.051  0.053 138 185 128
-0.369  0.049  0.052 128 172 127
-0.368  0.048  0.050 114 144 117
-0.366  0.048  0.049 102 132 128
-0.366  0.047  0.048 104 137 147
-0.364  0.046  0.046 102 159 182
-0.363  0.046  0.045 112 185 209
-0.361  0.045  0.043 163 153 179
-0.358  0.047  0.041 176 134 121
-0.354  0.049  0.039 141 151 143
-0.351  0.050  0.037 130 175 170
-0.348  0.052  0.035 142 154 165
-0.339  0.059  0.031 169 146 146
-0.346  0.116  0.069 172 145 109
-0.348  0.111  0.069 164 137 101
-0.351  0.105  0.068 161 133 97
-0.353  0.099  0.067 159 135 99
-0.359  0.090  0.067 147 142 103
-0.362  0.083  0.067 137 137 92
-0.363  0.080  0.066 135 133 91
-0.364  0.077  0.065 151 116 86
-0.365  0.074  0.064 135 106 84
-0.365  0.071  0.063 107 113 100
-0.364  0.070  0.061 96 119 118
-0.364  0.068  0.060 102 125 120
-0.364  0.066  0.059 111 141 124
-0.365  0.063  0.058 110 147 114
-0.366  0.058  0.057 115 151 106
-0.367  0.056  0.056 122 159 107
-0.366  0.054  0.055 135 179 115
-0.366  0.053  0.054 127 159 118
-0.366  0.050  0.053 116 146 117
-0.365  0.049  0.051 109 132 115
-0.363  0.049  0.050 103 120 121
-0.362  0.049  0.048 107 131 141
-0.361  0.048  0.047 111 156 178
-0.358  0.048  0.045 138 174 196
-0.357  0.048  0.044 201 148 153
-0.354  0.049  0.042 205 138 131
-0.350  0.051  0.039 145 146 161
-0.347  0.053  0.037 120 163 182
-0.343  0.054  0.035 122 164 188
-0.334  0.062  0.031 145 156 165
-0.328  0.067  0.028 163 171 168
-0.343  0.118  0.071 168 142 107
-0.345  0.112  0.070 161 135 98
-0.347  0.107  0.069 159 131 96
-0.350  0.101  0.068 157 131 98
-0.356  0.092  0.068 146 133 102
-0.359  0.085  0.068 136 131 93
-0.360  0.082  0.067 134 136 93
-0.361  0.079  0.066 133 124 91
-0.361  0.075  0.065 113 105 90
-0.362  0.073  0.063 104 119 110
-0.361  0.071  0.062 96 127 128
-0.361  0.069  0.061 103 133 134
-0.361  0.066  0.060 106 144 144
-0.362  0.063  0.059 100 144 138
-0.363  0.060  0.058 102 141 122
-0.364  0.057  0.057 114 146 110
-0.363  0.056  0.056 139 180 115
-0.363  0.054  0.055 111 129 112
-0.362  0.052  0.053 98 115 108
-0.361  0.051  0.052 95 108 112
-0.360  0.051  0.051 98 104 115
-0.358  0.051  0.049 120 115 122
-0.357  0.050  0.047 146 133 137
-0.354  0.051  0.046 179 139 142
-0.353  0.051  0.044 231 139 118
-0.350  0.051  0.042 214 144 131
-0.346  0.053  0.040 143 140 159
-0.343  0.055  0.038 116 150 168
-0.339  0.056  0.036 116 163 185
-0.330  0.064  0.032 136 161 171
-0.324  0.068  0.029 158 175 173
-0.339  0.120  0.072 166 140 106
-0.342  0.113  0.071 160 135 99
-0.344  0.109  0.070 157 130 96
-0.347  0.102  0.069 155 129 98
-0.353  0.093  0.069 145 124 102
-0.356  0.087  0.069 135 122 93
-0.357  0.083  0.068 131 137 96
-0.357  0.080  0.067 117 127 94
-0.358  0.077  0.066 103 101 92
-0.358  0.075  0.064 102 116 111
-0.358  0.073  0.063 97 133 131
-0.358  0.070  0.062 96 138 143
-0.358  0.068  0.061 95 144 156
-0.359  0.065  0.060 94 146 156
-0.360  0.062  0.059 94 138 139
-0.360  0.060  0.058 104 137 117
-0.359  0.058  0.057 136 179 117
-0.359  0.056  0.055 107 133 121
-0.359  0.055  0.054 93 102 110
-0.358  0.053  0.053 91 107 120
-0.356  0.053  0.051 98 107 127
-0.355  0.053  0.050 121 114 122
-0.353  0.052  0.048 160 114 109
-0.351  0.053  0.046 200 120 101
-0.349  0.053  0.045 223 131 108
-0.346  0.054  0.043 186 137 128
-0.342  0.056  0.040 131 131 146
-0.338  0.058  0.038 114 143 160
-0.334  0.060  0.036 115 158 178
-0.326  0.067  0.032 138 169 178
-0.320  0.071  0.029 161 176 173
-0.338  0.118  0.073 168 142 107
-0.340  0.114  0.072 163 137 103
-0.342  0.109  0.071 155 131 99
-0.345  0.103  0.071 152 130 99
-0.349  0.095  0.070 144 124 101
-0.353  0.088  0.070 134 118 93
-0.354  0.084  0.069 128 135 98
-0.355  0.081  0.068 112 123 96
-0.356  0.078  0.067 101 101 92
-0.356  0.076  0.065 101 110 105
-0.355  0.074  0.064 100 135 125
-0.356  0.071  0.063 97 140 141
-0.355  0.070  0.062 99 146 155
-0.356  0.066  0.061 99 149 159
-0.356  0.064  0.060 98 142 145
-0.356  0.062  0.059 100 131 119
-0.356  0.060  0.057 130 172 115
-0.355  0.058  0.056 113 153 133
-0.354  0.057  0.055 95 103 116
-0.354  0.056  0.053 89 110 130
-0.353  0.055  0.052 100 120 146
-0.351  0.055  0.050 110 131 155
-0.350  0.054  0.049 131 124 134
-0.347  0.055  0.047 168 129 121
-0.345  0.055  0.045 173 126 122
-0.342  0.056  0.043 137 125 136
-0.338  0.058  0.041 113 133 151
-0.334  0.061  0.039 117 155 168
-0.330  0.063  0.036 127 170 180
-0.322  0.069  0.033 147 177 182
-0.339  0.112  0.074 168 140 105
-0.341  0.108  0.073 158 134 100
-0.343  0.102  0.072 152 130 100
-0.347  0.096  0.071 143 125 101
-0.349  0.090  0.071 132 118 94
-0.350  0.087  0.070 124 121 99
-0.352  0.083  0.069 109 114 100
-0.352  0.080  0.068 103 102 95
-0.353  0.077  0.066 100 106 101
-0.352  0.075  0.065 107 137 109
-0.352  0.073  0.064 110 136 121
-0.353  0.070  0.063 124 129 129
-0.353  0.068  0.062 122 136 136
-0.353  0.066  0.061 114 128 130
-0.353  0.063  0.059 105 117 108
-0.352  0.062  0.058 126 157 110
-0.352  0.060  0.057 116 153 132
-0.351  0.059  0.055 98 101 120
-0.350  0.058  0.054 87 105 133
-0.349  0.057  0.053 98 121 152
-0.347  0.057  0.051 103 129 166
-0.346  0.056  0.050 108 130 152
-0.343  0.057  0.048 120 138 148
-0.341  0.057  0.046 120 134 154
-0.338  0.058  0.044 110 139 161
-0.333  0.062  0.041 112 154 175
-0.328  0.064  0.039 126 178 179
-0.325  0.066  0.037 143 180 172
-0.318  0.070  0.034 159 178 168
-0.339  0.108  0.074 165 139 103
-0.341  0.103  0.073 155 132 101
-0.344  0.097  0.073 144 127 101
-0.345  0.093  0.072 131 119 97
-0.347  0.089  0.071 117 109 100
-0.348  0.085  0.070 108 105 102
-0.348  0.082  0.068 105 104 103
-0.349  0.079  0.067 102 111 103
-0.349  0.077  0.066 114 140 99
-0.349  0.075  0.065 127 132 95
-0.349  0.073  0.064 154 107 96
-0.349  0.070  0.063 157 114 104
-0.349  0.068  0.061 145 103 103
-0.349  0.065  0.060 130 98 92
-0.348  0.064  0.059 131 124 101
-0.347  0.063  0.057 115 123 115
-0.347  0.062  0.056 107 95 110
-0.347  0.060  0.055 98 103 130
-0.346  0.059  0.054 98 114 142
-0.343  0.059  0.052 102 122 149
-0.342  0.059  0.050 100 126 151
-0.338  0.060  0.048 108 142 158
-0.336  0.061  0.046 113 159 174
-0.331  0.063  0.044 119 173 185
-0.327  0.066  0.042 129 186 188
-0.322  0.069  0.039 132 181 169
-0.319  0.070  0.037 155 184 149
-0.315  0.072  0.035 168 181 153
-0.338  0.104  0.075 160 137 104
-0.340  0.099  0.074 148 128 98
-0.342  0.094  0.073 138 123 97
-0.343  0.091  0.072 124 115 99
-0.344  0.088  0.070 117 109 103
-0.345  0.084  0.069 104 108 106
-0.345  0.081  0.068 101 108 105
-0.346  0.079  0.067 112 135 101
-0.345  0.077  0.066 127 144 97
-0.345  0.075  0.064 148 136 100
-0.345  0.073  0.063 164 128 107
-0.345  0.070  0.062 170 100 99
-0.345  0.068  0.061 174 99 90
-0.344  0.067  0.060 159 93 90
-0.344  0.065  0.058 138 87 91
-0.343  0.064  0.057 129 87 89
-0.343  0.062  0.056 120 94 108
-0.342  0.061  0.054 119 131 126
-0.339  0.062  0.052 112 134 140
-0.337  0.061  0.051 105 124 146
-0.334  0.063  0.049 112 135 153
-0.330  0.065  0.047 123 160 165
-0.327  0.066  0.045 130 172 171
-0.321  0.070  0.042 142 180 156
-0.317  0.072  0.040 144 172 139
-0.314  0.073  0.038 159 179 141
-0.311  0.074  0.035 176 181 150
-0.337  0.100  0.075 154 133 101
-0.339  0.096  0.074 140 123 97
-0.339  0.093  0.073 134 121 96
-0.340  0.090  0.071 126 115 100
-0.341  0.086  0.070 112 109 104
-0.342  0.083  0.069 104 111 106
-0.342  0.081  0.068 107 127 101
-0.341  0.079  0.067 124 149 98
-0.341  0.077  0.065 137 166 111
-0.341  0.075  0.064 148 160 115
-0.341  0.072  0.063 142 111 94
-0.341  0.071  0.062 165 93 85
-0.341  0.069  0.060 172 94 89
-0.340  0.068  0.059 164 87 87
-0.339  0.066  0.058 151 81 80
-0.339  0.064  0.056 147 90 88
-0.338  0.063  0.055 141 150 109
-0.335  0.064  0.053 134 160 136
-0.333  0.064  0.051 116 125 138
-0.329  0.066  0.049 114 130 145
-0.324  0.069  0.047 136 165 148
-0.321  0.071  0.045 132 154 145
-0.317  0.072  0.043 142 157 131
-0.314  0.073  0.040 155 169 135
-0.310  0.075  0.038 166 178 146
-0.336  0.097  0.075 147 130 99
-0.337  0.093  0.074 139 125 96
-0.338  0.090  0.073 134 122 99
-0.338  0.087  0.072 128 119 100
-0.339  0.085  0.070 119 127 99
-0.338  0.083  0.069 116 135 97
-0.338  0.081  0.068 124 139 92
-0.337  0.080  0.066 126 155 106
-0.337  0.077  0.065 129 142 103
-0.337  0.075  0.064 126 109 88
-0.337  0.073  0.063 160 94 76
-0.337  0.071  0.061 163 90 79
-0.336  0.070  0.060 159 81 77
-0.335  0.069  0.058 160 78 80
-0.335  0.067  0.057 174 92 90
-0.334  0.065  0.056 166 139 106
-0.332  0.066  0.054 160 156 128
-0.329  0.067  0.052 128 118 126
-0.326  0.067  0.050 111 124 139
-0.320  0.071  0.048 116 127 144
-0.316  0.073  0.045 124 134 151
-0.313  0.075  0.043 146 153 144
-0.310  0.075  0.041 162 166 146
-0.306  0.077  0.039 174 175 151
-0.334  0.094  0.075 145 130 98
-0.335  0.091  0.074 140 127 97
-0.336  0.088  0.073 136 125 98
-0.336  0.086  0.071 128 141 94
-0.335  0.084  0.070 122 146 96
-0.334  0.083  0.069 119 143 95
-0.334  0.081  0.067 121 149 97
-0.334  0.079  0.066 122 124 91
-0.333  0.077  0.065 129 106 84
-0.333  0.075  0.063 165 99 77
-0.332  0.074  0.062 172 93 78
-0.332  0.072  0.061 167 83 77
-0.331  0.071  0.059 180 82 80
-0.331  0.069  0.058 196 94 93
-0.330  0.068  0.057 199 108 102
-0.328  0.068  0.055 185 116 107
-0.325  0.068  0.053 138 112 119
-0.322  0.069  0.051 113 120 133
-0.315  0.075  0.048 116 129 148
-0.311  0.076  0.046 125 140 162
-0.309  0.077  0.044 148 153 153
-0.306  0.077  0.042 168 164 148
-0.303  0.078  0.040 187 173 149
-0.332  0.092  0.075 141 129 100
-0.333  0.089  0.074 134 130 99
-0.333  0.087  0.073 127 142 95
-0.333  0.085  0.071 127 153 95
-0.332  0.084  0.070 127 154 101
-0.331  0.082  0.068 121 147 99
-0.330  0.081  0.067 125 129 95
-0.330  0.079  0.066 135 105 87
-0.330  0.077  0.064 173 103 79
-0.328  0.076  0.063 188 97 78
-0.327  0.075  0.061 197 96 78
-0.326  0.074  0.060 210 97 81
-0.327  0.071  0.059 223 105 92
-0.326  0.070  0.057 227 128 109
-0.324  0.070  0.056 185 127 114
-0.322  0.070  0.054 140 119 125
-0.319  0.071  0.052 116 123 142
-0.314  0.074  0.050 114 131 155
-0.310  0.076  0.047 121 140 161
-0.307  0.077  0.045 149 155 154
-0.303  0.078  0.043 175 166 150
-0.331  0.089  0.075 144 132 100
-0.331  0.086  0.074 134 136 103
-0.330  0.085  0.073 135 154 101
-0.329  0.084  0.071 141 169 113
-0.328  0.083  0.070 141 173 121
-0.327  0.082  0.068 137 126 107
-0.327  0.080  0.067 139 113 94
-0.326  0.079  0.065 175 103 85
-0.325  0.078  0.064 195 101 78
-0.324  0.077  0.062 211 101 78
-0.323  0.075  0.061 224 108 82
-0.323  0.074  0.060 235 117 91
-0.322  0.072  0.058 225 130 104
-0.320  0.072  0.057 177 127 116
-0.318  0.072  0.055 149 128 129
-0.315  0.073  0.053 131 129 140
-0.310  0.076  0.050 125 131 150
-0.307  0.077  0.048 140 143 152
-0.304  0.078  0.046 168 162 150
-0.330  0.086  0.075 153 140 115
-0.329  0.085  0.074 145 143 113
-0.328  0.084  0.072 151 146 112
-0.327  0.082  0.071 154 148 115
-0.326  0.081  0.070 152 139 113
-0.325  0.080  0.068 149 134 109
-0.324  0.079  0.067 172 118 103
-0.322  0.079  0.065 195 105 89
-0.321  0.077  0.064 215 103 83
-0.319  0.077  0.062 229 109 85
-0.319  0.075  0.061 228 123 97
-0.318  0.074  0.059 199 133 111
-0.316  0.074  0.057 172 138 124
-0.314  0.074  0.056 161 143 135
-0.312  0.074  0.054 156 149 142
-0.306  0.078  0.051 162 151 146
-0.326  0.083  0.074 164 147 120
-0.325  0.082  0.072 153 147 116
-0.324  0.081  0.071 157 140 118
-0.323  0.080  0.069 157 141 117
-0.322  0.079  0.068 161 136 118
-0.320  0.079  0.066 177 134 114
-0.318  0.078  0.065 193 130 106
-0.317  0.078  0.063 199 129 107
-0.316  0.076  0.062 194 137 120
-0.314  0.076  0.060 183 144 128

