-0.451 -0.082 -0.031 144 164 123
-0.450 -0.083 -0.028 136 163 128
-0.450 -0.081 -0.034 151 167 120
-0.449 -0.082 -0.031 93 103 69
-0.448 -0.083 -0.028 84 93 61
-0.447 -0.085 -0.026 109 93 77
-0.445 -0.086 -0.021 118 139 113
-0.443 -0.087 -0.018 158 161 129
-0.448 -0.081 -0.033 106 109 80
-0.447 -0.082 -0.031 74 96 61
-0.446 -0.084 -0.028 78 97 59
-0.445 -0.085 -0.026 76 96 63
-0.443 -0.087 -0.022 77 96 63
-0.441 -0.088 -0.018 96 94 70
-0.440 -0.089 -0.015 112 122 93
-0.439 -0.090 -0.013 138 155 127
-0.445 -0.080 -0.034 117 97 101
-0.446 -0.081 -0.033 78 97 68
-0.445 -0.083 -0.031 114 103 59
-0.444 -0.085 -0.029 148 145 65
-0.444 -0.086 -0.027 183 131 67
-0.442 -0.087 -0.023 112 95 63
-0.440 -0.088 -0.019 76 102 68
-0.439 -0.089 -0.016 78 103 68
-0.437 -0.091 -0.013 92 101 69
-0.437 -0.092 -0.011 115 110 87
-0.437 -0.094 -0.011 131 153 125
-0.443 -0.078 -0.035 127 101 101
-0.443 -0.080 -0.034 80 90 57
-0.444 -0.082 -0.034 88 104 56
-0.443 -0.084 -0.032 159 155 70
-0.442 -0.085 -0.029 127 118 63
-0.442 -0.087 -0.027 163 142 68
-0.440 -0.088 -0.024 115 108 73
-0.439 -0.089 -0.021 91 114 73
-0.438 -0.090 -0.018 88 113 74
-0.436 -0.091 -0.013 89 113 74
-0.435 -0.093 -0.011 87 114 76
-0.435 -0.094 -0.011 93 112 77
-0.436 -0.096 -0.010 119 115 93
-0.436 -0.098 -0.010 137 161 129
-0.440 -0.077 -0.035 132 114 110
-0.440 -0.079 -0.034 83 90 56
-0.441 -0.081 -0.034 74 100 56
-0.441 -0.082 -0.032 148 114 57
-0.441 -0.084 -0.031 132 129 71
-0.440 -0.085 -0.029 111 137 81
-0.440 -0.087 -0.028 134 121 72
-0.439 -0.088 -0.025 172 132 80
-0.437 -0.090 -0.021 131 126 77
-0.436 -0.091 -0.018 108 132 81
-0.435 -0.092 -0.015 105 132 82
-0.434 -0.093 -0.013 100 127 81
-0.434 -0.095 -0.011 96 123 83
-0.434 -0.096 -0.010 99 121 85
-0.434 -0.098 -0.009 115 128 94
-0.436 -0.101 -0.012 143 145 109
-0.438 -0.103 -0.013 168 178 141
-0.438 -0.076 -0.036 138 129 117
-0.437 -0.077 -0.034 84 92 55
-0.438 -0.079 -0.033 72 97 57
-0.438 -0.081 -0.033 139 102 54
-0.438 -0.083 -0.032 185 159 70
-0.438 -0.084 -0.031 167 142 80
-0.438 -0.086 -0.029 124 122 76
-0.438 -0.088 -0.028 165 135 75
-0.437 -0.089 -0.025 150 145 77
-0.436 -0.090 -0.022 170 131 78
-0.435 -0.092 -0.020 146 153 88
-0.433 -0.093 -0.016 125 153 88
-0.432 -0.094 -0.013 119 144 91
-0.432 -0.095 -0.012 115 141 93
-0.432 -0.097 -0.011 110 138 96
-0.432 -0.099 -0.009 130 149 105
-0.433 -0.100 -0.010 144 158 121
-0.434 -0.102 -0.010 158 170 133
-0.436 -0.105 -0.012 181 178 142
-0.438 -0.107 -0.015 193 184 146
-0.435 -0.074 -0.036 145 147 118
-0.435 -0.076 -0.035 89 97 59
-0.435 -0.078 -0.033 74 94 57
-0.435 -0.079 -0.033 113 104 56
-0.436 -0.081 -0.032 194 127 67
-0.436 -0.083 -0.031 206 146 74
-0.436 -0.085 -0.030 147 124 74
-0.436 -0.086 -0.029 165 124 74
-0.436 -0.088 -0.028 169 169 77
-0.435 -0.089 -0.025 142 170 83
-0.435 -0.091 -0.024 150 142 80
-0.433 -0.092 -0.021 177 137 73
-0.432 -0.093 -0.018 164 147 77
-0.432 -0.095 -0.015 139 156 99
-0.431 -0.096 -0.014 131 155 103
-0.431 -0.098 -0.013 136 156 109
-0.431 -0.099 -0.011 155 164 123
-0.431 -0.101 -0.010 173 179 137
-0.432 -0.103 -0.010 184 188 143
-0.433 -0.105 -0.010 180 184 149
-0.433 -0.106 -0.010 175 178 140
-0.436 -0.109 -0.013 169 180 139
-0.432 -0.073 -0.036 158 169 128
-0.432 -0.075 -0.035 93 90 70
-0.432 -0.076 -0.034 70 93 58
-0.432 -0.078 -0.033 95 112 56
-0.433 -0.080 -0.032 173 147 65
-0.433 -0.082 -0.031 211 146 67
-0.433 -0.083 -0.031 160 130 66
-0.433 -0.085 -0.030 131 143 75
-0.433 -0.087 -0.028 190 149 68
-0.433 -0.088 -0.027 181 143 63
-0.433 -0.090 -0.026 156 170 74
-0.433 -0.091 -0.024 183 165 84
-0.432 -0.093 -0.022 194 153 86
-0.431 -0.094 -0.019 162 160 83
-0.430 -0.095 -0.017 156 161 103
-0.430 -0.097 -0.016 146 177 118
-0.430 -0.099 -0.014 174 179 132
-0.430 -0.100 -0.012 201 198 141
-0.429 -0.101 -0.011 196 193 145
-0.430 -0.103 -0.011 190 195 154
-0.431 -0.105 -0.010 181 190 157
-0.431 -0.107 -0.010 161 179 143
-0.433 -0.109 -0.012 145 162 133
-0.437 -0.112 -0.016 136 149 129
-0.429 -0.072 -0.036 171 181 135
-0.429 -0.073 -0.034 99 91 82
-0.429 -0.075 -0.034 70 93 62
-0.430 -0.077 -0.033 75 97 59
-0.430 -0.078 -0.032 133 134 60
-0.430 -0.080 -0.031 195 153 70
-0.430 -0.082 -0.030 156 137 64
-0.430 -0.084 -0.030 117 141 77
-0.430 -0.085 -0.028 158 158 70
-0.431 -0.087 -0.027 163 169 73
-0.431 -0.089 -0.026 163 148 70
-0.431 -0.090 -0.025 152 148 72
-0.431 -0.092 -0.024 161 150 71
-0.430 -0.093 -0.022 159 157 78
-0.430 -0.095 -0.020 136 161 99
-0.429 -0.096 -0.018 172 149 125
-0.429 -0.098 -0.017 208 208 136
-0.429 -0.099 -0.015 247 195 157
-0.428 -0.101 -0.014 225 231 163
-0.428 -0.102 -0.011 227 205 156
-0.429 -0.104 -0.011 204 201 159
-0.429 -0.106 -0.011 179 188 154
-0.429 -0.107 -0.011 151 172 136
-0.431 -0.110 -0.013 124 146 113
-0.434 -0.112 -0.015 102 121 105
-0.435 -0.115 -0.017 136 140 110
-0.427 -0.072 -0.035 120 91 93
-0.426 -0.073 -0.033 75 88 56
-0.427 -0.075 -0.033 70 95 57
-0.427 -0.077 -0.032 113 161 77
-0.427 -0.079 -0.031 134 148 77
-0.427 -0.080 -0.030 142 164 81
-0.427 -0.082 -0.029 117 127 74
-0.427 -0.084 -0.028 155 133 71
-0.427 -0.085 -0.027 194 150 71
-0.427 -0.087 -0.026 180 144 69
-0.428 -0.089 -0.025 151 151 72
-0.428 -0.090 -0.024 153 146 67
-0.428 -0.092 -0.023 149 146 71
-0.428 -0.094 -0.022 140 164 92
-0.428 -0.095 -0.021 167 148 129
-0.428 -0.097 -0.019 216 224 178
-0.428 -0.098 -0.018 216 188 177
-0.427 -0.100 -0.016 245 215 184
-0.427 -0.101 -0.014 242 232 202
-0.426 -0.102 -0.011 218 233 182
-0.427 -0.104 -0.012 200 206 156
-0.427 -0.106 -0.011 160 173 137
-0.427 -0.108 -0.011 128 153 113
-0.429 -0.110 -0.013 102 125 92
-0.432 -0.113 -0.015 93 122 90
-0.433 -0.115 -0.017 133 134 110
-0.425 -0.071 -0.036 126 101 108
-0.424 -0.072 -0.034 80 96 63
-0.423 -0.074 -0.032 69 92 56
-0.424 -0.076 -0.032 145 102 63
-0.424 -0.077 -0.030 190 125 65
-0.424 -0.079 -0.029 132 135 70
-0.424 -0.081 -0.028 96 119 71
-0.424 -0.082 -0.026 148 127 79
-0.424 -0.084 -0.026 178 139 72
-0.424 -0.085 -0.025 156 162 70
-0.425 -0.087 -0.024 180 156 71
-0.425 -0.089 -0.023 158 140 72
-0.425 -0.091 -0.023 149 152 70
-0.426 -0.093 -0.023 145 161 85
-0.426 -0.094 -0.022 138 152 114
-0.426 -0.096 -0.021 208 226 171
-0.426 -0.098 -0.020 218 173 182
-0.426 -0.099 -0.019 220 192 192
-0.426 -0.101 -0.017 254 239 171
-0.425 -0.102 -0.015 255 218 189
-0.425 -0.103 -0.013 199 223 208
-0.425 -0.105 -0.012 163 187 141
-0.425 -0.107 -0.012 133 155 118
-0.426 -0.108 -0.011 105 133 101
-0.428 -0.111 -0.013 95 119 90
-0.430 -0.113 -0.015 100 122 96
-0.421 -0.069 -0.036 138 124 112
-0.421 -0.071 -0.034 83 89 59
-0.421 -0.072 -0.032 64 91 56
-0.421 -0.074 -0.031 68 94 59
-0.421 -0.076 -0.030 187 111 70
-0.421 -0.077 -0.029 206 127 67
-0.421 -0.079 -0.028 119 113 73
-0.421 -0.081 -0.026 87 118 70
-0.421 -0.082 -0.025 112 131 75
-0.421 -0.084 -0.024 167 134 78
-0.421 -0.086 -0.024 143 158 79
-0.422 -0.087 -0.023 140 169 77
-0.422 -0.089 -0.022 162 168 83
-0.422 -0.091 -0.022 147 160 84
-0.423 -0.093 -0.022 118 158 99
-0.424 -0.095 -0.022 194 209 151
-0.425 -0.096 -0.022 223 207 171
-0.425 -0.098 -0.022 218 168 130
-0.425 -0.100 -0.021 233 188 181
-0.425 -0.101 -0.019 254 181 178
-0.425 -0.103 -0.018 242 242 207
-0.424 -0.104 -0.015 189 193 154
-0.424 -0.106 -0.014 140 159 118
-0.425 -0.108 -0.014 108 134 102
-0.425 -0.109 -0.013 92 119 91
-0.427 -0.112 -0.015 93 117 95
-0.429 -0.114 -0.017 114 124 103
-0.418 -0.068 -0.035 149 152 119
-0.418 -0.069 -0.034 90 92 63
-0.418 -0.071 -0.032 64 91 58
-0.418 -0.073 -0.031 64 91 59
-0.418 -0.074 -0.030 65 92 59
-0.418 -0.076 -0.029 106 90 55
-0.418 -0.078 -0.028 113 88 57
-0.419 -0.079 -0.027 86 100 62
-0.419 -0.081 -0.026 81 113 70
-0.419 -0.083 -0.025 92 122 71
-0.419 -0.084 -0.024 121 140 72
-0.419 -0.086 -0.023 122 145 81
-0.419 -0.088 -0.022 125 151 84
-0.420 -0.089 -0.022 139 154 77
-0.420 -0.091 -0.021 139 154 89
-0.421 -0.093 -0.021 171 157 122
-0.422 -0.095 -0.022 197 216 179
-0.422 -0.097 -0.022 235 126 117
-0.423 -0.099 -0.022 243 179 126
-0.423 -0.100 -0.021 239 194 171
-0.423 -0.102 -0.020 252 245 205
-0.423 -0.104 -0.019 200 204 187
-0.423 -0.105 -0.017 152 168 130
-0.424 -0.107 -0.018 118 140 112
-0.425 -0.109 -0.017 93 118 90
-0.425 -0.110 -0.017 88 121 91
-0.425 -0.112 -0.016 102 122 94
-0.429 -0.115 -0.020 126 135 109
-0.415 -0.066 -0.035 159 169 125
-0.415 -0.068 -0.034 95 91 69
-0.416 -0.070 -0.033 68 88 55
-0.416 -0.071 -0.031 64 90 57
-0.416 -0.073 -0.030 64 92 59
-0.416 -0.075 -0.029 66 94 74
-0.416 -0.076 -0.028 56 96 91
-0.416 -0.078 -0.028 63 95 67
-0.416 -0.080 -0.026 68 101 64
-0.416 -0.081 -0.025 74 107 69
-0.416 -0.083 -0.024 85 114 75
-0.416 -0.085 -0.023 95 125 79
-0.417 -0.086 -0.023 107 138 85
-0.417 -0.088 -0.022 117 144 91
-0.417 -0.090 -0.021 123 153 93
-0.418 -0.091 -0.021 139 152 95
-0.419 -0.093 -0.021 204 176 129
-0.419 -0.095 -0.021 202 169 169
-0.420 -0.097 -0.022 233 130 133
-0.421 -0.099 -0.021 228 208 175
-0.422 -0.101 -0.022 247 252 227
-0.422 -0.103 -0.020 202 231 198
-0.423 -0.104 -0.021 154 169 129
-0.423 -0.106 -0.020 131 146 113
-0.423 -0.108 -0.020 107 130 102
-0.424 -0.110 -0.020 106 121 91
-0.425 -0.112 -0.021 104 119 91
-0.426 -0.114 -0.020 125 124 98
-0.429 -0.117 -0.024 143 141 117
-0.412 -0.067 -0.033 102 91 83
-0.413 -0.068 -0.032 68 88 57
-0.413 -0.070 -0.032 66 91 57
-0.413 -0.072 -0.030 62 94 58
-0.413 -0.073 -0.030 63 94 67
-0.413 -0.075 -0.029 138 153 104
-0.413 -0.077 -0.028 156 164 140
-0.414 -0.079 -0.027 172 159 100
-0.414 -0.080 -0.026 93 94 84
-0.414 -0.082 -0.025 69 100 62
-0.414 -0.083 -0.023 77 106 69
-0.414 -0.085 -0.023 85 115 76
-0.415 -0.087 -0.022 94 123 83
-0.415 -0.088 -0.021 102 134 85
-0.415 -0.090 -0.021 110 142 90
-0.415 -0.092 -0.020 153 161 95
-0.416 -0.094 -0.020 156 194 127
-0.417 -0.096 -0.021 202 208 182
-0.418 -0.098 -0.021 253 212 163
-0.419 -0.099 -0.022 255 197 176
-0.419 -0.101 -0.021 214 244 200
-0.420 -0.103 -0.021 154 169 134
-0.421 -0.105 -0.021 126 152 120
-0.421 -0.107 -0.021 112 139 112
-0.422 -0.109 -0.021 106 115 102
-0.423 -0.111 -0.022 104 116 99
-0.425 -0.113 -0.023 172 114 94
-0.426 -0.115 -0.024 181 151 113
-0.429 -0.118 -0.028 172 148 122
-0.410 -0.065 -0.034 116 96 100
-0.410 -0.067 -0.032 71 88 57
-0.410 -0.069 -0.032 63 90 56
-0.411 -0.071 -0.031 63 89 58
-0.411 -0.072 -0.030 63 94 63
-0.411 -0.074 -0.029 96 97 80
-0.411 -0.076 -0.028 169 128 97
-0.411 -0.077 -0.027 165 155 125
-0.412 -0.079 -0.027 166 175 130
-0.412 -0.081 -0.025 88 107 118
-0.412 -0.082 -0.024 68 96 61
-0.411 -0.084 -0.023 71 100 63
-0.412 -0.085 -0.022 77 105 68
-0.412 -0.087 -0.021 82 112 73
-0.412 -0.089 -0.021 89 119 78
-0.413 -0.091 -0.021 96 126 86
-0.413 -0.092 -0.020 120 138 92
-0.414 -0.094 -0.020 132 180 104
-0.415 -0.096 -0.020 208 177 130
-0.416 -0.098 -0.021 187 209 172
-0.417 -0.100 -0.021 184 200 185
-0.417 -0.102 -0.021 172 169 130
-0.418 -0.104 -0.021 141 150 116
-0.419 -0.105 -0.022 121 141 103
-0.420 -0.108 -0.022 100 126 93
-0.421 -0.109 -0.022 103 121 94
-0.423 -0.112 -0.025 135 111 89
-0.425 -0.114 -0.027 192 169 108
-0.426 -0.116 -0.028 210 140 113
-0.430 -0.120 -0.032 201 159 123
-0.408 -0.064 -0.034 128 109 107
-0.408 -0.066 -0.033 77 90 54
-0.408 -0.068 -0.032 63 92 56
-0.408 -0.069 -0.031 63 91 56
-0.409 -0.071 -0.031 65 92 59
-0.408 -0.073 -0.029 97 92 80
-0.409 -0.074 -0.029 131 122 120
-0.409 -0.076 -0.028 165 188 147
-0.409 -0.078 -0.027 154 149 125
-0.409 -0.079 -0.026 115 131 123
-0.409 -0.081 -0.024 113 125 89
-0.409 -0.083 -0.024 76 92 60
-0.409 -0.084 -0.022 65 96 60
-0.410 -0.086 -0.022 70 100 62
-0.410 -0.087 -0.021 76 106 66
-0.410 -0.089 -0.020 83 110 73
-0.410 -0.091 -0.020 88 119 82
-0.411 -0.092 -0.019 106 129 89
-0.412 -0.094 -0.020 122 142 101
-0.413 -0.096 -0.020 152 163 116
-0.414 -0.098 -0.022 158 187 125
-0.415 -0.100 -0.022 144 175 130
-0.416 -0.102 -0.022 131 155 119
-0.417 -0.104 -0.022 122 137 105
-0.417 -0.106 -0.022 104 128 95
-0.419 -0.108 -0.024 101 132 86
-0.420 -0.110 -0.025 118 104 88
-0.422 -0.113 -0.027 198 126 93
-0.425 -0.116 -0.031 172 126 105
-0.427 -0.118 -0.032 204 154 116
-0.405 -0.063 -0.034 137 138 118
-0.405 -0.065 -0.033 82 89 57
-0.405 -0.066 -0.032 65 91 56
-0.405 -0.068 -0.031 65 92 55
-0.406 -0.070 -0.031 65 92 59
-0.406 -0.071 -0.030 81 95 69
-0.406 -0.073 -0.029 95 135 100
-0.406 -0.075 -0.028 135 165 134
-0.407 -0.076 -0.027 153 136 143
-0.407 -0.078 -0.026 112 136 121
-0.407 -0.080 -0.025 142 157 108
-0.407 -0.081 -0.024 92 124 122
-0.407 -0.083 -0.023 69 94 59
-0.407 -0.084 -0.022 64 96 60
-0.407 -0.086 -0.021 66 98 62
-0.407 -0.088 -0.020 71 101 66
-0.407 -0.089 -0.019 74 106 73
-0.408 -0.091 -0.019 82 112 79
-0.408 -0.093 -0.018 97 122 82
-0.409 -0.095 -0.018 109 137 96
-0.410 -0.096 -0.019 132 143 114
-0.411 -0.098 -0.020 129 142 112
-0.412 -0.100 -0.020 120 143 110
-0.414 -0.103 -0.021 107 129 97
-0.415 -0.105 -0.022 97 123 92
-0.416 -0.107 -0.024 102 113 87
-0.418 -0.109 -0.025 104 98 83
-0.419 -0.111 -0.027 124 116 92
-0.422 -0.114 -0.030 182 152 114
-0.426 -0.117 -0.036 187 163 129
-0.402 -0.061 -0.033 153 163 126
-0.402 -0.063 -0.032 96 89 67
-0.402 -0.065 -0.032 67 89 57
-0.403 -0.067 -0.031 63 91 58
-0.403 -0.068 -0.031 65 91 59
-0.403 -0.070 -0.030 68 97 63
-0.403 -0.072 -0.029 91 134 85
-0.404 -0.073 -0.028 138 183 119
-0.404 -0.075 -0.027 146 151 104
-0.404 -0.077 -0.026 119 162 114
-0.404 -0.078 -0.026 136 126 100
-0.404 -0.080 -0.024 110 155 125
-0.405 -0.081 -0.023 79 98 64
-0.405 -0.083 -0.022 66 94 65
-0.404 -0.085 -0.021 69 97 63
-0.405 -0.086 -0.020 67 101 66
-0.405 -0.088 -0.019 72 101 67
-0.405 -0.090 -0.019 85 106 71
-0.406 -0.091 -0.018 85 114 79
-0.406 -0.093 -0.017 98 120 87
-0.407 -0.095 -0.019 112 128 96
-0.408 -0.097 -0.018 114 136 101
-0.409 -0.099 -0.019 106 126 104
-0.410 -0.101 -0.021 96 122 94
-0.412 -0.103 -0.023 92 117 83
-0.413 -0.105 -0.024 103 106 84
-0.415 -0.108 -0.025 103 95 91
-0.417 -0.110 -0.027 119 107 86
-0.419 -0.112 -0.029 179 130 107
-0.423 -0.116 -0.035 221 194 155
-0.427 -0.119 -0.041 191 187 173
-0.399 -0.062 -0.031 95 114 104
-0.399 -0.063 -0.030 71 103 67
-0.400 -0.065 -0.030 63 92 58
-0.400 -0.067 -0.030 64 92 60
-0.400 -0.069 -0.029 65 97 63
-0.401 -0.070 -0.029 87 127 84
-0.401 -0.072 -0.028 162 137 116
-0.401 -0.074 -0.026 138 182 141
-0.401 -0.075 -0.026 124 152 96
-0.402 -0.077 -0.026 117 106 105
-0.402 -0.079 -0.025 111 141 126
-0.402 -0.080 -0.024 84 112 74
-0.402 -0.082 -0.023 107 104 81
-0.402 -0.083 -0.021 117 126 86
-0.402 -0.085 -0.020 79 100 84
-0.402 -0.087 -0.019 70 101 77
-0.403 -0.088 -0.019 78 105 71
-0.403 -0.090 -0.018 91 106 75
-0.403 -0.091 -0.017 95 117 82
-0.404 -0.093 -0.017 100 128 90
-0.404 -0.095 -0.017 103 132 100
-0.405 -0.097 -0.018 106 129 99
-0.407 -0.099 -0.019 95 120 88
-0.409 -0.102 -0.022 90 116 85
-0.411 -0.104 -0.024 85 117 84
-0.412 -0.106 -0.025 97 123 97
-0.414 -0.108 -0.027 104 99 85
-0.416 -0.111 -0.030 139 129 100
-0.418 -0.113 -0.032 208 180 134
-0.423 -0.117 -0.038 240 202 159
-0.396 -0.060 -0.031 115 111 101
-0.396 -0.062 -0.030 71 93 57
-0.397 -0.064 -0.030 62 95 60
-0.397 -0.065 -0.029 63 92 60
-0.397 -0.067 -0.028 61 94 62
-0.398 -0.069 -0.028 96 98 86
-0.398 -0.070 -0.027 149 124 122
-0.398 -0.072 -0.026 156 159 140
-0.399 -0.074 -0.026 141 151 124
-0.399 -0.076 -0.025 117 117 121
-0.400 -0.077 -0.025 163 159 116
-0.400 -0.079 -0.025 97 96 95
-0.400 -0.081 -0.023 109 117 90
-0.400 -0.082 -0.022 107 103 113
-0.400 -0.084 -0.021 111 136 105
-0.400 -0.085 -0.019 105 136 119
-0.400 -0.087 -0.019 120 106 102
-0.400 -0.088 -0.018 94 115 80
-0.401 -0.090 -0.017 92 117 89
-0.401 -0.092 -0.017 96 124 87
-0.401 -0.093 -0.016 105 124 92
-0.402 -0.095 -0.016 106 126 89
-0.403 -0.097 -0.018 99 121 85
-0.405 -0.100 -0.020 87 115 85
-0.408 -0.102 -0.024 80 114 83
-0.410 -0.105 -0.026 92 118 83
-0.411 -0.107 -0.027 102 109 90
-0.414 -0.110 -0.030 152 105 89
-0.416 -0.112 -0.032 215 157 117
-0.418 -0.115 -0.036 204 174 162
-0.423 -0.119 -0.043 225 200 167
-0.394 -0.059 -0.032 134 130 114
-0.394 -0.061 -0.030 82 90 64
-0.394 -0.063 -0.030 62 90 60
-0.395 -0.064 -0.029 64 93 60
-0.395 -0.066 -0.028 63 91 61
-0.396 -0.068 -0.029 90 94 78
-0.396 -0.069 -0.027 121 123 120
-0.396 -0.071 -0.026 165 181 142
-0.396 -0.073 -0.026 168 146 113
-0.397 -0.074 -0.025 120 148 116
-0.397 -0.076 -0.025 151 153 98
-0.397 -0.078 -0.024 110 107 109
-0.397 -0.079 -0.023 74 96 76
-0.397 -0.081 -0.021 95 138 111
-0.397 -0.082 -0.020 87 133 94
-0.397 -0.084 -0.019 92 130 93
-0.397 -0.085 -0.018 95 130 87
-0.397 -0.087 -0.017 108 124 101
-0.398 -0.089 -0.017 118 153 96
-0.398 -0.090 -0.016 102 141 116
-0.399 -0.092 -0.016 97 121 90
-0.399 -0.094 -0.016 97 122 89
-0.400 -0.096 -0.017 96 119 89
-0.402 -0.098 -0.018 89 117 87
-0.403 -0.100 -0.020 85 109 81
-0.407 -0.103 -0.025 91 109 87
-0.409 -0.106 -0.028 97 115 96
-0.411 -0.108 -0.030 135 115 99
-0.413 -0.111 -0.033 212 166 123
-0.415 -0.113 -0.036 241 200 167
-0.418 -0.116 -0.039 234 187 157
-0.422 -0.120 -0.046 202 181 161
-0.392 -0.060 -0.032 116 115 97
-0.392 -0.061 -0.031 81 95 71
-0.392 -0.063 -0.030 74 94 60
-0.393 -0.065 -0.030 64 91 60
-0.393 -0.066 -0.028 61 93 64
-0.393 -0.068 -0.028 109 109 89
-0.393 -0.070 -0.027 112 158 123
-0.394 -0.071 -0.026 120 124 125
-0.394 -0.073 -0.025 110 115 78
-0.394 -0.075 -0.025 143 137 72
-0.395 -0.076 -0.025 133 136 94
-0.395 -0.078 -0.023 80 93 61
-0.395 -0.080 -0.022 61 97 73
-0.395 -0.081 -0.021 84 129 95
-0.394 -0.082 -0.019 125 126 91
-0.395 -0.084 -0.018 83 120 100
-0.395 -0.086 -0.017 113 103 73
-0.395 -0.087 -0.017 135 121 86
-0.395 -0.089 -0.016 137 163 112
-0.396 -0.091 -0.016 108 152 128
-0.397 -0.092 -0.016 94 117 84
-0.398 -0.094 -0.017 88 115 83
-0.399 -0.097 -0.018 85 115 82
-0.401 -0.099 -0.020 86 115 80
-0.405 -0.102 -0.026 95 110 88
-0.408 -0.105 -0.030 96 117 105
-0.410 -0.107 -0.032 128 132 117
-0.412 -0.110 -0.036 206 181 134
-0.415 -0.113 -0.040 236 185 159
-0.418 -0.116 -0.043 240 201 175
-0.422 -0.119 -0.050 240 194 157
-0.391 -0.060 -0.033 117 80 71
-0.391 -0.062 -0.032 77 82 63
-0.391 -0.064 -0.031 74 91 63
-0.391 -0.065 -0.030 73 97 69
-0.391 -0.067 -0.029 73 93 63
-0.391 -0.069 -0.028 79 92 65
-0.392 -0.070 -0.027 78 116 86
-0.392 -0.072 -0.026 77 112 90
-0.392 -0.073 -0.025 69 96 63
-0.392 -0.075 -0.024 91 110 74
-0.393 -0.077 -0.024 77 99 82
-0.393 -0.078 -0.023 68 98 60
-0.392 -0.080 -0.021 65 95 65
-0.392 -0.081 -0.020 72 98 66
-0.392 -0.083 -0.019 98 124 77
-0.392 -0.084 -0.018 109 137 93
-0.392 -0.086 -0.017 123 134 95
-0.393 -0.087 -0.015 140 143 99
-0.393 -0.089 -0.015 144 157 112
-0.393 -0.091 -0.015 103 120 98
-0.394 -0.093 -0.015 87 118 91
-0.395 -0.095 -0.016 90 115 82
-0.397 -0.097 -0.018 84 109 77
-0.399 -0.099 -0.020 87 120 82
-0.403 -0.102 -0.026 188 171 103
-0.407 -0.106 -0.033 168 145 126
-0.409 -0.108 -0.035 208 188 166
-0.412 -0.111 -0.039 234 178 158
-0.415 -0.114 -0.043 243 186 158
-0.417 -0.117 -0.047 221 191 161
-0.389 -0.061 -0.034 112 79 69
-0.389 -0.062 -0.032 77 81 60
-0.389 -0.064 -0.031 76 81 58
-0.389 -0.066 -0.030 72 84 61
-0.389 -0.067 -0.029 71 84 65
-0.390 -0.069 -0.028 80 98 64
-0.389 -0.071 -0.027 73 90 61
-0.390 -0.072 -0.026 64 95 58
-0.390 -0.074 -0.024 64 93 59
-0.390 -0.075 -0.024 61 97 61
-0.390 -0.077 -0.024 63 96 63
-0.391 -0.079 -0.023 64 95 59
-0.390 -0.080 -0.021 65 96 61
-0.390 -0.082 -0.020 65 98 63
-0.390 -0.083 -0.019 73 103 64
-0.391 -0.085 -0.018 86 99 72
-0.391 -0.086 -0.017 99 123 97
-0.391 -0.088 -0.016 102 139 115
-0.391 -0.090 -0.016 103 117 92
-0.392 -0.091 -0.015 93 115 81
-0.393 -0.093 -0.015 85 115 85
-0.394 -0.095 -0.017 86 113 80
-0.395 -0.097 -0.018 82 116 80
-0.397 -0.100 -0.020 192 141 90
-0.401 -0.103 -0.027 232 175 131
-0.406 -0.107 -0.035 221 182 162
-0.408 -0.109 -0.038 230 188 161
-0.411 -0.112 -0.042 238 178 145
-0.414 -0.115 -0.046 228 183 147
-0.417 -0.118 -0.051 188 174 144
-0.388 -0.061 -0.034 111 80 67
-0.387 -0.063 -0.033 78 84 60
-0.387 -0.065 -0.032 77 81 59
-0.388 -0.066 -0.031 74 82 60
-0.387 -0.068 -0.029 89 81 62
-0.387 -0.069 -0.028 76 94 68
-0.388 -0.071 -0.027 85 81 70
-0.388 -0.073 -0.026 78 100 60
-0.388 -0.074 -0.025 71 93 60
-0.388 -0.076 -0.024 65 96 59
-0.389 -0.078 -0.024 62 95 62
-0.389 -0.079 -0.023 65 96 60
-0.388 -0.081 -0.021 66 97 62
-0.389 -0.082 -0.020 67 100 65
-0.389 -0.084 -0.019 70 102 67
-0.389 -0.085 -0.018 70 104 70
-0.389 -0.087 -0.018 82 105 74
-0.390 -0.089 -0.018 84 113 76
-0.390 -0.090 -0.017 86 113 81
-0.391 -0.092 -0.017 85 113 80
-0.392 -0.094 -0.017 82 112 81
-0.393 -0.096 -0.019 81 112 77
-0.394 -0.098 -0.020 166 126 86
-0.396 -0.101 -0.023 235 196 127
-0.400 -0.104 -0.029 232 186 159
-0.405 -0.108 -0.037 234 184 171
-0.408 -0.110 -0.041 235 182 156
-0.411 -0.114 -0.046 227 168 147
-0.414 -0.116 -0.049 227 184 148
-0.417 -0.120 -0.054 167 136 120
-0.421 -0.123 -0.060 145 143 116
-0.387 -0.062 -0.037 112 78 67
-0.387 -0.064 -0.035 81 84 60
-0.387 -0.065 -0.034 78 85 59
-0.386 -0.067 -0.032 75 82 60
-0.386 -0.068 -0.030 108 100 71
-0.386 -0.070 -0.029 102 107 83
-0.386 -0.072 -0.027 96 97 72
-0.386 -0.073 -0.026 77 95 71
-0.386 -0.075 -0.025 87 77 66
-0.386 -0.076 -0.024 72 93 63
-0.387 -0.078 -0.024 68 95 62
-0.387 -0.080 -0.023 64 96 63
-0.387 -0.081 -0.022 65 100 65
-0.387 -0.083 -0.020 68 101 66
-0.387 -0.084 -0.020 73 105 70
-0.388 -0.086 -0.019 75 105 72
-0.388 -0.088 -0.019 76 108 73
-0.388 -0.089 -0.018 79 107 78
-0.389 -0.091 -0.018 86 107 76
-0.389 -0.093 -0.018 83 116 80
-0.390 -0.095 -0.019 81 111 79
-0.392 -0.097 -0.020 112 126 81
-0.394 -0.099 -0.022 226 212 109
-0.395 -0.101 -0.024 242 192 129
-0.399 -0.104 -0.030 230 191 157
-0.404 -0.108 -0.039 239 190 151
-0.407 -0.112 -0.044 247 185 145
-0.411 -0.115 -0.049 235 153 136
-0.413 -0.118 -0.053 185 134 131
-0.417 -0.121 -0.057 145 137 107
-0.420 -0.124 -0.063 157 154 120
-0.386 -0.063 -0.040 110 80 69
-0.386 -0.065 -0.037 81 84 60
-0.386 -0.066 -0.036 79 84 59
-0.385 -0.068 -0.034 77 84 58
-0.385 -0.069 -0.032 110 104 71
-0.385 -0.071 -0.031 106 110 81
-0.385 -0.072 -0.029 101 110 88
-0.385 -0.074 -0.027 75 92 85
-0.385 -0.075 -0.026 81 81 59
-0.385 -0.077 -0.025 71 91 63
-0.385 -0.079 -0.025 89 86 60
-0.385 -0.080 -0.023 73 93 65
-0.385 -0.082 -0.022 70 99 64
-0.385 -0.083 -0.021 71 101 67
-0.385 -0.085 -0.020 74 107 75
-0.386 -0.086 -0.019 73 105 74
-0.386 -0.088 -0.019 77 106 73
-0.386 -0.090 -0.018 80 107 76
-0.387 -0.091 -0.018 80 110 76
-0.388 -0.093 -0.019 78 110 77
-0.389 -0.095 -0.020 87 122 78
-0.391 -0.098 -0.022 206 191 92
-0.392 -0.100 -0.023 248 208 116
-0.394 -0.102 -0.026 240 187 144
-0.397 -0.105 -0.031 235 194 160
-0.403 -0.109 -0.041 208 185 145
-0.406 -0.113 -0.046 225 177 150
-0.410 -0.116 -0.051 174 136 143
-0.413 -0.119 -0.056 146 128 99
-0.416 -0.122 -0.060 140 146 114
-0.386 -0.064 -0.043 103 81 76
-0.385 -0.066 -0.041 80 86 57
-0.385 -0.067 -0.039 79 84 60
-0.385 -0.069 -0.037 76 84 62
-0.384 -0.070 -0.034 110 105 71
-0.384 -0.071 -0.033 111 115 82
-0.384 -0.073 -0.030 116 109 82
-0.383 -0.074 -0.029 82 92 78
-0.383 -0.076 -0.027 115 105 71
-0.384 -0.078 -0.026 106 94 70
-0.383 -0.079 -0.025 84 87 70
-0.384 -0.081 -0.024 81 93 68
-0.383 -0.082 -0.022 93 97 62
-0.383 -0.084 -0.021 82 93 72
-0.384 -0.085 -0.020 86 106 70
-0.384 -0.087 -0.019 83 107 73
-0.384 -0.089 -0.019 74 107 75
-0.385 -0.090 -0.019 75 105 73
-0.385 -0.092 -0.018 76 105 72
-0.386 -0.094 -0.020 76 110 77
-0.387 -0.096 -0.020 194 143 83
-0.390 -0.098 -0.023 248 204 107
-0.391 -0.101 -0.026 251 202 121
-0.393 -0.103 -0.028 238 187 160
-0.396 -0.106 -0.032 222 189 177
-0.402 -0.110 -0.042 229 158 122
-0.406 -0.114 -0.049 181 130 107
-0.409 -0.117 -0.054 140 126 100
-0.412 -0.120 -0.059 133 138 108
-0.416 -0.124 -0.064 164 156 122
-0.385 -0.065 -0.045 108 78 63
-0.385 -0.066 -0.044 81 86 59
-0.385 -0.068 -0.042 79 85 61
-0.384 -0.069 -0.039 79 83 62
-0.384 -0.071 -0.037 109 100 68
-0.383 -0.072 -0.035 123 108 78
-0.382 -0.074 -0.032 128 108 72
-0.382 -0.075 -0.030 87 88 70
-0.382 -0.077 -0.028 133 87 68
-0.382 -0.078 -0.027 128 135 108
-0.382 -0.080 -0.025 87 106 95
-0.382 -0.081 -0.024 88 80 61
-0.382 -0.083 -0.023 82 98 69
-0.382 -0.084 -0.022 74 86 68
-0.382 -0.086 -0.021 80 95 61
-0.382 -0.087 -0.020 81 99 69
-0.383 -0.089 -0.019 76 107 75
-0.383 -0.091 -0.018 78 105 73
-0.383 -0.092 -0.018 79 110 76
-0.385 -0.094 -0.020 156 123 82
-0.386 -0.096 -0.020 238 212 111
-0.389 -0.099 -0.025 254 207 107
-0.390 -0.101 -0.028 249 198 125
-0.393 -0.104 -0.031 239 189 161
-0.395 -0.107 -0.034 172 187 171
-0.401 -0.111 -0.045 218 196 133
-0.406 -0.115 -0.053 159 134 118
-0.410 -0.119 -0.059 130 139 109
-0.413 -0.122 -0.063 138 145 116
-0.416 -0.125 -0.068 201 177 142
-0.420 -0.129 -0.074 243 201 165
-0.384 -0.066 -0.048 105 76 63
-0.384 -0.067 -0.046 77 88 60
-0.384 -0.069 -0.045 79 84 59
-0.384 -0.070 -0.043 79 85 62
-0.383 -0.072 -0.040 120 108 75
-0.382 -0.073 -0.037 127 105 78
-0.382 -0.075 -0.035 127 110 74
-0.382 -0.076 -0.033 87 86 67
-0.381 -0.077 -0.030 101 104 74
-0.381 -0.079 -0.029 123 104 93
-0.381 -0.080 -0.027 102 114 92
-0.380 -0.082 -0.025 103 91 69
-0.380 -0.083 -0.024 89 109 87
-0.380 -0.085 -0.022 93 77 58
-0.381 -0.086 -0.021 75 97 68
-0.380 -0.088 -0.020 79 80 63
-0.381 -0.089 -0.019 77 97 64
-0.381 -0.091 -0.018 85 117 78
-0.382 -0.093 -0.019 103 127 88
-0.383 -0.095 -0.020 220 208 105
-0.384 -0.097 -0.021 224 181 103
-0.388 -0.100 -0.027 250 208 113
-0.390 -0.102 -0.030 250 195 130
-0.392 -0.105 -0.033 243 188 151
-0.396 -0.108 -0.040 166 142 122
-0.401 -0.113 -0.050 172 181 136
-0.406 -0.116 -0.056 188 140 143
-0.409 -0.120 -0.062 150 136 118
-0.412 -0.123 -0.067 160 160 125
-0.416 -0.127 -0.072 210 184 166
-0.419 -0.130 -0.078 245 192 167
-0.384 -0.067 -0.052 106 76 63
-0.384 -0.068 -0.049 77 85 59
-0.384 -0.070 -0.048 78 86 58
-0.383 -0.071 -0.046 77 85 63
-0.383 -0.073 -0.043 116 103 70
-0.382 -0.074 -0.041 110 105 78
-0.381 -0.075 -0.038 119 105 78
-0.381 -0.077 -0.035 85 82 70
-0.380 -0.078 -0.033 116 117 84
-0.380 -0.080 -0.031 115 102 84
-0.380 -0.081 -0.029 87 78 61
-0.379 -0.082 -0.027 107 92 68
-0.379 -0.084 -0.025 86 97 89
-0.379 -0.085 -0.023 105 101 71
-0.379 -0.087 -0.022 82 105 88
-0.379 -0.088 -0.021 103 97 74
-0.379 -0.090 -0.020 84 86 57
-0.379 -0.092 -0.019 106 105 81
-0.380 -0.093 -0.019 197 176 121
-0.381 -0.095 -0.021 202 196 110
-0.382 -0.097 -0.021 202 193 100
-0.386 -0.100 -0.028 244 209 113
-0.388 -0.103 -0.030 252 190 118
-0.390 -0.106 -0.034 207 190 142
-0.395 -0.110 -0.043 147 132 104
-0.400 -0.113 -0.050 173 144 119
-0.404 -0.117 -0.058 206 181 151
-0.408 -0.121 -0.065 163 140 114
-0.412 -0.124 -0.070 190 171 134
-0.415 -0.128 -0.076 215 183 162
-0.419 -0.131 -0.081 231 220 180
-0.384 -0.068 -0.055 106 77 64
-0.383 -0.069 -0.053 77 82 59
-0.383 -0.071 -0.052 78 82 60
-0.383 -0.072 -0.049 75 87 64
-0.382 -0.074 -0.047 116 106 73
-0.382 -0.075 -0.044 93 83 69
-0.381 -0.076 -0.041 118 114 80
-0.380 -0.078 -0.038 86 81 72
-0.380 -0.079 -0.036 117 121 86
-0.380 -0.081 -0.034 99 103 85
-0.379 -0.082 -0.031 77 80 61
-0.379 -0.083 -0.029 114 94 71
-0.378 -0.085 -0.027 85 87 71
-0.378 -0.086 -0.025 114 100 71
-0.378 -0.087 -0.023 91 113 96
-0.377 -0.089 -0.021 100 120 95
-0.378 -0.091 -0.021 86 77 60
-0.378 -0.092 -0.020 86 101 83
-0.379 -0.094 -0.021 215 168 121
-0.380 -0.096 -0.022 211 182 111
-0.381 -0.098 -0.023 229 180 101
-0.385 -0.101 -0.030 254 207 115
-0.387 -0.104 -0.032 255 190 112
-0.390 -0.107 -0.038 176 152 114
-0.396 -0.111 -0.048 152 137 108
-0.400 -0.115 -0.055 217 164 123
-0.404 -0.118 -0.061 176 155 135
-0.408 -0.122 -0.068 153 149 129
-0.411 -0.126 -0.074 217 195 168
-0.415 -0.129 -0.079 227 198 172
-0.418 -0.133 -0.084 204 221 199
-0.383 -0.068 -0.059 108 79 66
-0.383 -0.070 -0.056 80 84 57
-0.383 -0.072 -0.055 80 82 58
-0.382 -0.073 -0.053 76 85 64
-0.382 -0.075 -0.050 104 103 72
-0.381 -0.076 -0.048 85 82 68
-0.381 -0.077 -0.044 119 110 80
-0.380 -0.079 -0.041 89 84 70
-0.379 -0.080 -0.039 123 114 86
-0.379 -0.081 -0.036 98 112 94
-0.378 -0.083 -0.033 76 80 56
-0.378 -0.084 -0.031 100 86 64
-0.377 -0.085 -0.028 81 81 69
-0.376 -0.087 -0.025 119 108 79
-0.376 -0.088 -0.024 100 107 91
-0.376 -0.090 -0.023 94 118 98
-0.377 -0.091 -0.022 81 81 58
-0.377 -0.093 -0.021 80 90 70
-0.378 -0.095 -0.022 224 179 94
-0.380 -0.097 -0.025 218 181 107
-0.381 -0.099 -0.026 247 196 110
-0.385 -0.103 -0.033 255 202 111
-0.386 -0.105 -0.035 252 189 111
-0.390 -0.108 -0.041 183 143 112
-0.395 -0.112 -0.051 210 183 128
-0.399 -0.116 -0.057 197 178 129
-0.403 -0.120 -0.065 154 144 112
-0.407 -0.123 -0.071 151 164 147
-0.411 -0.127 -0.077 202 200 202
-0.414 -0.130 -0.082 237 175 170
-0.417 -0.134 -0.087 199 193 188
-0.383 -0.069 -0.062 110 85 69
-0.382 -0.071 -0.060 83 87 59
-0.382 -0.073 -0.058 79 84 59
-0.382 -0.074 -0.056 79 84 67
-0.381 -0.076 -0.053 113 116 83
-0.381 -0.077 -0.050 87 81 71
-0.380 -0.078 -0.047 114 114 83
-0.379 -0.080 -0.044 88 81 62
-0.379 -0.081 -0.042 89 82 67
-0.378 -0.082 -0.039 73 81 80
-0.377 -0.084 -0.036 71 83 60
-0.377 -0.085 -0.033 105 103 81
-0.376 -0.086 -0.031 82 81 74
-0.375 -0.087 -0.027 108 103 80
-0.375 -0.089 -0.026 103 103 80
-0.375 -0.090 -0.025 84 103 91
-0.376 -0.092 -0.024 77 82 60
-0.376 -0.094 -0.023 84 92 70
-0.377 -0.096 -0.024 222 187 101
-0.379 -0.098 -0.027 217 168 109
-0.380 -0.100 -0.028 251 209 116
-0.384 -0.104 -0.036 255 196 110
-0.386 -0.106 -0.038 215 185 117
-0.389 -0.109 -0.043 222 177 129
-0.395 -0.114 -0.055 217 178 144
-0.399 -0.117 -0.062 172 146 116
-0.403 -0.121 -0.069 150 162 119
-0.407 -0.125 -0.075 184 177 149
-0.411 -0.129 -0.083 204 184 202
-0.414 -0.132 -0.087 231 177 166
-0.382 -0.070 -0.066 110 85 69
-0.382 -0.072 -0.064 85 88 61
-0.382 -0.073 -0.061 81 84 62
-0.382 -0.075 -0.060 80 85 68
-0.381 -0.077 -0.057 111 106 80
-0.380 -0.078 -0.054 88 81 69
-0.380 -0.079 -0.051 104 116 82
-0.379 -0.081 -0.048 85 77 62
-0.378 -0.082 -0.044 76 79 59
-0.378 -0.083 -0.042 73 82 60
-0.377 -0.085 -0.039 71 82 65
-0.376 -0.086 -0.036 100 104 82
-0.376 -0.087 -0.033 82 80 71
-0.375 -0.088 -0.030 116 108 86
-0.374 -0.090 -0.028 116 104 79
-0.374 -0.091 -0.027 86 109 95
-0.375 -0.093 -0.026 78 81 59
-0.375 -0.095 -0.026 93 94 74
-0.377 -0.097 -0.028 230 203 111
-0.379 -0.099 -0.031 218 172 103
-0.381 -0.102 -0.034 249 213 120
-0.385 -0.105 -0.041 255 192 114
-0.387 -0.108 -0.044 238 166 121
-0.390 -0.111 -0.050 235 194 148
-0.396 -0.116 -0.061 175 148 136
-0.399 -0.119 -0.065 184 179 112
-0.403 -0.123 -0.073 160 173 126
-0.407 -0.126 -0.079 223 202 159
-0.412 -0.131 -0.089 219 190 185
-0.382 -0.071 -0.069 108 81 65
-0.381 -0.073 -0.067 83 88 61
-0.381 -0.075 -0.065 81 86 61
-0.381 -0.076 -0.063 81 84 62
-0.380 -0.077 -0.059 86 85 60
-0.380 -0.079 -0.057 79 87 68
-0.379 -0.080 -0.054 100 115 87
-0.378 -0.082 -0.050 86 79 60
-0.377 -0.083 -0.047 76 82 58
-0.377 -0.084 -0.045 73 82 60
-0.376 -0.086 -0.042 72 82 70
-0.375 -0.087 -0.039 108 118 92
-0.375 -0.088 -0.036 88 81 70
-0.374 -0.089 -0.033 113 116 89
-0.374 -0.091 -0.031 127 115 79
-0.374 -0.092 -0.030 88 98 78
-0.374 -0.094 -0.029 78 83 59
-0.374 -0.095 -0.028 111 103 75
-0.378 -0.099 -0.034 218 212 116
-0.380 -0.101 -0.037 225 182 106
-0.383 -0.104 -0.042 252 209 121
-0.386 -0.107 -0.047 240 184 117
-0.387 -0.109 -0.050 225 187 139
-0.391 -0.113 -0.055 178 144 127
-0.396 -0.117 -0.066 176 137 108
-0.400 -0.121 -0.072 188 176 115
-0.403 -0.124 -0.077 161 167 138
-0.407 -0.128 -0.085 223 206 172
-0.413 -0.133 -0.095 232 157 156
-0.381 -0.072 -0.073 108 78 67
-0.381 -0.074 -0.071 82 85 60
-0.381 -0.076 -0.069 81 86 59
-0.381 -0.077 -0.067 78 86 61
-0.380 -0.079 -0.063 81 86 61
-0.379 -0.080 -0.061 82 87 68
-0.379 -0.081 -0.058 107 114 84
-0.378 -0.083 -0.054 86 80 58
-0.377 -0.084 -0.051 76 83 56
-0.376 -0.085 -0.048 74 83 60
-0.376 -0.087 -0.045 77 84 69
-0.375 -0.088 -0.042 98 119 91
-0.374 -0.089 -0.039 87 81 69
-0.373 -0.090 -0.036 100 120 92
-0.373 -0.092 -0.034 121 107 82
-0.373 -0.093 -0.032 89 89 72
-0.374 -0.095 -0.032 77 83 62
-0.374 -0.097 -0.032 137 116 76
-0.376 -0.099 -0.035 219 216 119
-0.378 -0.102 -0.038 250 209 116
-0.383 -0.105 -0.046 250 191 119
-0.385 -0.108 -0.049 231 173 122
-0.387 -0.111 -0.054 174 141 119
-0.391 -0.115 -0.061 166 136 107
-0.396 -0.119 -0.070 164 184 116
-0.399 -0.122 -0.076 173 179 117
-0.403 -0.126 -0.081 157 169 152
-0.407 -0.130 -0.089 209 214 204
-0.412 -0.134 -0.098 213 214 177
-0.381 -0.073 -0.076 111 79 65
-0.381 -0.075 -0.074 81 85 62
-0.380 -0.076 -0.072 79 88 58
-0.380 -0.078 -0.070 81 88 61
-0.379 -0.079 -0.066 79 84 63
-0.378 -0.081 -0.063 80 84 65
-0.378 -0.082 -0.060 87 84 63
-0.377 -0.084 -0.057 79 83 60
-0.376 -0.085 -0.054 76 82 59
-0.375 -0.086 -0.050 75 84 59
-0.375 -0.087 -0.047 81 85 66
-0.374 -0.089 -0.045 101 118 81
-0.374 -0.090 -0.042 92 85 68
-0.373 -0.091 -0.039 104 120 96
-0.373 -0.093 -0.037 113 109 78
-0.373 -0.094 -0.036 89 84 61
-0.373 -0.096 -0.035 79 84 64
-0.374 -0.098 -0.035 175 132 80
-0.376 -0.100 -0.039 240 220 121
-0.378 -0.103 -0.042 255 200 118
-0.383 -0.107 -0.051 247 166 117
-0.385 -0.110 -0.055 183 154 129
-0.388 -0.113 -0.060 163 140 106
-0.391 -0.116 -0.066 161 183 114
-0.397 -0.121 -0.077 181 155 111
-0.399 -0.124 -0.080 174 165 118
-0.403 -0.127 -0.086 157 172 155
-0.407 -0.131 -0.093 199 228 205
-0.380 -0.074 -0.080 109 81 66
-0.380 -0.076 -0.078 81 86 62
-0.380 -0.078 -0.075 83 84 59
-0.380 -0.079 -0.073 82 85 59
-0.378 -0.080 -0.069 77 83 61
-0.377 -0.082 -0.065 80 85 61
-0.376 -0.083 -0.062 78 84 61
-0.376 -0.084 -0.058 76 84 62
-0.375 -0.086 -0.055 76 83 60
-0.374 -0.087 -0.052 78 82 58
-0.374 -0.088 -0.049 89 88 62
-0.374 -0.090 -0.047 99 117 83
-0.373 -0.091 -0.045 100 93 70
-0.372 -0.092 -0.042 97 117 105
-0.372 -0.094 -0.040 119 127 93
-0.372 -0.095 -0.039 94 83 59
-0.373 -0.097 -0.039 78 88 68
-0.374 -0.099 -0.039 207 155 94
-0.376 -0.102 -0.044 250 210 121
-0.378 -0.104 -0.046 242 179 112
-0.383 -0.108 -0.055 235 178 123
-0.386 -0.111 -0.060 167 154 106
-0.389 -0.115 -0.066 158 183 114
-0.392 -0.118 -0.072 178 150 111
-0.398 -0.123 -0.083 196 163 116
-0.401 -0.126 -0.088 175 171 121
-0.404 -0.130 -0.093 154 174 143
-0.408 -0.134 -0.101 175 183 178
-0.380 -0.075 -0.084 111 85 69
-0.380 -0.077 -0.081 84 89 62
-0.379 -0.079 -0.079 82 87 61
-0.379 -0.080 -0.077 82 88 62
-0.378 -0.081 -0.072 80 87 62
-0.376 -0.083 -0.067 80 86 59
-0.375 -0.084 -0.064 77 84 61
-0.375 -0.085 -0.061 77 83 61
-0.374 -0.086 -0.057 75 82 59
-0.373 -0.088 -0.055 76 84 58
-0.373 -0.089 -0.051 97 93 64
-0.373 -0.091 -0.050 97 113 86
-0.372 -0.092 -0.047 108 97 73
-0.372 -0.093 -0.045 97 116 106
-0.371 -0.095 -0.043 117 127 96
-0.372 -0.097 -0.042 93 80 57
-0.372 -0.098 -0.042 81 87 68
-0.373 -0.100 -0.043 221 166 94
-0.376 -0.103 -0.047 249 184 109
-0.379 -0.106 -0.052 242 172 109
-0.383 -0.110 -0.062 222 194 118
-0.387 -0.114 -0.068 183 146 106
-0.391 -0.118 -0.076 209 175 114
-0.394 -0.121 -0.082 183 180 117
-0.400 -0.125 -0.092 192 161 112
-0.403 -0.129 -0.098 172 169 123
-0.405 -0.132 -0.101 185 176 132
-0.409 -0.136 -0.107 209 183 151
-0.379 -0.076 -0.088 111 85 69
-0.379 -0.078 -0.086 86 91 62
-0.379 -0.080 -0.083 83 86 60
-0.379 -0.081 -0.081 81 86 61
-0.378 -0.083 -0.077 80 85 60
-0.376 -0.084 -0.071 79 86 59
-0.375 -0.085 -0.067 77 83 58
-0.374 -0.086 -0.064 78 84 60
-0.373 -0.087 -0.060 79 82 57
-0.372 -0.089 -0.057 76 86 61
-0.372 -0.090 -0.054 105 93 66
-0.372 -0.091 -0.052 98 119 87
-0.371 -0.093 -0.050 111 98 72
-0.371 -0.094 -0.048 93 110 98
-0.371 -0.096 -0.046 107 114 91
-0.371 -0.098 -0.045 90 81 59
-0.372 -0.099 -0.045 86 89 71
-0.373 -0.102 -0.047 223 160 93
-0.376 -0.104 -0.051 243 167 109
-0.378 -0.107 -0.055 200 188 123
-0.383 -0.111 -0.065 172 143 104
-0.391 -0.117 -0.082 153 143 106
-0.396 -0.122 -0.092 207 158 110
-0.399 -0.125 -0.097 181 175 117
-0.402 -0.128 -0.101 176 178 119
-0.404 -0.131 -0.104 161 161 122
-0.406 -0.134 -0.107 187 167 138
-0.379 -0.078 -0.092 108 82 65
-0.379 -0.079 -0.090 82 89 61
-0.379 -0.081 -0.087 85 86 59
-0.379 -0.083 -0.086 84 88 61
-0.377 -0.084 -0.081 83 86 59
-0.375 -0.085 -0.075 80 85 58
-0.374 -0.086 -0.070 78 84 60
-0.373 -0.087 -0.067 76 84 60
-0.372 -0.088 -0.063 78 84 59
-0.372 -0.090 -0.060 78 84 60
-0.371 -0.091 -0.056 116 97 70
-0.371 -0.092 -0.055 91 102 86
-0.371 -0.094 -0.053 113 98 69
-0.370 -0.095 -0.051 101 108 86
-0.370 -0.097 -0.049 97 108 90
-0.370 -0.099 -0.048 84 83 60
-0.371 -0.101 -0.049 89 92 75
-0.373 -0.103 -0.050 223 161 104
-0.376 -0.106 -0.056 236 178 123
-0.378 -0.109 -0.061 195 142 106
-0.384 -0.113 -0.071 153 159 111
-0.394 -0.120 -0.093 167 141 107
-0.397 -0.124 -0.099 206 149 113
-0.400 -0.127 -0.104 172 150 114
-0.403 -0.131 -0.108 187 174 121
-0.405 -0.134 -0.112 162 154 123
-0.378 -0.079 -0.095 107 85 66
-0.378 -0.080 -0.094 83 88 60
-0.378 -0.082 -0.091 85 87 60
-0.378 -0.084 -0.090 84 86 59
-0.377 -0.085 -0.085 81 86 60
-0.375 -0.086 -0.079 80 87 59
-0.374 -0.087 -0.074 80 86 59
-0.373 -0.088 -0.070 79 83 60
-0.372 -0.090 -0.067 78 84 59
-0.371 -0.091 -0.063 77 83 56
-0.371 -0.092 -0.060 90 88 61
-0.370 -0.093 -0.058 78 88 68
-0.370 -0.095 -0.056 112 109 77
-0.370 -0.096 -0.054 107 107 86
-0.370 -0.098 -0.052 91 113 93
-0.370 -0.100 -0.051 80 84 63
-0.371 -0.102 -0.052 109 95 84
-0.373 -0.104 -0.055 228 178 123
-0.376 -0.108 -0.062 227 178 117
-0.386 -0.115 -0.084 173 181 107
-0.391 -0.119 -0.092 137 147 107
-0.394 -0.122 -0.099 184 174 115
-0.397 -0.126 -0.105 209 151 114
-0.401 -0.130 -0.112 202 170 117
-0.403 -0.132 -0.114 170 152 123
-0.405 -0.136 -0.118 148 155 139
-0.378 -0.080 -0.099 108 85 67
-0.378 -0.081 -0.098 83 88 61
-0.377 -0.083 -0.095 84 88 62
-0.378 -0.085 -0.094 84 87 62
-0.376 -0.086 -0.089 83 88 62
-0.375 -0.087 -0.083 82 87 60
-0.373 -0.088 -0.078 80 85 60
-0.372 -0.089 -0.074 79 84 60
-0.372 -0.091 -0.071 77 83 60
-0.371 -0.092 -0.066 76 85 59
-0.370 -0.093 -0.064 77 84 59
-0.370 -0.095 -0.061 77 82 63
-0.369 -0.096 -0.059 107 102 76
-0.369 -0.098 -0.057 93 102 81
-0.369 -0.099 -0.056 77 95 84
-0.370 -0.101 -0.055 81 87 61
-0.371 -0.103 -0.057 125 107 88
-0.373 -0.106 -0.060 202 189 135
-0.377 -0.109 -0.067 200 178 103
-0.386 -0.116 -0.089 206 157 100
-0.391 -0.120 -0.097 152 140 108
-0.394 -0.124 -0.103 196 178 117
-0.397 -0.127 -0.109 211 148 114
-0.400 -0.131 -0.115 178 142 120
-0.402 -0.134 -0.117 172 153 143
-0.404 -0.137 -0.121 195 212 182
-0.407 -0.140 -0.125 235 229 193
-0.377 -0.081 -0.103 110 85 69
-0.377 -0.083 -0.102 85 89 64
-0.377 -0.084 -0.099 84 89 62
-0.377 -0.086 -0.098 84 87 62
-0.376 -0.087 -0.093 83 84 60
-0.374 -0.088 -0.086 82 87 61
-0.372 -0.089 -0.081 81 86 60
-0.372 -0.090 -0.077 78 84 60
-0.371 -0.092 -0.074 77 88 61
-0.370 -0.093 -0.069 77 87 64
-0.369 -0.094 -0.067 92 100 75
-0.369 -0.096 -0.065 82 83 65
-0.369 -0.097 -0.063 85 86 67
-0.369 -0.099 -0.061 80 87 63
-0.369 -0.100 -0.060 77 86 62
-0.370 -0.102 -0.060 80 87 65
-0.371 -0.105 -0.062 164 117 90
-0.373 -0.107 -0.066 161 141 124
-0.376 -0.111 -0.071 202 179 103
-0.386 -0.117 -0.092 216 168 104
-0.390 -0.121 -0.100 156 144 105
-0.393 -0.125 -0.106 202 163 114
-0.396 -0.128 -0.111 193 148 120
-0.399 -0.132 -0.117 175 152 141
-0.402 -0.136 -0.122 202 213 188
-0.404 -0.139 -0.127 213 217 193
-0.407 -0.142 -0.130 235 224 182
-0.377 -0.082 -0.108 110 88 70
-0.377 -0.084 -0.106 86 91 65
-0.376 -0.085 -0.102 84 89 61
-0.376 -0.087 -0.101 82 87 62
-0.375 -0.088 -0.096 81 86 61
-0.373 -0.089 -0.089 79 86 62
-0.372 -0.090 -0.085 80 85 61
-0.371 -0.092 -0.081 79 84 61
-0.370 -0.093 -0.077 77 85 63
-0.369 -0.094 -0.073 88 90 72
-0.369 -0.095 -0.071 122 135 105
-0.369 -0.097 -0.069 93 99 85
-0.368 -0.098 -0.066 93 111 86
-0.368 -0.100 -0.065 80 87 72
-0.369 -0.102 -0.064 76 86 64
-0.369 -0.104 -0.064 79 87 68
-0.371 -0.106 -0.066 133 115 89
-0.373 -0.109 -0.071 132 129 102
-0.376 -0.112 -0.076 188 184 103
-0.385 -0.119 -0.095 195 197 113
-0.388 -0.122 -0.103 153 141 111
-0.391 -0.126 -0.108 206 176 113
-0.394 -0.129 -0.113 186 179 131
-0.397 -0.133 -0.119 205 215 180
-0.401 -0.137 -0.126 224 198 185
-0.376 -0.083 -0.110 107 86 68
-0.376 -0.085 -0.109 86 91 66
-0.375 -0.086 -0.106 86 90 64
-0.376 -0.088 -0.105 83 90 66
-0.374 -0.089 -0.100 83 86 61
-0.373 -0.090 -0.093 81 87 64
-0.371 -0.091 -0.089 80 86 62
-0.371 -0.093 -0.085 77 84 61
-0.370 -0.094 -0.081 78 84 60
-0.369 -0.095 -0.077 84 91 72
-0.368 -0.097 -0.074 112 126 105
-0.368 -0.098 -0.072 89 98 100
-0.368 -0.100 -0.070 119 143 112
-0.368 -0.101 -0.069 124 133 99
-0.368 -0.103 -0.068 91 85 65
-0.369 -0.105 -0.068 79 88 77
-0.371 -0.107 -0.071 108 122 102
-0.373 -0.110 -0.075 132 136 101
-0.376 -0.113 -0.080 198 174 106
-0.383 -0.119 -0.097 213 180 110
-0.387 -0.124 -0.105 180 139 108
-0.390 -0.127 -0.110 192 172 121
-0.393 -0.130 -0.115 210 199 159
-0.396 -0.134 -0.122 227 204 183
-0.375 -0.084 -0.115 106 86 68
-0.375 -0.086 -0.113 89 89 65
-0.375 -0.087 -0.110 90 92 70
-0.375 -0.089 -0.109 103 103 82
-0.374 -0.090 -0.103 90 92 66
-0.372 -0.091 -0.098 83 86 63
-0.371 -0.093 -0.093 80 87 59
-0.370 -0.094 -0.088 79 86 58
-0.369 -0.095 -0.085 77 83 59
-0.368 -0.096 -0.080 82 89 69
-0.368 -0.098 -0.078 96 111 96
-0.367 -0.099 -0.075 102 103 85
-0.367 -0.101 -0.073 127 134 120
-0.367 -0.102 -0.072 127 137 105
-0.368 -0.104 -0.072 93 84 65
-0.369 -0.106 -0.072 79 89 73
-0.370 -0.109 -0.074 106 123 89
-0.373 -0.112 -0.079 158 147 105
-0.375 -0.115 -0.083 210 171 110
-0.381 -0.120 -0.097 193 155 111
-0.385 -0.124 -0.104 162 151 114
-0.388 -0.127 -0.110 194 166 147
-0.391 -0.131 -0.117 222 204 183
-0.374 -0.085 -0.118 106 86 67
-0.374 -0.087 -0.116 85 89 65
-0.374 -0.088 -0.113 90 92 73
-0.374 -0.090 -0.112 103 121 92
-0.372 -0.091 -0.106 99 109 81
-0.371 -0.093 -0.101 96 95 69
-0.370 -0.094 -0.096 82 87 63
-0.369 -0.095 -0.092 79 85 61
-0.368 -0.096 -0.088 79 84 61
-0.368 -0.097 -0.084 82 90 68
-0.367 -0.099 -0.081 82 101 89
-0.367 -0.100 -0.079 101 114 89
-0.367 -0.102 -0.077 132 130 113
-0.367 -0.104 -0.076 107 121 89
-0.367 -0.106 -0.076 83 87 66
-0.368 -0.108 -0.077 77 90 72
-0.369 -0.110 -0.078 110 123 90
-0.372 -0.113 -0.083 193 138 98
-0.374 -0.116 -0.087 223 181 111
-0.379 -0.121 -0.098 170 147 117
-0.383 -0.124 -0.105 156 153 134
-0.386 -0.128 -0.111 207 209 179
-0.374 -0.086 -0.122 104 88 66
-0.374 -0.088 -0.120 85 89 65
-0.373 -0.089 -0.116 90 93 74
-0.373 -0.091 -0.114 99 119 96
-0.372 -0.092 -0.109 94 108 85
-0.371 -0.094 -0.104 97 106 80
-0.369 -0.095 -0.100 98 98 75
-0.368 -0.096 -0.095 89 91 65
-0.368 -0.097 -0.091 80 86 63
-0.366 -0.098 -0.087 80 85 62
-0.366 -0.100 -0.085 80 89 68
-0.366 -0.102 -0.082 93 99 81
-0.366 -0.103 -0.081 130 116 93
-0.366 -0.105 -0.080 101 109 74
-0.367 -0.107 -0.080 82 86 62
-0.368 -0.109 -0.081 82 91 73
-0.370 -0.112 -0.083 114 126 93
-0.372 -0.115 -0.087 197 159 106
-0.374 -0.117 -0.091 224 191 117
-0.378 -0.121 -0.099 167 167 128
-0.381 -0.125 -0.106 197 193 159
-0.384 -0.129 -0.112 228 198 174
-0.373 -0.087 -0.125 104 87 68
-0.373 -0.089 -0.123 89 90 65
-0.372 -0.091 -0.120 89 92 74
-0.372 -0.092 -0.118 97 117 95
-0.371 -0.094 -0.113 93 108 85
-0.370 -0.095 -0.109 98 113 89
-0.369 -0.096 -0.103 101 109 80
-0.368 -0.097 -0.099 103 109 79
-0.367 -0.099 -0.095 103 92 68
-0.366 -0.100 -0.091 87 86 63
-0.366 -0.101 -0.089 81 86 62
-0.366 -0.103 -0.086 84 91 65
-0.366 -0.105 -0.086 124 104 74
-0.367 -0.107 -0.085 110 112 70
-0.367 -0.109 -0.086 86 86 62
-0.369 -0.111 -0.088 87 95 72
-0.370 -0.113 -0.089 117 131 96
-0.371 -0.116 -0.092 194 151 108
-0.374 -0.119 -0.097 201 152 117
-0.377 -0.122 -0.101 193 165 143
-0.380 -0.126 -0.108 218 207 184
-0.372 -0.088 -0.130 104 86 68
-0.372 -0.090 -0.127 89 90 64
-0.371 -0.092 -0.124 87 93 73
-0.371 -0.093 -0.121 92 111 95
-0.370 -0.095 -0.116 93 110 94
-0.369 -0.096 -0.112 100 124 100
-0.368 -0.097 -0.107 101 110 89
-0.367 -0.099 -0.103 105 112 86
-0.367 -0.100 -0.099 114 105 77
-0.366 -0.101 -0.096 111 106 74
-0.366 -0.103 -0.093 105 86 62
-0.365 -0.104 -0.091 88 88 63
-0.366 -0.106 -0.091 98 87 66
-0.366 -0.108 -0.090 94 91 65
-0.367 -0.110 -0.091 84 87 62
-0.368 -0.113 -0.093 93 99 72
-0.370 -0.115 -0.094 123 135 99
-0.371 -0.118 -0.097 185 172 111
-0.373 -0.120 -0.100 198 184 130
-0.376 -0.124 -0.106 221 211 174
-0.371 -0.089 -0.132 103 86 68
-0.371 -0.091 -0.130 87 91 64
-0.371 -0.093 -0.127 87 93 67
-0.370 -0.095 -0.125 90 97 77
-0.370 -0.096 -0.121 96 111 94
-0.369 -0.097 -0.118 100 113 95
-0.368 -0.099 -0.113 101 105 90
-0.367 -0.100 -0.109 96 111 86
-0.366 -0.101 -0.105 104 110 79
-0.366 -0.103 -0.101 112 111 81
-0.365 -0.104 -0.098 119 102 76
-0.365 -0.106 -0.096 117 104 72
-0.366 -0.108 -0.096 103 90 67
-0.366 -0.110 -0.095 87 88 68
-0.367 -0.112 -0.096 82 89 63
-0.368 -0.114 -0.097 100 105 76
-0.369 -0.116 -0.098 126 140 102
-0.371 -0.119 -0.101 174 188 115
-0.373 -0.122 -0.105 212 197 144
-0.376 -0.125 -0.110 231 203 183
-0.370 -0.091 -0.136 103 86 67
-0.370 -0.092 -0.134 85 90 65
-0.369 -0.094 -0.130 85 91 63
-0.369 -0.096 -0.128 91 92 69
-0.369 -0.097 -0.125 93 113 92
-0.368 -0.099 -0.121 94 105 91
-0.367 -0.100 -0.117 96 111 88
-0.367 -0.101 -0.113 96 113 88
-0.366 -0.103 -0.109 98 115 90
-0.365 -0.104 -0.106 98 111 87
-0.365 -0.105 -0.103 105 109 85
-0.365 -0.107 -0.101 120 109 79
-0.365 -0.109 -0.101 126 112 81
-0.366 -0.111 -0.100 92 101 87
-0.367 -0.113 -0.101 83 89 66
-0.367 -0.115 -0.101 109 111 81
-0.369 -0.118 -0.104 145 135 102
-0.370 -0.120 -0.105 177 199 129
-0.373 -0.124 -0.111 222 216 172
-0.369 -0.092 -0.140 101 85 68
-0.369 -0.093 -0.137 83 89 65
-0.368 -0.095 -0.134 83 90 65
-0.368 -0.097 -0.132 92 94 71
-0.368 -0.098 -0.128 97 124 95
-0.367 -0.100 -0.125 95 108 92
-0.367 -0.101 -0.121 90 112 91
-0.366 -0.103 -0.117 93 105 90
-0.365 -0.104 -0.113 95 114 95
-0.365 -0.105 -0.110 94 112 95
-0.364 -0.107 -0.107 103 114 89
-0.364 -0.109 -0.106 117 113 84
-0.365 -0.111 -0.105 137 116 85
-0.365 -0.112 -0.105 95 102 88
-0.366 -0.115 -0.105 86 89 70
-0.367 -0.117 -0.106 112 114 86
-0.369 -0.120 -0.108 142 135 109
-0.370 -0.122 -0.110 197 182 140
-0.373 -0.125 -0.115 223 191 176
-0.368 -0.093 -0.143 107 94 73
-0.368 -0.094 -0.140 85 88 63
-0.367 -0.096 -0.137 82 90 65
-0.367 -0.098 -0.134 92 93 70
-0.367 -0.099 -0.131 97 116 92
-0.366 -0.101 -0.129 94 107 92
-0.366 -0.102 -0.124 91 114 91
-0.365 -0.104 -0.121 89 103 92
-0.365 -0.105 -0.118 95 118 98
-0.364 -0.107 -0.115 96 121 101
-0.364 -0.108 -0.111 103 119 95
-0.364 -0.110 -0.110 113 112 89
-0.365 -0.112 -0.110 126 111 85
-0.365 -0.114 -0.110 92 96 77
-0.366 -0.116 -0.109 86 91 72
-0.367 -0.118 -0.111 113 120 91
-0.368 -0.121 -0.113 138 146 128
-0.370 -0.124 -0.115 211 205 169
-0.367 -0.095 -0.143 102 99 74
-0.366 -0.097 -0.140 87 92 69
-0.366 -0.099 -0.137 92 96 73
-0.365 -0.100 -0.134 98 108 90
-0.365 -0.102 -0.131 98 111 89
-0.365 -0.104 -0.128 98 114 88
-0.364 -0.105 -0.125 95 108 95
-0.364 -0.106 -0.121 94 114 99
-0.363 -0.108 -0.118 96 117 100
-0.363 -0.110 -0.116 99 108 96
-0.363 -0.111 -0.114 110 112 91
-0.364 -0.113 -0.114 120 106 84
-0.364 -0.115 -0.113 93 92 68
-0.365 -0.117 -0.114 86 92 74
-0.366 -0.120 -0.115 116 128 100
-0.368 -0.122 -0.117 178 163 143
-0.369 -0.125 -0.120 216 192 173
-0.365 -0.098 -0.142 114 108 83
-0.364 -0.100 -0.139 97 100 79
-0.364 -0.101 -0.136 96 102 86
-0.364 -0.103 -0.133 101 109 84
-0.364 -0.105 -0.131 99 112 87
-0.363 -0.106 -0.127 101 103 90
-0.363 -0.108 -0.124 95 113 96
-0.363 -0.109 -0.122 94 112 99
-0.362 -0.111 -0.119 96 110 101
-0.363 -0.113 -0.118 107 118 92
-0.363 -0.115 -0.117 115 109 84
-0.364 -0.117 -0.118 93 90 65
-0.365 -0.119 -0.118 87 95 76
-0.365 -0.121 -0.119 122 136 116
-0.367 -0.124 -0.121 205 195 164
-0.363 -0.100 -0.140 125 118 93
-0.362 -0.102 -0.138 111 107 84
-0.362 -0.104 -0.135 100 103 79
-0.362 -0.105 -0.133 99 107 85
-0.362 -0.107 -0.130 100 110 88
-0.361 -0.109 -0.127 97 107 91
-0.361 -0.110 -0.124 101 108 89
-0.361 -0.112 -0.122 96 112 96
-0.361 -0.114 -0.121 102 113 91
-0.362 -0.116 -0.120 102 112 91
-0.363 -0.118 -0.121 90 90 66
-0.363 -0.120 -0.121 92 99 81
-0.364 -0.122 -0.121 159 151 132
-0.366 -0.125 -0.124 211 193 175
-0.361 -0.105 -0.137 123 113 88
-0.361 -0.106 -0.135 108 107 82
-0.360 -0.108 -0.132 97 109 84
-0.360 -0.109 -0.129 104 105 86
-0.360 -0.111 -0.126 108 108 84
-0.360 -0.113 -0.125 97 112 90
-0.360 -0.115 -0.123 94 108 92
-0.361 -0.117 -0.123 98 108 91
-0.361 -0.119 -0.122 89 90 68
-0.362 -0.121 -0.123 100 106 95
-0.363 -0.123 -0.124 200 182 153
-0.365 -0.126 -0.127 221 180 153
-0.359 -0.107 -0.136 136 126 93
-0.359 -0.109 -0.134 118 110 87
-0.359 -0.110 -0.132 108 105 82
-0.359 -0.112 -0.129 109 105 81
-0.358 -0.114 -0.127 103 113 86
-0.359 -0.116 -0.125 92 111 90
-0.359 -0.118 -0.125 94 103 89
-0.360 -0.120 -0.125 89 91 70
-0.361 -0.122 -0.125 127 120 114
-0.362 -0.125 -0.128 208 201 178
-0.357 -0.111 -0.132 126 119 93
-0.357 -0.113 -0.130 119 108 82
-0.357 -0.115 -0.129 105 109 80
-0.357 -0.116 -0.127 99 108 85
-0.358 -0.119 -0.127 92 103 85
-0.358 -0.121 -0.127 87 93 73
-0.361 -0.126 -0.131 196 187 177
-0.356 -0.114 -0.133 142 128 97
-0.356 -0.116 -0.131 120 116 90
-0.356 -0.118 -0.130 115 107 83
-0.356 -0.120 -0.129 95 99 79
-0.357 -0.122 -0.130 84 94 85
-0.355 -0.121 -0.132 119 112 92
-0.356 -0.123 -0.133 103 107 102

