-0.397 -0.062 -0.112 144 164 123
-0.394 -0.063 -0.112 136 163 128
-0.399 -0.060 -0.110 151 167 120
-0.396 -0.061 -0.110 93 103 69
-0.393 -0.061 -0.110 84 93 61
-0.390 -0.062 -0.110 109 93 77
-0.385 -0.064 -0.109 118 139 113
-0.382 -0.065 -0.108 158 161 129
-0.398 -0.059 -0.108 106 109 80
-0.395 -0.060 -0.108 74 96 61
-0.391 -0.061 -0.108 78 97 59
-0.389 -0.061 -0.108 76 96 63
-0.385 -0.062 -0.108 77 96 63
-0.381 -0.064 -0.106 96 94 70
-0.377 -0.065 -0.106 112 122 93
-0.375 -0.065 -0.106 138 155 127
-0.398 -0.059 -0.106 117 97 101
-0.397 -0.058 -0.107 78 97 68
-0.394 -0.059 -0.107 114 103 59
-0.392 -0.059 -0.107 148 145 65
-0.389 -0.059 -0.108 183 131 67
-0.385 -0.061 -0.106 112 95 63
-0.381 -0.062 -0.106 76 102 68
-0.377 -0.063 -0.105 78 103 68
-0.374 -0.064 -0.104 92 101 69
-0.372 -0.064 -0.105 115 110 87
-0.370 -0.064 -0.106 131 153 125
-0.399 -0.058 -0.103 127 101 101
-0.397 -0.057 -0.104 80 90 57
-0.396 -0.057 -0.105 88 104 56
-0.394 -0.057 -0.106 159 155 70
-0.391 -0.058 -0.106 127 118 63
-0.388 -0.058 -0.106 163 142 68
-0.384 -0.059 -0.105 115 108 73
-0.381 -0.060 -0.105 91 114 73
-0.378 -0.061 -0.104 88 113 74
-0.373 -0.063 -0.103 89 113 74
-0.371 -0.063 -0.103 87 114 76
-0.369 -0.063 -0.104 93 112 77
-0.368 -0.062 -0.105 119 115 93
-0.367 -0.061 -0.107 137 161 129
-0.399 -0.058 -0.100 132 114 110
-0.397 -0.057 -0.101 83 90 56
-0.396 -0.057 -0.102 74 100 56
-0.394 -0.057 -0.103 148 114 57
-0.392 -0.056 -0.104 132 129 71
-0.390 -0.056 -0.104 111 137 81
-0.387 -0.057 -0.105 134 121 72
-0.384 -0.058 -0.104 172 132 80
-0.381 -0.059 -0.104 131 126 77
-0.377 -0.060 -0.103 108 132 81
-0.374 -0.061 -0.103 105 132 82
-0.371 -0.061 -0.103 100 127 81
-0.369 -0.061 -0.103 96 123 83
-0.367 -0.061 -0.104 99 121 85
-0.366 -0.061 -0.105 115 128 94
-0.367 -0.058 -0.108 143 145 109
-0.367 -0.057 -0.111 168 178 141
-0.399 -0.057 -0.097 138 129 117
-0.397 -0.057 -0.098 84 92 55
-0.396 -0.057 -0.099 72 97 57
-0.394 -0.056 -0.100 139 102 54
-0.393 -0.056 -0.101 185 159 70
-0.391 -0.056 -0.102 167 142 80
-0.388 -0.056 -0.102 124 122 76
-0.386 -0.056 -0.103 165 135 75
-0.384 -0.056 -0.103 150 145 77
-0.380 -0.057 -0.103 170 131 78
-0.377 -0.058 -0.103 146 153 88
-0.374 -0.059 -0.102 125 153 88
-0.370 -0.060 -0.102 119 144 91
-0.369 -0.060 -0.102 115 141 93
-0.366 -0.060 -0.103 110 138 96
-0.365 -0.060 -0.104 130 149 105
-0.364 -0.059 -0.105 144 158 121
-0.364 -0.057 -0.107 158 170 133
-0.364 -0.056 -0.110 181 178 142
-0.366 -0.053 -0.114 193 184 146
-0.399 -0.057 -0.094 145 147 118
-0.397 -0.057 -0.095 89 97 59
-0.395 -0.057 -0.096 74 94 57
-0.394 -0.056 -0.097 113 104 56
-0.393 -0.055 -0.098 194 127 67
-0.391 -0.055 -0.099 206 146 74
-0.389 -0.055 -0.100 147 124 74
-0.387 -0.055 -0.101 165 124 74
-0.386 -0.054 -0.102 169 169 77
-0.383 -0.055 -0.102 142 170 83
-0.380 -0.055 -0.102 150 142 80
-0.377 -0.056 -0.102 177 137 73
-0.374 -0.057 -0.101 164 147 77
-0.371 -0.058 -0.101 139 156 99
-0.369 -0.058 -0.102 131 155 103
-0.367 -0.058 -0.103 136 156 109
-0.365 -0.058 -0.103 155 164 123
-0.363 -0.058 -0.104 173 179 137
-0.362 -0.057 -0.105 184 188 143
-0.362 -0.056 -0.107 180 184 149
-0.361 -0.055 -0.109 175 178 140
-0.362 -0.052 -0.112 169 180 139
-0.399 -0.057 -0.091 158 169 128
-0.397 -0.057 -0.092 93 90 70
-0.396 -0.056 -0.093 70 93 58
-0.394 -0.056 -0.094 95 112 56
-0.393 -0.055 -0.095 173 147 65
-0.391 -0.055 -0.096 211 146 67
-0.390 -0.054 -0.097 160 130 66
-0.388 -0.054 -0.098 131 143 75
-0.386 -0.054 -0.099 190 149 68
-0.384 -0.054 -0.100 181 143 63
-0.382 -0.054 -0.100 156 170 74
-0.379 -0.054 -0.101 183 165 84
-0.377 -0.054 -0.101 194 153 86
-0.374 -0.055 -0.101 162 160 83
-0.371 -0.056 -0.101 156 161 103
-0.369 -0.056 -0.101 146 177 118
-0.367 -0.056 -0.102 174 179 132
-0.365 -0.056 -0.102 201 198 141
-0.363 -0.056 -0.103 196 193 145
-0.362 -0.055 -0.104 190 195 154
-0.361 -0.055 -0.106 181 190 157
-0.360 -0.054 -0.107 161 179 143
-0.361 -0.052 -0.110 145 162 133
-0.363 -0.048 -0.114 136 149 129
-0.399 -0.056 -0.088 171 181 135
-0.397 -0.056 -0.088 99 91 82
-0.396 -0.056 -0.090 70 93 62
-0.394 -0.055 -0.091 75 97 59
-0.392 -0.055 -0.092 133 134 60
-0.391 -0.055 -0.093 195 153 70
-0.389 -0.055 -0.094 156 137 64
-0.388 -0.054 -0.095 117 141 77
-0.386 -0.054 -0.096 158 158 70
-0.384 -0.054 -0.096 163 169 73
-0.382 -0.053 -0.097 163 148 70
-0.380 -0.053 -0.098 152 148 72
-0.379 -0.053 -0.099 161 150 71
-0.376 -0.053 -0.099 159 157 78
-0.374 -0.054 -0.100 136 161 99
-0.371 -0.054 -0.100 172 149 125
-0.370 -0.054 -0.101 208 208 136
-0.367 -0.054 -0.101 247 195 157
-0.365 -0.054 -0.102 225 231 163
-0.362 -0.055 -0.102 227 205 156
-0.362 -0.054 -0.103 204 201 159
-0.360 -0.053 -0.105 179 188 154
-0.359 -0.053 -0.106 151 172 136
-0.360 -0.050 -0.109 124 146 113
-0.361 -0.048 -0.112 102 121 105
-0.361 -0.046 -0.115 136 140 110
-0.397 -0.056 -0.086 120 91 93
-0.395 -0.056 -0.086 75 88 56
-0.394 -0.056 -0.087 70 95 57
-0.392 -0.055 -0.089 113 161 77
-0.390 -0.055 -0.089 134 148 77
-0.389 -0.055 -0.090 142 164 81
-0.387 -0.054 -0.091 117 127 74
-0.385 -0.054 -0.092 155 133 71
-0.383 -0.054 -0.093 194 150 71
-0.381 -0.054 -0.094 180 144 69
-0.380 -0.053 -0.095 151 151 72
-0.378 -0.053 -0.096 153 146 67
-0.377 -0.052 -0.097 149 146 71
-0.375 -0.052 -0.098 140 164 92
-0.373 -0.052 -0.098 167 148 129
-0.371 -0.053 -0.099 216 224 178
-0.369 -0.052 -0.100 216 188 177
-0.367 -0.053 -0.100 245 215 184
-0.365 -0.053 -0.101 242 232 202
-0.362 -0.054 -0.100 218 233 182
-0.361 -0.053 -0.102 200 206 156
-0.360 -0.052 -0.103 160 173 137
-0.358 -0.052 -0.104 128 153 113
-0.359 -0.049 -0.107 102 125 92
-0.360 -0.047 -0.110 93 122 90
-0.360 -0.045 -0.113 133 134 110
-0.398 -0.055 -0.083 126 101 108
-0.395 -0.056 -0.083 80 96 63
-0.393 -0.056 -0.084 69 92 56
-0.392 -0.055 -0.085 145 102 63
-0.390 -0.055 -0.086 190 125 65
-0.388 -0.055 -0.087 132 135 70
-0.386 -0.055 -0.088 96 119 71
-0.384 -0.055 -0.088 148 127 79
-0.383 -0.054 -0.089 178 139 72
-0.381 -0.054 -0.090 156 162 70
-0.380 -0.053 -0.092 180 156 71
-0.378 -0.053 -0.092 158 140 72
-0.377 -0.053 -0.094 149 152 70
-0.376 -0.052 -0.095 145 161 85
-0.375 -0.051 -0.097 138 152 114
-0.373 -0.051 -0.097 208 226 171
-0.371 -0.051 -0.098 218 173 182
-0.369 -0.050 -0.099 220 192 192
-0.367 -0.051 -0.099 254 239 171
-0.364 -0.051 -0.100 255 218 189
-0.362 -0.052 -0.100 199 223 208
-0.360 -0.051 -0.101 163 187 141
-0.359 -0.051 -0.102 133 155 118
-0.358 -0.050 -0.103 105 133 101
-0.359 -0.048 -0.106 95 119 90
-0.359 -0.046 -0.109 100 122 96
-0.397 -0.055 -0.080 138 124 112
-0.395 -0.056 -0.080 83 89 59
-0.393 -0.056 -0.081 64 91 56
-0.391 -0.056 -0.082 68 94 59
-0.389 -0.055 -0.082 187 111 70
-0.387 -0.055 -0.083 206 127 67
-0.386 -0.055 -0.085 119 113 73
-0.384 -0.055 -0.085 87 118 70
-0.382 -0.055 -0.086 112 131 75
-0.380 -0.054 -0.087 167 134 78
-0.379 -0.054 -0.088 143 158 79
-0.377 -0.054 -0.089 140 169 77
-0.376 -0.053 -0.090 162 168 83
-0.375 -0.052 -0.091 147 160 84
-0.374 -0.051 -0.093 118 158 99
-0.373 -0.050 -0.095 194 209 151
-0.372 -0.049 -0.096 223 207 171
-0.371 -0.049 -0.098 218 168 130
-0.369 -0.049 -0.098 233 188 181
-0.367 -0.049 -0.099 254 181 178
-0.365 -0.049 -0.100 242 242 207
-0.363 -0.049 -0.100 189 193 154
-0.361 -0.049 -0.101 140 159 118
-0.360 -0.048 -0.102 108 134 102
-0.359 -0.048 -0.103 92 119 91
-0.359 -0.046 -0.106 93 117 95
-0.360 -0.043 -0.109 114 124 103
-0.397 -0.056 -0.076 149 152 119
-0.395 -0.055 -0.077 90 92 63
-0.392 -0.056 -0.078 64 91 58
-0.391 -0.055 -0.079 64 91 59
-0.389 -0.055 -0.079 65 92 59
-0.387 -0.055 -0.080 106 90 55
-0.386 -0.054 -0.082 113 88 57
-0.384 -0.054 -0.082 86 100 62
-0.382 -0.054 -0.083 81 113 70
-0.381 -0.054 -0.084 92 122 71
-0.379 -0.054 -0.085 121 140 72
-0.378 -0.053 -0.086 122 145 81
-0.376 -0.053 -0.087 125 151 84
-0.375 -0.052 -0.088 139 154 77
-0.373 -0.052 -0.090 139 154 89
-0.373 -0.051 -0.091 171 157 122
-0.372 -0.050 -0.093 197 216 179
-0.371 -0.049 -0.094 235 126 117
-0.370 -0.048 -0.096 243 179 126
-0.369 -0.048 -0.097 239 194 171
-0.367 -0.047 -0.098 252 245 205
-0.365 -0.047 -0.099 200 204 187
-0.363 -0.047 -0.099 152 168 130
-0.363 -0.046 -0.101 118 140 112
-0.361 -0.045 -0.102 93 118 90
-0.360 -0.045 -0.104 88 121 91
-0.359 -0.044 -0.105 102 122 94
-0.361 -0.041 -0.109 126 135 109
-0.396 -0.056 -0.073 159 169 125
-0.395 -0.055 -0.074 95 91 69
-0.393 -0.055 -0.075 68 88 55
-0.391 -0.055 -0.076 64 90 57
-0.389 -0.055 -0.077 64 92 59
-0.387 -0.055 -0.078 66 94 74
-0.386 -0.054 -0.078 56 96 91
-0.384 -0.054 -0.080 63 95 67
-0.383 -0.054 -0.081 68 101 64
-0.381 -0.053 -0.081 74 107 69
-0.379 -0.054 -0.082 85 114 75
-0.377 -0.053 -0.083 95 125 79
-0.376 -0.052 -0.084 107 138 85
-0.374 -0.052 -0.085 117 144 91
-0.373 -0.052 -0.086 123 153 93
-0.372 -0.051 -0.088 139 152 95
-0.371 -0.050 -0.089 204 176 129
-0.370 -0.049 -0.091 202 169 169
-0.370 -0.048 -0.093 233 130 133
-0.369 -0.047 -0.094 228 208 175
-0.368 -0.046 -0.096 247 252 227
-0.366 -0.046 -0.097 202 231 198
-0.366 -0.045 -0.098 154 169 129
-0.364 -0.044 -0.100 131 146 113
-0.363 -0.044 -0.101 107 130 102
-0.362 -0.043 -0.102 106 121 91
-0.362 -0.041 -0.105 104 119 91
-0.361 -0.041 -0.106 125 124 98
-0.363 -0.037 -0.110 143 141 117
-0.394 -0.056 -0.071 102 91 83
-0.393 -0.055 -0.072 68 88 57
-0.391 -0.054 -0.073 66 91 57
-0.389 -0.055 -0.074 62 94 58
-0.388 -0.054 -0.075 63 94 67
-0.386 -0.054 -0.076 138 153 104
-0.384 -0.054 -0.077 156 164 140
-0.383 -0.053 -0.078 172 159 100
-0.381 -0.053 -0.079 93 94 84
-0.380 -0.053 -0.080 69 100 62
-0.377 -0.053 -0.080 77 106 69
-0.376 -0.052 -0.081 85 115 76
-0.375 -0.052 -0.083 94 123 83
-0.373 -0.051 -0.083 102 134 85
-0.372 -0.051 -0.085 110 142 90
-0.371 -0.050 -0.086 153 161 95
-0.370 -0.049 -0.087 156 194 127
-0.369 -0.048 -0.089 202 208 182
-0.369 -0.047 -0.091 253 212 163
-0.368 -0.046 -0.093 255 197 176
-0.367 -0.045 -0.094 214 244 200
-0.366 -0.045 -0.095 154 169 134
-0.365 -0.044 -0.097 126 152 120
-0.364 -0.043 -0.098 112 139 112
-0.363 -0.042 -0.100 106 115 102
-0.363 -0.040 -0.102 104 116 99
-0.363 -0.039 -0.105 172 114 94
-0.363 -0.037 -0.107 181 151 113
-0.365 -0.033 -0.111 172 148 122
-0.394 -0.055 -0.068 116 96 100
-0.392 -0.055 -0.069 71 88 57
-0.391 -0.054 -0.070 63 90 56
-0.390 -0.054 -0.071 63 89 58
-0.388 -0.054 -0.072 63 94 63
-0.386 -0.053 -0.073 96 97 80
-0.385 -0.053 -0.074 169 128 97
-0.383 -0.053 -0.075 165 155 125
-0.382 -0.052 -0.076 166 175 130
-0.380 -0.052 -0.077 88 107 118
-0.378 -0.052 -0.078 68 96 61
-0.376 -0.052 -0.078 71 100 63
-0.375 -0.052 -0.080 77 105 68
-0.373 -0.051 -0.080 82 112 73
-0.372 -0.051 -0.082 89 119 78
-0.371 -0.050 -0.083 96 126 86
-0.369 -0.050 -0.084 120 138 92
-0.369 -0.049 -0.086 132 180 104
-0.368 -0.048 -0.087 208 177 130
-0.367 -0.046 -0.089 187 209 172
-0.367 -0.045 -0.091 184 200 185
-0.366 -0.044 -0.092 172 169 130
-0.365 -0.043 -0.094 141 150 116
-0.364 -0.042 -0.096 121 141 103
-0.364 -0.041 -0.098 100 126 93
-0.363 -0.040 -0.099 103 121 94
-0.364 -0.038 -0.102 135 111 89
-0.365 -0.035 -0.106 192 169 108
-0.364 -0.034 -0.107 210 140 113
-0.367 -0.030 -0.112 201 159 123
-0.395 -0.055 -0.065 128 109 107
-0.393 -0.054 -0.066 77 90 54
-0.391 -0.054 -0.067 63 92 56
-0.390 -0.054 -0.068 63 91 56
-0.389 -0.053 -0.070 65 92 59
-0.386 -0.053 -0.070 97 92 80
-0.385 -0.053 -0.071 131 122 120
-0.383 -0.052 -0.072 165 188 147
-0.382 -0.052 -0.073 154 149 125
-0.380 -0.052 -0.074 115 131 123
-0.378 -0.052 -0.075 113 125 89
-0.377 -0.051 -0.076 76 92 60
-0.375 -0.052 -0.077 65 96 60
-0.373 -0.051 -0.078 70 100 62
-0.372 -0.051 -0.079 76 106 66
-0.370 -0.050 -0.080 83 110 73
-0.369 -0.050 -0.081 88 119 82
-0.368 -0.049 -0.082 106 129 89
-0.368 -0.048 -0.084 122 142 101
-0.367 -0.047 -0.086 152 163 116
-0.367 -0.045 -0.088 158 187 125
-0.366 -0.044 -0.090 144 175 130
-0.366 -0.043 -0.091 131 155 119
-0.365 -0.042 -0.093 122 137 105
-0.364 -0.041 -0.095 104 128 95
-0.364 -0.039 -0.097 101 132 86
-0.364 -0.038 -0.099 118 104 88
-0.365 -0.035 -0.102 198 126 93
-0.367 -0.032 -0.106 172 126 105
-0.367 -0.030 -0.109 204 154 116
-0.394 -0.055 -0.062 137 138 118
-0.393 -0.054 -0.063 82 89 57
-0.391 -0.054 -0.064 65 91 56
-0.390 -0.054 -0.065 65 92 55
-0.388 -0.053 -0.067 65 92 59
-0.387 -0.053 -0.067 81 95 69
-0.385 -0.053 -0.068 95 135 100
-0.384 -0.052 -0.070 135 165 134
-0.382 -0.052 -0.070 153 136 143
-0.380 -0.052 -0.071 112 136 121
-0.378 -0.051 -0.072 142 157 108
-0.377 -0.051 -0.073 92 124 122
-0.375 -0.051 -0.074 69 94 59
-0.373 -0.051 -0.075 64 96 60
-0.372 -0.051 -0.076 66 98 62
-0.370 -0.050 -0.077 71 101 66
-0.369 -0.050 -0.078 74 106 73
-0.367 -0.049 -0.079 82 112 79
-0.366 -0.049 -0.080 97 122 82
-0.365 -0.048 -0.082 109 137 96
-0.365 -0.047 -0.083 132 143 114
-0.365 -0.045 -0.086 129 142 112
-0.364 -0.044 -0.087 120 143 110
-0.364 -0.042 -0.090 107 129 97
-0.364 -0.041 -0.092 97 123 92
-0.364 -0.039 -0.094 102 113 87
-0.364 -0.037 -0.096 104 98 83
-0.365 -0.035 -0.099 124 116 92
-0.366 -0.032 -0.103 182 152 114
-0.370 -0.027 -0.108 187 163 129
-0.393 -0.055 -0.059 153 163 126
-0.392 -0.055 -0.060 96 89 67
-0.391 -0.054 -0.061 67 89 57
-0.389 -0.053 -0.062 63 91 58
-0.388 -0.053 -0.064 65 91 59
-0.386 -0.053 -0.064 68 97 63
-0.385 -0.053 -0.065 91 134 85
-0.383 -0.052 -0.067 138 183 119
-0.382 -0.052 -0.067 146 151 104
-0.380 -0.052 -0.068 119 162 114
-0.379 -0.051 -0.070 136 126 100
-0.377 -0.051 -0.070 110 155 125
-0.375 -0.051 -0.071 79 98 64
-0.374 -0.050 -0.072 66 94 65
-0.371 -0.051 -0.073 69 97 63
-0.370 -0.050 -0.074 67 101 66
-0.368 -0.050 -0.075 72 101 67
-0.367 -0.049 -0.076 85 106 71
-0.366 -0.049 -0.077 85 114 79
-0.364 -0.048 -0.078 98 120 87
-0.365 -0.047 -0.080 112 128 96
-0.363 -0.046 -0.081 114 136 101
-0.363 -0.045 -0.083 106 126 104
-0.364 -0.043 -0.086 96 122 94
-0.364 -0.040 -0.089 92 117 83
-0.364 -0.039 -0.091 103 106 84
-0.364 -0.037 -0.093 103 95 91
-0.365 -0.035 -0.096 119 107 86
-0.366 -0.032 -0.099 179 130 107
-0.369 -0.028 -0.104 221 194 155
-0.373 -0.023 -0.110 191 187 173
-0.391 -0.055 -0.056 95 114 104
-0.389 -0.055 -0.058 71 103 67
-0.388 -0.054 -0.059 63 92 58
-0.387 -0.054 -0.060 64 92 60
-0.386 -0.053 -0.061 65 97 63
-0.385 -0.052 -0.062 87 127 84
-0.383 -0.052 -0.063 162 137 116
-0.381 -0.052 -0.064 138 182 141
-0.380 -0.051 -0.065 124 152 96
-0.379 -0.051 -0.067 117 106 105
-0.377 -0.050 -0.068 111 141 126
-0.376 -0.050 -0.069 84 112 74
-0.374 -0.050 -0.070 107 104 81
-0.372 -0.050 -0.070 117 126 86
-0.370 -0.050 -0.071 79 100 84
-0.368 -0.050 -0.072 70 101 77
-0.367 -0.049 -0.073 78 105 71
-0.365 -0.049 -0.074 91 106 75
-0.364 -0.048 -0.075 95 117 82
-0.363 -0.048 -0.076 100 128 90
-0.362 -0.047 -0.078 103 132 100
-0.362 -0.045 -0.080 106 129 99
-0.362 -0.044 -0.082 95 120 88
-0.363 -0.041 -0.085 90 116 85
-0.364 -0.038 -0.088 85 117 84
-0.364 -0.037 -0.090 97 123 97
-0.365 -0.035 -0.093 104 99 85
-0.366 -0.032 -0.096 139 129 100
-0.367 -0.030 -0.099 208 180 134
-0.371 -0.025 -0.105 240 202 159
-0.391 -0.055 -0.053 115 111 101
-0.389 -0.055 -0.055 71 93 57
-0.388 -0.054 -0.056 62 95 60
-0.386 -0.054 -0.057 63 92 60
-0.385 -0.053 -0.058 61 94 62
-0.384 -0.053 -0.059 96 98 86
-0.382 -0.053 -0.060 149 124 122
-0.381 -0.052 -0.061 156 159 140
-0.380 -0.051 -0.062 141 151 124
-0.378 -0.051 -0.064 117 117 121
-0.377 -0.050 -0.065 163 159 116
-0.376 -0.050 -0.066 97 96 95
-0.374 -0.050 -0.067 109 117 90
-0.372 -0.050 -0.067 107 103 113
-0.370 -0.049 -0.068 111 136 105
-0.368 -0.050 -0.069 105 136 119
-0.367 -0.049 -0.070 120 106 102
-0.365 -0.049 -0.071 94 115 80
-0.364 -0.048 -0.072 92 117 89
-0.363 -0.048 -0.073 96 124 87
-0.362 -0.047 -0.074 105 124 92
-0.361 -0.047 -0.076 106 126 89
-0.361 -0.044 -0.078 99 121 85
-0.362 -0.042 -0.081 87 115 85
-0.364 -0.039 -0.085 80 114 83
-0.365 -0.037 -0.088 92 118 83
-0.365 -0.035 -0.090 102 109 90
-0.366 -0.032 -0.093 152 105 89
-0.367 -0.030 -0.096 215 157 117
-0.368 -0.026 -0.100 204 174 162
-0.373 -0.021 -0.106 225 200 167
-0.391 -0.054 -0.051 134 130 114
-0.389 -0.055 -0.052 82 90 64
-0.388 -0.054 -0.053 62 90 60
-0.387 -0.053 -0.054 64 93 60
-0.385 -0.053 -0.055 63 91 61
-0.384 -0.052 -0.057 90 94 78
-0.383 -0.052 -0.057 121 123 120
-0.381 -0.052 -0.058 165 181 142
-0.380 -0.051 -0.059 168 146 113
-0.378 -0.051 -0.061 120 148 116
-0.377 -0.050 -0.062 151 153 98
-0.375 -0.050 -0.063 110 107 109
-0.374 -0.050 -0.064 74 96 76
-0.372 -0.050 -0.064 95 138 111
-0.370 -0.050 -0.065 87 133 94
-0.368 -0.050 -0.066 92 130 93
-0.367 -0.049 -0.067 95 130 87
-0.365 -0.049 -0.068 108 124 101
-0.364 -0.049 -0.069 118 153 96
-0.362 -0.048 -0.070 102 141 116
-0.362 -0.047 -0.072 97 121 90
-0.360 -0.047 -0.073 97 122 89
-0.360 -0.045 -0.075 96 119 89
-0.360 -0.043 -0.077 89 117 87
-0.361 -0.041 -0.080 85 109 81
-0.364 -0.037 -0.084 91 109 87
-0.365 -0.034 -0.087 97 115 96
-0.366 -0.032 -0.090 135 115 99
-0.367 -0.029 -0.093 212 166 123
-0.368 -0.026 -0.097 241 200 167
-0.370 -0.023 -0.100 234 187 157
-0.374 -0.018 -0.106 202 181 161
-0.390 -0.053 -0.050 116 115 97
-0.389 -0.053 -0.051 81 95 71
-0.387 -0.053 -0.052 74 94 60
-0.386 -0.052 -0.053 64 91 60
-0.384 -0.052 -0.054 61 93 64
-0.383 -0.052 -0.055 109 109 89
-0.381 -0.051 -0.056 112 158 123
-0.380 -0.051 -0.057 120 124 125
-0.378 -0.051 -0.058 110 115 78
-0.377 -0.050 -0.059 143 137 72
-0.376 -0.049 -0.060 133 136 94
-0.374 -0.049 -0.061 80 93 61
-0.372 -0.049 -0.062 61 97 73
-0.370 -0.049 -0.062 84 129 95
-0.368 -0.049 -0.063 125 126 91
-0.366 -0.049 -0.064 83 120 100
-0.365 -0.049 -0.065 113 103 73
-0.364 -0.049 -0.066 135 121 86
-0.362 -0.048 -0.067 137 163 112
-0.361 -0.047 -0.068 108 152 128
-0.360 -0.046 -0.070 94 117 84
-0.360 -0.045 -0.072 88 115 83
-0.361 -0.043 -0.074 85 115 82
-0.361 -0.041 -0.077 86 115 80
-0.365 -0.036 -0.082 95 110 88
-0.367 -0.033 -0.086 96 117 105
-0.368 -0.030 -0.088 128 132 117
-0.369 -0.027 -0.092 206 181 134
-0.371 -0.024 -0.096 236 185 159
-0.373 -0.020 -0.100 240 201 175
-0.377 -0.015 -0.105 240 194 157
-0.390 -0.052 -0.049 117 80 71
-0.388 -0.052 -0.050 77 82 63
-0.387 -0.051 -0.050 74 91 63
-0.385 -0.051 -0.051 73 97 69
-0.383 -0.051 -0.052 73 93 63
-0.382 -0.051 -0.053 79 92 65
-0.380 -0.050 -0.054 78 116 86
-0.379 -0.050 -0.055 77 112 90
-0.377 -0.050 -0.056 69 96 63
-0.376 -0.049 -0.057 91 110 74
-0.374 -0.049 -0.059 77 99 82
-0.373 -0.049 -0.059 68 98 60
-0.371 -0.049 -0.060 65 95 65
-0.368 -0.049 -0.060 72 98 66
-0.367 -0.049 -0.061 98 124 77
-0.365 -0.049 -0.062 109 137 93
-0.363 -0.048 -0.063 123 134 95
-0.362 -0.048 -0.064 140 143 99
-0.361 -0.048 -0.065 144 157 112
-0.359 -0.047 -0.066 103 120 98
-0.359 -0.046 -0.068 87 118 91
-0.359 -0.044 -0.070 90 115 82
-0.359 -0.042 -0.073 84 109 77
-0.360 -0.040 -0.075 87 120 82
-0.364 -0.035 -0.080 188 171 103
-0.368 -0.030 -0.086 168 145 126
-0.369 -0.027 -0.089 208 188 166
-0.371 -0.024 -0.093 234 178 158
-0.373 -0.020 -0.096 243 186 158
-0.375 -0.017 -0.100 221 191 161
-0.390 -0.050 -0.048 112 79 69
-0.388 -0.051 -0.048 77 81 60
-0.386 -0.050 -0.049 76 81 58
-0.385 -0.050 -0.050 72 84 61
-0.382 -0.050 -0.051 71 84 65
-0.381 -0.049 -0.052 80 98 64
-0.379 -0.050 -0.053 73 90 61
-0.377 -0.049 -0.054 64 95 58
-0.376 -0.049 -0.054 64 93 59
-0.374 -0.049 -0.056 61 97 61
-0.373 -0.048 -0.057 63 96 63
-0.371 -0.048 -0.058 64 95 59
-0.369 -0.048 -0.058 65 96 61
-0.368 -0.048 -0.059 65 98 63
-0.366 -0.048 -0.060 73 103 64
-0.364 -0.048 -0.061 86 99 72
-0.363 -0.047 -0.062 99 123 97
-0.361 -0.047 -0.063 102 139 115
-0.360 -0.046 -0.064 103 117 92
-0.359 -0.046 -0.065 93 115 81
-0.358 -0.045 -0.067 85 115 85
-0.358 -0.043 -0.069 86 113 80
-0.359 -0.041 -0.071 82 116 80
-0.359 -0.039 -0.074 192 141 90
-0.363 -0.034 -0.079 232 175 131
-0.368 -0.028 -0.085 221 182 162
-0.370 -0.025 -0.089 230 188 161
-0.372 -0.021 -0.093 238 178 145
-0.374 -0.017 -0.096 228 183 147
-0.376 -0.013 -0.101 188 174 144
-0.389 -0.049 -0.047 111 80 67
-0.387 -0.049 -0.047 78 84 60
-0.385 -0.049 -0.048 77 81 59
-0.384 -0.049 -0.049 74 82 60
-0.382 -0.049 -0.050 89 81 62
-0.380 -0.049 -0.050 76 94 68
-0.378 -0.049 -0.051 85 81 70
-0.376 -0.048 -0.052 78 100 60
-0.375 -0.048 -0.053 71 93 60
-0.374 -0.048 -0.054 65 96 59
-0.372 -0.047 -0.055 62 95 62
-0.371 -0.047 -0.056 65 96 60
-0.368 -0.047 -0.057 66 97 62
-0.367 -0.047 -0.058 67 100 65
-0.365 -0.047 -0.059 70 102 67
-0.364 -0.046 -0.060 70 104 70
-0.363 -0.046 -0.061 82 105 74
-0.362 -0.045 -0.062 84 113 76
-0.360 -0.045 -0.063 86 113 81
-0.359 -0.044 -0.065 85 113 80
-0.359 -0.043 -0.066 82 112 81
-0.359 -0.041 -0.069 81 112 77
-0.359 -0.039 -0.071 166 126 86
-0.360 -0.036 -0.074 235 196 127
-0.364 -0.031 -0.079 232 186 159
-0.369 -0.025 -0.085 234 184 171
-0.371 -0.022 -0.089 235 182 156
-0.374 -0.017 -0.093 227 168 147
-0.375 -0.014 -0.097 227 184 148
-0.378 -0.010 -0.101 167 136 120
-0.381 -0.005 -0.106 145 143 116
-0.391 -0.046 -0.046 112 78 67
-0.388 -0.047 -0.047 81 84 60
-0.386 -0.047 -0.048 78 85 59
-0.384 -0.047 -0.048 75 82 60
-0.382 -0.047 -0.049 108 100 71
-0.380 -0.047 -0.050 102 107 83
-0.378 -0.047 -0.050 96 97 72
-0.376 -0.047 -0.051 77 95 71
-0.374 -0.047 -0.052 87 77 66
-0.373 -0.047 -0.053 72 93 63
-0.371 -0.046 -0.054 68 95 62
-0.370 -0.046 -0.055 64 96 63
-0.368 -0.046 -0.056 65 100 65
-0.366 -0.046 -0.056 68 101 66
-0.365 -0.045 -0.058 73 105 70
-0.364 -0.045 -0.059 75 105 72
-0.362 -0.044 -0.060 76 108 73
-0.361 -0.044 -0.061 79 107 78
-0.360 -0.043 -0.062 86 107 76
-0.359 -0.042 -0.064 83 116 80
-0.359 -0.041 -0.066 81 111 79
-0.359 -0.039 -0.068 112 126 81
-0.360 -0.037 -0.070 226 212 109
-0.360 -0.035 -0.073 242 192 129
-0.364 -0.030 -0.078 230 191 157
-0.370 -0.023 -0.084 239 190 151
-0.372 -0.019 -0.089 247 185 145
-0.375 -0.014 -0.093 235 153 136
-0.377 -0.011 -0.097 185 134 131
-0.379 -0.007 -0.101 145 137 107
-0.383 -0.002 -0.106 157 154 120
-0.392 -0.044 -0.046 110 80 69
-0.389 -0.044 -0.047 81 84 60
-0.387 -0.044 -0.048 79 84 59
-0.385 -0.045 -0.048 77 84 58
-0.382 -0.045 -0.048 110 104 71
-0.380 -0.045 -0.049 106 110 81
-0.378 -0.045 -0.050 101 110 88
-0.376 -0.046 -0.050 75 92 85
-0.374 -0.045 -0.051 81 81 59
-0.372 -0.045 -0.052 71 91 63
-0.371 -0.045 -0.053 89 86 60
-0.369 -0.045 -0.054 73 93 65
-0.367 -0.045 -0.055 70 99 64
-0.366 -0.045 -0.055 71 101 67
-0.364 -0.044 -0.056 74 107 75
-0.363 -0.044 -0.057 73 105 74
-0.362 -0.043 -0.059 77 106 73
-0.360 -0.043 -0.060 80 107 76
-0.359 -0.042 -0.061 80 110 76
-0.359 -0.041 -0.063 78 110 77
-0.359 -0.039 -0.065 87 122 78
-0.360 -0.037 -0.068 206 191 92
-0.360 -0.035 -0.070 248 208 116
-0.361 -0.032 -0.073 240 187 144
-0.364 -0.028 -0.077 235 194 160
-0.370 -0.021 -0.084 208 185 145
-0.373 -0.016 -0.088 225 177 150
-0.376 -0.012 -0.093 174 136 143
-0.378 -0.008 -0.097 146 128 99
-0.380 -0.004 -0.101 140 146 114
-0.393 -0.041 -0.046 103 81 76
-0.391 -0.041 -0.047 80 86 57
-0.388 -0.041 -0.047 79 84 60
-0.386 -0.042 -0.048 76 84 62
-0.383 -0.043 -0.048 110 105 71
-0.381 -0.043 -0.049 111 115 82
-0.378 -0.044 -0.049 116 109 82
-0.376 -0.044 -0.049 82 92 78
-0.374 -0.044 -0.050 115 105 71
-0.372 -0.043 -0.051 106 94 70
-0.370 -0.044 -0.052 84 87 70
-0.369 -0.043 -0.053 81 93 68
-0.366 -0.044 -0.053 93 97 62
-0.365 -0.044 -0.054 82 93 72
-0.363 -0.043 -0.055 86 106 70
-0.362 -0.043 -0.056 83 107 73
-0.361 -0.042 -0.057 74 107 75
-0.360 -0.042 -0.058 75 105 73
-0.358 -0.041 -0.060 76 105 72
-0.359 -0.039 -0.062 76 110 77
-0.358 -0.038 -0.064 194 143 83
-0.360 -0.035 -0.067 248 204 107
-0.360 -0.033 -0.069 251 202 121
-0.362 -0.030 -0.072 238 187 160
-0.364 -0.026 -0.076 222 189 177
-0.370 -0.019 -0.083 229 158 122
-0.374 -0.013 -0.089 181 130 107
-0.377 -0.009 -0.093 140 126 100
-0.379 -0.005 -0.097 133 138 108
-0.383  0.000 -0.102 164 156 122
-0.394 -0.038 -0.046 108 78 63
-0.392 -0.039 -0.047 81 86 59
-0.390 -0.039 -0.047 79 85 61
-0.387 -0.039 -0.048 79 83 62
-0.384 -0.040 -0.048 109 100 68
-0.381 -0.041 -0.048 123 108 78
-0.378 -0.042 -0.048 128 108 72
-0.376 -0.042 -0.049 87 88 70
-0.374 -0.042 -0.049 133 87 68
-0.372 -0.042 -0.050 128 135 108
-0.370 -0.042 -0.051 87 106 95
-0.368 -0.042 -0.052 88 80 61
-0.366 -0.042 -0.052 82 98 69
-0.364 -0.042 -0.053 74 86 68
-0.363 -0.042 -0.054 80 95 61
-0.361 -0.042 -0.055 81 99 69
-0.360 -0.041 -0.056 76 107 75
-0.358 -0.041 -0.057 78 105 73
-0.358 -0.040 -0.058 79 110 76
-0.358 -0.038 -0.060 156 123 82
-0.357 -0.037 -0.062 238 212 111
-0.360 -0.033 -0.066 254 207 107
-0.361 -0.030 -0.069 249 198 125
-0.363 -0.027 -0.072 239 189 161
-0.364 -0.024 -0.076 172 187 171
-0.371 -0.016 -0.083 218 196 133
-0.376 -0.009 -0.089 159 134 118
-0.379 -0.005 -0.094 130 139 109
-0.382 -0.001 -0.098 138 145 116
-0.384  0.004 -0.103 201 177 142
-0.388  0.009 -0.108 243 201 165
-0.395 -0.036 -0.046 105 76 63
-0.393 -0.036 -0.047 77 88 60
-0.391 -0.036 -0.047 79 84 59
-0.389 -0.036 -0.048 79 85 62
-0.385 -0.037 -0.048 120 108 75
-0.382 -0.038 -0.048 127 105 78
-0.380 -0.039 -0.048 127 110 74
-0.377 -0.039 -0.049 87 86 67
-0.374 -0.040 -0.049 101 104 74
-0.372 -0.040 -0.049 123 104 93
-0.370 -0.040 -0.050 102 114 92
-0.368 -0.041 -0.051 103 91 69
-0.366 -0.041 -0.051 89 109 87
-0.364 -0.041 -0.052 93 77 58
-0.362 -0.041 -0.053 75 97 68
-0.360 -0.041 -0.053 79 80 63
-0.359 -0.040 -0.055 77 97 64
-0.358 -0.040 -0.055 85 117 78
-0.357 -0.039 -0.057 103 127 88
-0.357 -0.037 -0.059 220 208 105
-0.357 -0.036 -0.061 224 181 103
-0.360 -0.031 -0.066 250 208 113
-0.362 -0.028 -0.069 250 195 130
-0.363 -0.025 -0.072 243 188 151
-0.367 -0.019 -0.077 166 142 122
-0.374 -0.012 -0.084 172 181 136
-0.378 -0.006 -0.090 188 140 143
-0.381 -0.002 -0.094 150 136 118
-0.384  0.003 -0.099 160 160 125
-0.386  0.008 -0.103 210 184 166
-0.390  0.013 -0.109 245 192 167
-0.397 -0.032 -0.046 106 76 63
-0.394 -0.033 -0.046 77 85 59
-0.393 -0.033 -0.047 78 86 58
-0.390 -0.034 -0.048 77 85 63
-0.387 -0.034 -0.048 116 103 70
-0.384 -0.035 -0.048 110 105 78
-0.381 -0.036 -0.048 119 105 78
-0.378 -0.037 -0.048 85 82 70
-0.375 -0.037 -0.049 116 117 84
-0.373 -0.038 -0.049 115 102 84
-0.371 -0.038 -0.050 87 78 61
-0.368 -0.039 -0.050 107 92 68
-0.366 -0.039 -0.050 86 97 89
-0.364 -0.039 -0.051 105 101 71
-0.362 -0.039 -0.052 82 105 88
-0.360 -0.039 -0.052 103 97 74
-0.359 -0.039 -0.054 84 86 57
-0.357 -0.039 -0.054 106 105 81
-0.356 -0.038 -0.056 197 176 121
-0.357 -0.036 -0.058 202 196 110
-0.356 -0.035 -0.060 202 193 100
-0.360 -0.029 -0.065 244 209 113
-0.361 -0.027 -0.068 252 190 118
-0.363 -0.023 -0.071 207 190 142
-0.368 -0.017 -0.077 147 132 104
-0.373 -0.010 -0.083 173 144 119
-0.378 -0.004 -0.089 206 181 151
-0.382  0.001 -0.094 163 140 114
-0.385  0.006 -0.099 190 171 134
-0.388  0.011 -0.104 215 183 162
-0.390  0.016 -0.108 231 220 180
-0.399 -0.029 -0.046 106 77 64
-0.396 -0.030 -0.047 77 82 59
-0.394 -0.030 -0.047 78 82 60
-0.392 -0.030 -0.048 75 87 64
-0.389 -0.031 -0.048 116 106 73
-0.386 -0.032 -0.048 93 83 69
-0.383 -0.033 -0.048 118 114 80
-0.379 -0.034 -0.048 86 81 72
-0.377 -0.035 -0.049 117 121 86
-0.374 -0.035 -0.049 99 103 85
-0.371 -0.036 -0.049 77 80 61
-0.369 -0.036 -0.050 114 94 71
-0.366 -0.037 -0.050 85 87 71
-0.364 -0.037 -0.050 114 100 71
-0.362 -0.038 -0.051 91 113 96
-0.360 -0.038 -0.051 100 120 95
-0.358 -0.037 -0.053 86 77 60
-0.357 -0.037 -0.053 86 101 83
-0.357 -0.036 -0.055 215 168 121
-0.357 -0.034 -0.058 211 182 111
-0.357 -0.032 -0.060 229 180 101
-0.361 -0.027 -0.064 254 207 115
-0.362 -0.024 -0.067 255 190 112
-0.365 -0.020 -0.072 176 152 114
-0.372 -0.012 -0.079 152 137 108
-0.376 -0.006 -0.084 217 164 123
-0.379 -0.001 -0.089 176 155 135
-0.383  0.005 -0.094 153 149 129
-0.386  0.010 -0.099 217 195 168
-0.389  0.014 -0.104 227 198 172
-0.392  0.019 -0.108 204 221 199
-0.401 -0.026 -0.046 108 79 66
-0.398 -0.027 -0.047 80 84 57
-0.396 -0.026 -0.048 80 82 58
-0.393 -0.027 -0.048 76 85 64
-0.390 -0.028 -0.048 104 103 72
-0.388 -0.029 -0.049 85 82 68
-0.384 -0.030 -0.049 119 110 80
-0.381 -0.031 -0.048 89 84 70
-0.378 -0.032 -0.049 123 114 86
-0.376 -0.032 -0.049 98 112 94
-0.372 -0.033 -0.049 76 80 56
-0.370 -0.034 -0.049 100 86 64
-0.367 -0.035 -0.049 81 81 69
-0.364 -0.036 -0.049 119 108 79
-0.362 -0.036 -0.050 100 107 91
-0.360 -0.036 -0.051 94 118 98
-0.359 -0.036 -0.052 81 81 58
-0.357 -0.035 -0.053 80 90 70
-0.357 -0.034 -0.055 224 179 94
-0.358 -0.031 -0.058 218 181 107
-0.358 -0.030 -0.059 247 196 110
-0.362 -0.024 -0.065 255 202 111
-0.363 -0.022 -0.067 252 189 111
-0.366 -0.017 -0.072 183 143 112
-0.373 -0.009 -0.079 210 183 128
-0.376 -0.004 -0.084 197 178 129
-0.381  0.002 -0.089 154 144 112
-0.384  0.008 -0.095 151 164 147
-0.388  0.013 -0.099 202 200 202
-0.390  0.018 -0.104 237 175 170
-0.393  0.022 -0.109 199 193 188
-0.402 -0.023 -0.046 110 85 69
-0.400 -0.023 -0.047 83 87 59
-0.397 -0.024 -0.048 79 84 59
-0.395 -0.024 -0.048 79 84 67
-0.392 -0.025 -0.048 113 116 83
-0.389 -0.026 -0.048 87 81 71
-0.385 -0.027 -0.048 114 114 83
-0.382 -0.028 -0.048 88 81 62
-0.379 -0.029 -0.049 89 82 67
-0.377 -0.030 -0.049 73 81 80
-0.373 -0.031 -0.049 71 83 60
-0.370 -0.032 -0.049 105 103 81
-0.368 -0.032 -0.049 82 81 74
-0.364 -0.034 -0.049 108 103 80
-0.362 -0.034 -0.050 103 103 80
-0.360 -0.034 -0.050 84 103 91
-0.359 -0.033 -0.051 77 82 60
-0.357 -0.033 -0.052 84 92 70
-0.358 -0.031 -0.054 222 187 101
-0.359 -0.029 -0.057 217 168 109
-0.358 -0.027 -0.059 251 209 116
-0.363 -0.021 -0.065 255 196 110
-0.364 -0.019 -0.067 215 185 117
-0.367 -0.015 -0.071 222 177 129
-0.375 -0.005 -0.080 217 178 144
-0.378  0.000 -0.084 172 146 116
-0.383  0.006 -0.090 150 162 119
-0.386  0.012 -0.095 184 177 149
-0.391  0.018 -0.101 204 184 202
-0.393  0.022 -0.105 231 177 166
-0.404 -0.020 -0.046 110 85 69
-0.402 -0.020 -0.047 85 88 61
-0.399 -0.021 -0.047 81 84 62
-0.397 -0.021 -0.048 80 85 68
-0.393 -0.022 -0.048 111 106 80
-0.391 -0.023 -0.049 88 81 69
-0.387 -0.024 -0.049 104 116 82
-0.384 -0.025 -0.049 85 77 62
-0.381 -0.026 -0.049 76 79 59
-0.378 -0.027 -0.049 73 82 60
-0.375 -0.028 -0.049 71 82 65
-0.371 -0.029 -0.049 100 104 82
-0.369 -0.030 -0.049 82 80 71
-0.365 -0.031 -0.049 116 108 86
-0.363 -0.031 -0.049 116 104 79
-0.361 -0.031 -0.050 86 109 95
-0.360 -0.031 -0.051 78 81 59
-0.358 -0.031 -0.052 93 94 74
-0.360 -0.028 -0.055 230 203 111
-0.361 -0.025 -0.058 218 172 103
-0.362 -0.022 -0.061 249 213 120
-0.366 -0.017 -0.066 255 192 114
-0.367 -0.014 -0.069 238 166 121
-0.371 -0.008 -0.074 235 194 148
-0.378 -0.000 -0.081 175 148 136
-0.380  0.004 -0.085 184 179 112
-0.384  0.010 -0.090 160 173 126
-0.388  0.016 -0.096 223 202 159
-0.394  0.023 -0.102 219 190 185
-0.406 -0.017 -0.046 108 81 65
-0.403 -0.017 -0.047 83 88 61
-0.401 -0.017 -0.048 81 86 61
-0.398 -0.018 -0.048 81 84 62
-0.395 -0.019 -0.048 86 85 60
-0.392 -0.020 -0.048 79 87 68
-0.389 -0.020 -0.049 100 115 87
-0.385 -0.022 -0.048 86 79 60
-0.382 -0.023 -0.048 76 82 58
-0.379 -0.024 -0.049 73 82 60
-0.376 -0.025 -0.049 72 82 70
-0.372 -0.026 -0.049 108 118 92
-0.370 -0.027 -0.049 88 81 70
-0.366 -0.029 -0.049 113 116 89
-0.364 -0.029 -0.049 127 115 79
-0.362 -0.029 -0.050 88 98 78
-0.361 -0.028 -0.051 78 83 59
-0.359 -0.028 -0.052 111 103 75
-0.363 -0.023 -0.056 218 212 116
-0.364 -0.020 -0.059 225 182 106
-0.367 -0.016 -0.064 252 209 121
-0.370 -0.011 -0.068 240 184 117
-0.371 -0.009 -0.070 225 187 139
-0.374 -0.004 -0.075 178 144 127
-0.381  0.004 -0.082 176 137 108
-0.384  0.009 -0.087 188 176 115
-0.387  0.014 -0.091 161 167 138
-0.391  0.021 -0.097 223 206 172
-0.397  0.028 -0.104 232 157 156
-0.407 -0.013 -0.046 108 78 67
-0.405 -0.014 -0.047 82 85 60
-0.403 -0.014 -0.048 81 86 59
-0.400 -0.014 -0.048 78 86 61
-0.397 -0.016 -0.048 81 86 61
-0.394 -0.016 -0.049 82 87 68
-0.391 -0.017 -0.049 107 114 84
-0.387 -0.019 -0.049 86 80 58
-0.383 -0.020 -0.049 76 83 56
-0.381 -0.021 -0.049 74 83 60
-0.377 -0.022 -0.049 77 84 69
-0.374 -0.023 -0.049 98 119 91
-0.371 -0.024 -0.049 87 81 69
-0.368 -0.025 -0.049 100 120 92
-0.366 -0.026 -0.049 121 107 82
-0.363 -0.026 -0.050 89 89 72
-0.362 -0.025 -0.051 77 83 62
-0.361 -0.024 -0.053 137 116 76
-0.363 -0.022 -0.055 219 216 119
-0.364 -0.019 -0.058 250 209 116
-0.369 -0.012 -0.064 250 191 119
-0.370 -0.009 -0.067 231 173 122
-0.373 -0.005 -0.071 174 141 119
-0.377  0.001 -0.076 166 136 107
-0.382  0.008 -0.083 164 184 116
-0.385  0.013 -0.087 173 179 117
-0.389  0.018 -0.092 157 169 152
-0.393  0.025 -0.098 209 214 204
-0.398  0.032 -0.104 213 214 177
-0.409 -0.010 -0.047 111 79 65
-0.407 -0.010 -0.047 81 85 62
-0.404 -0.011 -0.048 79 88 58
-0.402 -0.011 -0.049 81 88 61
-0.398 -0.013 -0.048 79 84 63
-0.394 -0.014 -0.048 80 84 65
-0.391 -0.015 -0.049 87 84 63
-0.388 -0.016 -0.048 79 83 60
-0.385 -0.017 -0.048 76 82 59
-0.381 -0.018 -0.048 75 84 59
-0.378 -0.020 -0.048 81 85 66
-0.375 -0.020 -0.049 101 118 81
-0.372 -0.021 -0.049 92 85 68
-0.369 -0.023 -0.049 104 120 96
-0.367 -0.023 -0.049 113 109 78
-0.365 -0.023 -0.050 89 84 61
-0.364 -0.022 -0.051 79 84 64
-0.363 -0.021 -0.053 175 132 80
-0.365 -0.018 -0.056 240 220 121
-0.366 -0.015 -0.059 255 200 118
-0.371 -0.008 -0.065 247 166 117
-0.374 -0.004 -0.069 183 154 129
-0.376  0.000 -0.073 163 140 106
-0.379  0.005 -0.077 161 183 114
-0.386  0.014 -0.085 181 155 111
-0.388  0.017 -0.088 174 165 118
-0.391  0.023 -0.093 157 172 155
-0.395  0.029 -0.098 199 228 205
-0.411 -0.007 -0.047 109 81 66
-0.409 -0.007 -0.048 81 86 62
-0.406 -0.007 -0.048 83 84 59
-0.403 -0.008 -0.048 82 85 59
-0.399 -0.010 -0.048 77 83 61
-0.395 -0.011 -0.048 80 85 61
-0.392 -0.013 -0.048 78 84 61
-0.388 -0.014 -0.048 76 84 62
-0.385 -0.015 -0.048 76 83 60
-0.382 -0.016 -0.048 78 82 58
-0.379 -0.017 -0.048 89 88 62
-0.376 -0.018 -0.049 99 117 83
-0.374 -0.018 -0.049 100 93 70
-0.370 -0.019 -0.049 97 117 105
-0.368 -0.020 -0.049 119 127 93
-0.366 -0.020 -0.050 94 83 59
-0.365 -0.019 -0.052 78 88 68
-0.365 -0.018 -0.053 207 155 94
-0.367 -0.014 -0.057 250 210 121
-0.368 -0.011 -0.060 242 179 112
-0.374 -0.004 -0.066 235 178 123
-0.376  0.000 -0.070 167 154 106
-0.379  0.005 -0.074 158 183 114
-0.383  0.011 -0.079 178 150 111
-0.390  0.020 -0.086 196 163 116
-0.392  0.024 -0.090 175 171 121
-0.395  0.029 -0.095 154 174 143
-0.400  0.035 -0.101 175 183 178
-0.413 -0.003 -0.047 111 85 69
-0.410 -0.003 -0.047 84 89 62
-0.407 -0.004 -0.048 82 87 61
-0.405 -0.005 -0.048 82 88 62
-0.400 -0.007 -0.048 80 87 62
-0.396 -0.009 -0.047 80 86 59
-0.392 -0.010 -0.047 77 84 61
-0.389 -0.011 -0.047 77 83 61
-0.385 -0.013 -0.047 75 82 59
-0.383 -0.014 -0.048 76 84 58
-0.379 -0.015 -0.048 97 93 64
-0.377 -0.015 -0.048 97 113 86
-0.374 -0.016 -0.048 108 97 73
-0.371 -0.017 -0.049 97 116 106
-0.369 -0.017 -0.049 117 127 96
-0.368 -0.016 -0.051 93 80 57
-0.367 -0.016 -0.052 81 87 68
-0.366 -0.014 -0.054 221 166 94
-0.369 -0.010 -0.057 249 184 109
-0.371 -0.006 -0.061 242 172 109
-0.377  0.001 -0.067 222 194 118
-0.381  0.007 -0.072 183 146 106
-0.386  0.014 -0.078 209 175 114
-0.389  0.018 -0.082 183 180 117
-0.395  0.026 -0.089 192 161 112
-0.398  0.032 -0.094 172 169 123
-0.399  0.035 -0.097 185 176 132
-0.402  0.040 -0.102 209 183 151
-0.415  0.001 -0.047 111 85 69
-0.413  0.001 -0.048 86 91 62
-0.409 -0.001 -0.048 83 86 60
-0.407 -0.001 -0.049 81 86 61
-0.403 -0.002 -0.049 80 85 60
-0.398 -0.005 -0.047 79 86 59
-0.394 -0.007 -0.047 77 83 58
-0.390 -0.009 -0.047 78 84 60
-0.387 -0.010 -0.047 79 82 57
-0.383 -0.011 -0.047 76 86 61
-0.380 -0.012 -0.047 105 93 66
-0.378 -0.013 -0.048 98 119 87
-0.375 -0.013 -0.048 111 98 72
-0.373 -0.013 -0.049 93 110 98
-0.370 -0.014 -0.049 107 114 91
-0.369 -0.014 -0.050 90 81 59
-0.368 -0.013 -0.052 86 89 71
-0.369 -0.011 -0.054 223 160 93
-0.371 -0.007 -0.058 243 167 109
-0.373 -0.003 -0.061 200 188 123
-0.379  0.005 -0.068 172 143 104
-0.390  0.017 -0.077 153 143 106
-0.396  0.026 -0.084 207 158 110
-0.399  0.030 -0.089 181 175 117
-0.401  0.034 -0.092 176 178 119
-0.402  0.037 -0.095 161 161 122
-0.403  0.041 -0.099 187 167 138
-0.417  0.004 -0.047 108 82 65
-0.415  0.004 -0.048 82 89 61
-0.412  0.003 -0.048 85 86 59
-0.410  0.004 -0.049 84 88 61
-0.405  0.001 -0.049 83 86 59
-0.400 -0.002 -0.048 80 85 58
-0.395 -0.004 -0.047 78 84 60
-0.391 -0.006 -0.047 76 84 60
-0.388 -0.007 -0.047 78 84 59
-0.384 -0.008 -0.047 78 84 60
-0.381 -0.009 -0.047 116 97 70
-0.379 -0.010 -0.048 91 102 86
-0.376 -0.010 -0.048 113 98 69
-0.374 -0.011 -0.049 101 108 86
-0.372 -0.011 -0.049 97 108 90
-0.370 -0.011 -0.050 84 83 60
-0.370 -0.009 -0.052 89 92 75
-0.370 -0.007 -0.054 223 161 104
-0.373 -0.003 -0.058 236 178 123
-0.376  0.002 -0.062 195 142 106
-0.382  0.010 -0.069 153 159 111
-0.397  0.026 -0.081 167 141 107
-0.400  0.031 -0.086 206 149 113
-0.403  0.036 -0.090 172 150 114
-0.405  0.040 -0.094 187 174 121
-0.406  0.044 -0.098 162 154 123
-0.418  0.008 -0.047 107 85 66
-0.416  0.008 -0.048 83 88 60
-0.413  0.007 -0.048 85 87 60
-0.412  0.007 -0.050 84 86 59
-0.407  0.005 -0.049 81 86 60
-0.401  0.002 -0.048 80 87 59
-0.397 -0.001 -0.047 80 86 59
-0.393 -0.002 -0.047 79 83 60
-0.390 -0.003 -0.047 78 84 59
-0.386 -0.005 -0.047 77 83 56
-0.383 -0.006 -0.047 90 88 61
-0.380 -0.007 -0.047 78 88 68
-0.378 -0.007 -0.048 112 109 77
-0.375 -0.008 -0.049 107 107 86
-0.373 -0.008 -0.049 91 113 93
-0.372 -0.007 -0.050 80 84 63
-0.372 -0.006 -0.052 109 95 84
-0.373 -0.003 -0.055 228 178 123
-0.377  0.003 -0.060 227 178 117
-0.391  0.019 -0.072 173 181 107
-0.396  0.026 -0.078 137 147 107
-0.400  0.032 -0.083 184 174 115
-0.403  0.037 -0.087 209 151 114
-0.407  0.043 -0.092 202 170 117
-0.407  0.045 -0.095 170 152 123
-0.409  0.049 -0.099 148 155 139
-0.421  0.011 -0.047 108 85 67
-0.419  0.011 -0.048 83 88 61
-0.415  0.010 -0.048 84 88 62
-0.414  0.011 -0.050 84 87 62
-0.409  0.009 -0.049 83 88 62
-0.403  0.005 -0.048 82 87 60
-0.399  0.003 -0.047 80 85 60
-0.395  0.002 -0.047 79 84 60
-0.391  0.000 -0.047 77 83 60
-0.387 -0.002 -0.047 76 85 59
-0.384 -0.003 -0.047 77 84 59
-0.382 -0.003 -0.048 77 82 63
-0.379 -0.004 -0.048 107 102 76
-0.377 -0.004 -0.049 93 102 81
-0.375 -0.004 -0.050 77 95 84
-0.373 -0.004 -0.051 81 87 61
-0.374 -0.002 -0.053 125 107 88
-0.375  0.002 -0.056 202 189 135
-0.379  0.007 -0.061 200 178 103
-0.394  0.023 -0.073 206 157 100
-0.399  0.030 -0.079 152 140 108
-0.402  0.035 -0.083 196 178 117
-0.405  0.041 -0.088 211 148 114
-0.409  0.046 -0.092 178 142 120
-0.408  0.048 -0.095 172 153 143
-0.410  0.052 -0.099 195 212 182
-0.412  0.057 -0.103 235 229 193
-0.423  0.015 -0.047 110 85 69
-0.421  0.015 -0.048 85 89 64
-0.417  0.014 -0.049 84 89 62
-0.415  0.014 -0.050 84 87 62
-0.411  0.012 -0.049 83 84 60
-0.405  0.009 -0.048 82 87 61
-0.400  0.006 -0.047 81 86 60
-0.396  0.005 -0.047 78 84 60
-0.393  0.003 -0.047 77 88 61
-0.389  0.001 -0.047 77 87 64
-0.386  0.000 -0.047 92 100 75
-0.383 -0.000 -0.048 82 83 65
-0.381 -0.000 -0.048 85 86 67
-0.379 -0.001 -0.049 80 87 63
-0.377 -0.001 -0.050 77 86 62
-0.376  0.000 -0.052 80 87 65
-0.376  0.003 -0.054 164 117 90
-0.378  0.006 -0.057 161 141 124
-0.381  0.011 -0.061 202 179 103
-0.395  0.027 -0.073 216 168 104
-0.400  0.033 -0.078 156 144 105
-0.403  0.038 -0.083 202 163 114
-0.406  0.043 -0.087 193 148 120
-0.409  0.049 -0.092 175 152 141
-0.411  0.053 -0.096 202 213 188
-0.413  0.058 -0.100 213 217 193
-0.414  0.061 -0.103 235 224 182
-0.425  0.019 -0.048 110 88 70
-0.422  0.019 -0.048 86 91 65
-0.419  0.018 -0.049 84 89 61
-0.417  0.018 -0.050 82 87 62
-0.412  0.016 -0.049 81 86 61
-0.406  0.012 -0.048 79 86 62
-0.402  0.010 -0.047 80 85 61
-0.398  0.008 -0.047 79 84 61
-0.394  0.006 -0.047 77 85 63
-0.390  0.005 -0.047 88 90 72
-0.387  0.004 -0.047 122 135 105
-0.385  0.004 -0.048 93 99 85
-0.382  0.003 -0.048 93 111 86
-0.380  0.003 -0.049 80 87 72
-0.379  0.003 -0.050 76 86 64
-0.378  0.004 -0.052 79 87 68
-0.379  0.007 -0.054 133 115 89
-0.381  0.011 -0.058 132 129 102
-0.384  0.016 -0.062 188 184 103
-0.396  0.030 -0.073 195 197 113
-0.401  0.036 -0.078 153 141 111
-0.403  0.041 -0.082 206 176 113
-0.406  0.046 -0.086 186 179 131
-0.409  0.051 -0.091 205 215 180
-0.413  0.057 -0.096 224 198 185
-0.426  0.022 -0.047 107 86 68
-0.424  0.022 -0.048 86 91 66
-0.420  0.021 -0.048 86 90 64
-0.418  0.021 -0.049 83 90 66
-0.414  0.019 -0.049 83 86 61
-0.408  0.016 -0.048 81 87 64
-0.404  0.014 -0.048 80 86 62
-0.400  0.012 -0.048 77 84 61
-0.396  0.010 -0.047 78 84 60
-0.392  0.008 -0.047 84 91 72
-0.389  0.008 -0.048 112 126 105
-0.387  0.007 -0.048 89 98 100
-0.384  0.007 -0.049 119 143 112
-0.383  0.007 -0.050 124 133 99
-0.381  0.007 -0.051 91 85 65
-0.380  0.008 -0.052 79 88 77
-0.381  0.011 -0.055 108 122 102
-0.383  0.015 -0.058 132 136 101
-0.385  0.019 -0.062 198 174 106
-0.397  0.032 -0.072 213 180 110
-0.401  0.039 -0.077 180 139 108
-0.404  0.044 -0.081 192 172 121
-0.406  0.048 -0.085 210 199 159
-0.410  0.054 -0.090 227 204 183
-0.428  0.026 -0.047 106 86 68
-0.425  0.026 -0.048 89 89 65
-0.423  0.025 -0.049 90 92 70
-0.421  0.025 -0.050 103 103 82
-0.415  0.022 -0.049 90 92 66
-0.410  0.019 -0.048 83 86 63
-0.406  0.017 -0.048 80 87 59
-0.401  0.015 -0.047 79 86 58
-0.398  0.014 -0.047 77 83 59
-0.394  0.012 -0.047 82 89 69
-0.391  0.011 -0.048 96 111 96
-0.388  0.010 -0.048 102 103 85
-0.386  0.010 -0.049 127 134 120
-0.384  0.010 -0.050 127 137 105
-0.383  0.011 -0.051 93 84 65
-0.382  0.012 -0.053 79 89 73
-0.382  0.014 -0.055 106 123 89
-0.385  0.018 -0.059 158 147 105
-0.387  0.022 -0.062 210 171 110
-0.396  0.033 -0.070 193 155 111
-0.400  0.040 -0.075 162 151 114
-0.403  0.045 -0.080 194 166 147
-0.406  0.051 -0.085 222 204 183
-0.429  0.029 -0.047 106 86 67
-0.427  0.029 -0.048 85 89 65
-0.424  0.028 -0.048 90 92 73
-0.421  0.028 -0.049 103 121 92
-0.416  0.025 -0.048 99 109 81
-0.412  0.023 -0.048 96 95 69
-0.407  0.021 -0.048 82 87 63
-0.403  0.018 -0.047 79 85 61
-0.399  0.017 -0.047 79 84 61
-0.395  0.015 -0.047 82 90 68
-0.392  0.014 -0.048 82 101 89
-0.389  0.013 -0.048 101 114 89
-0.388  0.013 -0.049 132 130 113
-0.386  0.014 -0.050 107 121 89
-0.384  0.014 -0.051 83 87 66
-0.384  0.016 -0.053 77 90 72
-0.384  0.018 -0.055 110 123 90
-0.386  0.022 -0.059 193 138 98
-0.388  0.026 -0.062 223 181 111
-0.395  0.035 -0.069 170 147 117
-0.399  0.041 -0.074 156 153 134
-0.402  0.046 -0.078 207 209 179
-0.431  0.033 -0.047 104 88 66
-0.429  0.032 -0.048 85 89 65
-0.425  0.031 -0.048 90 93 74
-0.422  0.031 -0.049 99 119 96
-0.418  0.028 -0.048 94 108 85
-0.413  0.026 -0.048 97 106 80
-0.409  0.024 -0.048 98 98 75
-0.404  0.022 -0.047 89 91 65
-0.400  0.020 -0.047 80 86 63
-0.396  0.018 -0.047 80 85 62
-0.394  0.018 -0.047 80 89 68
-0.391  0.017 -0.048 93 99 81
-0.389  0.017 -0.049 130 116 93
-0.387  0.017 -0.050 101 109 74
-0.387  0.018 -0.052 82 86 62
-0.386  0.020 -0.054 82 91 73
-0.387  0.022 -0.056 114 126 93
-0.389  0.027 -0.060 197 159 106
-0.390  0.030 -0.063 224 191 117
-0.395  0.037 -0.068 167 167 128
-0.399  0.043 -0.073 197 193 159
-0.402  0.048 -0.077 228 198 174
-0.432  0.036 -0.046 104 87 68
-0.430  0.036 -0.047 89 90 65
-0.427  0.035 -0.048 89 92 74
-0.424  0.034 -0.049 97 117 95
-0.419  0.032 -0.048 93 108 85
-0.415  0.030 -0.048 98 113 89
-0.410  0.027 -0.047 101 109 80
-0.406  0.026 -0.047 103 109 79
-0.402  0.024 -0.047 103 92 68
-0.398  0.022 -0.047 87 86 63
-0.396  0.021 -0.048 81 86 62
-0.393  0.021 -0.048 84 91 65
-0.392  0.022 -0.050 124 104 74
-0.390  0.022 -0.051 110 112 70
-0.390  0.023 -0.053 86 86 62
-0.390  0.026 -0.055 87 95 72
-0.390  0.027 -0.057 117 131 96
-0.391  0.030 -0.060 194 151 108
-0.393  0.035 -0.064 201 152 117
-0.396  0.040 -0.067 193 165 143
-0.399  0.045 -0.072 218 207 184
-0.435  0.040 -0.047 104 86 68
-0.432  0.040 -0.047 89 90 64
-0.428  0.038 -0.048 87 93 73
-0.426  0.038 -0.048 92 111 95
-0.421  0.035 -0.048 93 110 94
-0.417  0.034 -0.048 100 124 100
-0.412  0.031 -0.048 101 110 89
-0.408  0.030 -0.048 105 112 86
-0.404  0.028 -0.048 114 105 77
-0.401  0.026 -0.047 111 106 74
-0.398  0.026 -0.048 105 86 62
-0.396  0.025 -0.049 88 88 63
-0.394  0.026 -0.050 98 87 66
-0.393  0.027 -0.051 94 91 65
-0.392  0.028 -0.053 84 87 62
-0.392  0.030 -0.056 93 99 72
-0.392  0.032 -0.058 123 135 99
-0.393  0.035 -0.060 185 172 111
-0.395  0.039 -0.064 198 184 130
-0.398  0.044 -0.068 221 211 174
-0.436  0.043 -0.046 103 86 68
-0.433  0.043 -0.047 87 91 64
-0.430  0.042 -0.048 87 93 67
-0.427  0.041 -0.048 90 97 77
-0.423  0.040 -0.048 96 111 94
-0.420  0.038 -0.049 100 113 95
-0.415  0.036 -0.048 101 105 90
-0.411  0.034 -0.048 96 111 86
-0.407  0.032 -0.048 104 110 79
-0.403  0.031 -0.048 112 111 81
-0.401  0.030 -0.049 119 102 76
-0.398  0.030 -0.049 117 104 72
-0.397  0.030 -0.051 103 90 67
-0.395  0.031 -0.052 87 88 68
-0.395  0.032 -0.054 82 89 63
-0.394  0.034 -0.056 100 105 76
-0.394  0.036 -0.058 126 140 102
-0.395  0.039 -0.061 174 188 115
-0.397  0.043 -0.064 212 197 144
-0.400  0.048 -0.068 231 203 183
-0.437  0.047 -0.046 103 86 67
-0.434  0.046 -0.047 85 90 65
-0.431  0.045 -0.047 85 91 63
-0.428  0.044 -0.048 91 92 69
-0.425  0.043 -0.048 93 113 92
-0.421  0.042 -0.048 94 105 91
-0.417  0.040 -0.048 96 111 88
-0.413  0.038 -0.048 96 113 88
-0.409  0.037 -0.048 98 115 90
-0.406  0.035 -0.049 98 111 87
-0.403  0.034 -0.049 105 109 85
-0.401  0.034 -0.050 120 109 79
-0.399  0.035 -0.051 126 112 81
-0.398  0.036 -0.053 92 101 87
-0.397  0.037 -0.054 83 89 66
-0.396  0.038 -0.056 109 111 81
-0.397  0.041 -0.059 145 135 102
-0.397  0.043 -0.061 177 199 129
-0.400  0.048 -0.065 222 216 172
-0.439  0.051 -0.046 101 85 68
-0.436  0.050 -0.046 83 89 65
-0.433  0.049 -0.047 83 90 65
-0.430  0.048 -0.048 92 94 71
-0.426  0.047 -0.048 97 124 95
-0.423  0.046 -0.048 95 108 92
-0.419  0.044 -0.048 90 112 91
-0.415  0.042 -0.048 93 105 90
-0.411  0.041 -0.048 95 114 95
-0.408  0.039 -0.049 94 112 95
-0.405  0.038 -0.049 103 114 89
-0.403  0.038 -0.050 117 113 84
-0.401  0.039 -0.052 137 116 85
-0.400  0.040 -0.053 95 102 88
-0.399  0.041 -0.055 86 89 70
-0.399  0.043 -0.057 112 114 86
-0.399  0.045 -0.059 142 135 109
-0.400  0.048 -0.062 197 182 140
-0.402  0.053 -0.066 223 191 176
-0.440  0.054 -0.045 107 94 73
-0.437  0.053 -0.046 85 88 63
-0.434  0.052 -0.046 82 90 65
-0.431  0.051 -0.047 92 93 70
-0.427  0.050 -0.047 97 116 92
-0.424  0.049 -0.048 94 107 92
-0.420  0.047 -0.048 91 114 91
-0.417  0.046 -0.048 89 103 92
-0.413  0.045 -0.049 95 118 98
-0.410  0.044 -0.049 96 121 101
-0.407  0.042 -0.049 103 119 95
-0.405  0.042 -0.050 113 112 89
-0.404  0.044 -0.052 126 111 85
-0.403  0.044 -0.053 92 96 77
-0.401  0.045 -0.055 86 91 72
-0.401  0.047 -0.057 113 120 91
-0.401  0.050 -0.060 138 146 128
-0.402  0.052 -0.062 211 205 169
-0.438  0.056 -0.045 102 99 74
-0.434  0.055 -0.046 87 92 69
-0.432  0.054 -0.046 92 96 73
-0.428  0.053 -0.047 98 108 90
-0.425  0.052 -0.048 98 111 89
-0.422  0.051 -0.048 98 114 88
-0.418  0.050 -0.048 95 108 95
-0.415  0.048 -0.049 94 114 99
-0.412  0.047 -0.049 96 117 100
-0.409  0.047 -0.050 99 108 96
-0.407  0.047 -0.051 110 112 91
-0.405  0.047 -0.052 120 106 84
-0.404  0.048 -0.053 93 92 68
-0.403  0.049 -0.055 86 92 74
-0.403  0.051 -0.057 116 128 100
-0.403  0.054 -0.060 178 163 143
-0.405  0.057 -0.063 216 192 173
-0.435  0.057 -0.045 114 108 83
-0.432  0.057 -0.046 97 100 79
-0.428  0.055 -0.046 96 102 86
-0.425  0.055 -0.047 101 109 84
-0.423  0.054 -0.047 99 112 87
-0.419  0.053 -0.048 101 103 90
-0.416  0.051 -0.048 95 113 96
-0.413  0.051 -0.049 94 112 99
-0.410  0.050 -0.049 96 110 101
-0.408  0.050 -0.050 107 118 92
-0.407  0.051 -0.052 115 109 84
-0.406  0.052 -0.054 93 90 65
-0.405  0.054 -0.055 87 95 76
-0.404  0.055 -0.057 122 136 116
-0.405  0.058 -0.060 205 195 164
-0.431  0.058 -0.044 125 118 93
-0.429  0.058 -0.045 111 107 84
-0.426  0.057 -0.046 100 103 79
-0.423  0.056 -0.046 99 107 85
-0.420  0.056 -0.047 100 110 88
-0.417  0.054 -0.048 97 107 91
-0.414  0.054 -0.048 101 108 89
-0.411  0.053 -0.049 96 112 96
-0.409  0.053 -0.050 102 113 91
-0.408  0.054 -0.051 102 112 91
-0.407  0.055 -0.053 90 90 66
-0.406  0.057 -0.055 92 99 81
-0.405  0.058 -0.057 159 151 132
-0.406  0.061 -0.059 211 193 175
-0.426  0.059 -0.045 123 113 88
-0.423  0.059 -0.046 108 107 82
-0.420  0.058 -0.046 97 109 84
-0.417  0.057 -0.047 104 105 86
-0.414  0.056 -0.047 108 108 84
-0.412  0.056 -0.048 97 112 90
-0.410  0.056 -0.049 94 108 92
-0.409  0.057 -0.051 98 108 91
-0.407  0.058 -0.052 89 90 68
-0.406  0.059 -0.054 100 106 95
-0.406  0.061 -0.056 200 182 153
-0.407  0.064 -0.059 221 180 153
-0.423  0.061 -0.045 136 126 93
-0.421  0.061 -0.045 118 110 87
-0.418  0.060 -0.046 108 105 82
-0.415  0.059 -0.047 109 105 81
-0.412  0.059 -0.047 103 113 86
-0.410  0.059 -0.049 92 111 90
-0.409  0.059 -0.050 94 103 89
-0.408  0.061 -0.052 89 91 70
-0.407  0.062 -0.054 127 120 114
-0.408  0.065 -0.056 208 201 178
-0.417  0.062 -0.045 126 119 93
-0.415  0.061 -0.046 119 108 82
-0.413  0.062 -0.047 105 109 80
-0.410  0.061 -0.048 99 108 85
-0.410  0.062 -0.049 92 103 85
-0.408  0.063 -0.051 87 93 73
-0.409  0.068 -0.056 196 187 177
-0.415  0.064 -0.045 142 128 97
-0.413  0.064 -0.046 120 116 90
-0.411  0.064 -0.047 115 107 83
-0.410  0.065 -0.049 95 99 79
-0.409  0.066 -0.050 84 94 85
-0.411  0.068 -0.048 119 112 92
-0.411  0.070 -0.050 103 107 102

