-0.491  0.057 -0.138 226 189 125
-0.490  0.060 -0.142 228 189 111
-0.488  0.060 -0.144 222 185 105
-0.486  0.059 -0.146 223 183 107
-0.484  0.059 -0.148 224 184 106
-0.482  0.058 -0.150 224 181 102
-0.479  0.058 -0.152 219 178 100
-0.477  0.058 -0.154 218 177 100
-0.433 -0.232 -0.023 223 179 99
-0.432 -0.236 -0.023 224 181 103
-0.430 -0.238 -0.023 223 183 106
-0.429 -0.239 -0.023 224 184 107
-0.428 -0.241 -0.024 226 188 109
-0.426 -0.244 -0.023 229 189 115
-0.444 -0.227 -0.012 220 182 110
-0.443 -0.227 -0.013 221 179 98
-0.441 -0.227 -0.014 230 175 85
-0.440 -0.228 -0.015 233 174 72
-0.439 -0.229 -0.016 230 173 68
-0.438 -0.229 -0.017 231 174 68
-0.437 -0.230 -0.018 232 179 70
-0.435 -0.231 -0.019 232 176 70
-0.434 -0.232 -0.019 231 177 69
-0.433 -0.233 -0.020 230 176 70
-0.432 -0.234 -0.021 230 178 70
-0.430 -0.236 -0.021 231 178 71
-0.429 -0.238 -0.021 232 179 72
-0.428 -0.240 -0.022 233 176 71
-0.426 -0.242 -0.022 234 178 73
-0.425 -0.244 -0.022 232 176 78
-0.424 -0.245 -0.023 228 179 91
-0.423 -0.246 -0.024 224 182 104
-0.422 -0.247 -0.025 224 185 114
-0.444 -0.229 -0.007 223 182 102
-0.443 -0.228 -0.009 222 179 90
-0.442 -0.228 -0.010 228 172 69
-0.441 -0.228 -0.011 231 175 67
-0.440 -0.228 -0.013 233 174 69
-0.439 -0.229 -0.013 232 175 69
-0.438 -0.230 -0.014 231 176 69
-0.436 -0.231 -0.015 231 174 67
-0.435 -0.232 -0.016 232 177 69
-0.434 -0.232 -0.017 232 175 67
-0.433 -0.234 -0.018 233 178 67
-0.432 -0.235 -0.018 233 177 69
-0.430 -0.235 -0.019 232 178 70
-0.429 -0.237 -0.020 232 178 69
-0.428 -0.239 -0.020 233 179 69
-0.426 -0.241 -0.020 232 179 70
-0.425 -0.242 -0.021 233 179 70
-0.424 -0.244 -0.021 234 178 69
-0.423 -0.245 -0.022 233 178 69
-0.422 -0.246 -0.023 232 175 71
-0.420 -0.246 -0.024 229 175 76
-0.419 -0.247 -0.025 228 179 89
-0.418 -0.247 -0.026 225 184 106
-0.417 -0.246 -0.027 225 190 123
-0.447 -0.230 -0.001 211 141 115
-0.446 -0.230 -0.002 224 169 110
-0.445 -0.230 -0.003 225 182 105
-0.444 -0.230 -0.005 228 175 86
-0.443 -0.229 -0.006 233 178 68
-0.442 -0.229 -0.008 230 179 71
-0.441 -0.229 -0.009 232 176 70
-0.440 -0.229 -0.010 233 176 68
-0.439 -0.230 -0.011 232 176 68
-0.437 -0.231 -0.012 233 174 68
-0.436 -0.231 -0.013 232 177 70
-0.435 -0.232 -0.013 230 177 69
-0.434 -0.233 -0.014 232 177 68
-0.433 -0.233 -0.015 231 176 68
-0.431 -0.235 -0.016 231 180 69
-0.430 -0.236 -0.017 232 178 69
-0.429 -0.236 -0.018 234 175 69
-0.428 -0.238 -0.018 233 179 68
-0.426 -0.240 -0.018 232 178 67
-0.425 -0.241 -0.019 231 179 71
-0.424 -0.242 -0.020 232 179 69
-0.423 -0.244 -0.020 233 179 70
-0.422 -0.245 -0.021 232 179 68
-0.421 -0.245 -0.022 232 177 71
-0.419 -0.246 -0.023 232 176 71
-0.418 -0.246 -0.024 232 177 72
-0.417 -0.246 -0.025 229 176 74
-0.416 -0.245 -0.026 226 176 87
-0.415 -0.246 -0.028 223 181 106
-0.447 -0.230  0.001 196 125 91
-0.446 -0.231  0.000 207 142 83
-0.445 -0.230 -0.001 228 166 73
-0.444 -0.230 -0.002 233 174 71
-0.443 -0.230 -0.003 234 175 68
-0.442 -0.230 -0.005 235 179 69
-0.441 -0.229 -0.006 232 175 69
-0.440 -0.229 -0.007 232 176 70
-0.438 -0.230 -0.008 230 174 68
-0.437 -0.230 -0.009 234 178 68
-0.436 -0.232 -0.010 234 175 67
-0.435 -0.232 -0.011 234 174 68
-0.434 -0.233 -0.012 230 178 68
-0.433 -0.234 -0.013 233 176 66
-0.431 -0.235 -0.013 232 175 67
-0.430 -0.236 -0.014 231 180 69
-0.429 -0.237 -0.015 233 178 67
-0.428 -0.237 -0.016 234 177 68
-0.427 -0.239 -0.016 234 180 67
-0.425 -0.241 -0.017 233 178 68
-0.424 -0.242 -0.017 232 179 69
-0.423 -0.243 -0.018 233 179 70
-0.422 -0.244 -0.019 232 179 70
-0.421 -0.244 -0.020 232 178 69
-0.420 -0.244 -0.021 231 178 72
-0.418 -0.245 -0.022 233 177 69
-0.417 -0.245 -0.023 234 178 69
-0.416 -0.245 -0.024 231 177 71
-0.415 -0.245 -0.025 229 174 73
-0.414 -0.246 -0.026 226 173 77
-0.413 -0.245 -0.028 225 180 92
-0.412 -0.246 -0.029 225 185 112
-0.446 -0.231  0.003 201 134 70
-0.445 -0.231  0.002 220 167 71
-0.444 -0.230  0.000 231 174 69
-0.443 -0.230 -0.001 233 176 70
-0.441 -0.230 -0.002 235 173 69
-0.440 -0.231 -0.003 234 178 71
-0.439 -0.230 -0.005 232 175 68
-0.438 -0.231 -0.006 232 174 68
-0.437 -0.231 -0.006 230 173 67
-0.436 -0.231 -0.008 233 175 67
-0.435 -0.233 -0.008 234 178 67
-0.433 -0.234 -0.009 234 176 68
-0.432 -0.235 -0.010 233 177 67
-0.431 -0.235 -0.011 233 178 67
-0.430 -0.237 -0.011 233 178 68
-0.429 -0.237 -0.012 234 180 68
-0.427 -0.239 -0.013 234 178 67
-0.426 -0.240 -0.013 234 179 69
-0.425 -0.241 -0.014 234 179 68
-0.424 -0.242 -0.015 234 178 69
-0.423 -0.243 -0.016 234 179 68
-0.422 -0.244 -0.016 234 178 71
-0.420 -0.245 -0.017 233 178 70
-0.419 -0.244 -0.019 232 177 70
-0.418 -0.244 -0.020 232 178 71
-0.417 -0.244 -0.021 233 178 69
-0.416 -0.245 -0.022 235 179 70
-0.415 -0.244 -0.023 234 179 71
-0.414 -0.245 -0.024 232 178 72
-0.413 -0.245 -0.026 231 176 74
-0.412 -0.245 -0.027 230 176 72
-0.411 -0.245 -0.028 229 176 79
-0.410 -0.245 -0.029 224 182 105
-0.446 -0.231  0.005 205 157 101
-0.444 -0.231  0.004 222 163 65
-0.443 -0.231  0.003 228 173 67
-0.442 -0.231  0.002 230 171 68
-0.441 -0.231  0.000 233 178 70
-0.440 -0.231 -0.001 234 174 69
-0.439 -0.231 -0.002 233 177 73
-0.438 -0.231 -0.003 234 174 66
-0.437 -0.232 -0.004 236 176 67
-0.436 -0.233 -0.004 234 175 67
-0.434 -0.234 -0.005 234 178 67
-0.433 -0.235 -0.006 235 180 67
-0.432 -0.235 -0.007 236 177 66
-0.431 -0.237 -0.008 234 177 66
-0.430 -0.237 -0.009 234 178 67
-0.429 -0.238 -0.010 233 178 68
-0.427 -0.239 -0.010 234 179 69
-0.426 -0.240 -0.011 235 178 69
-0.425 -0.242 -0.012 235 182 69
-0.424 -0.243 -0.012 235 179 68
-0.423 -0.244 -0.013 235 179 69
-0.421 -0.244 -0.014 235 179 70
-0.420 -0.245 -0.015 234 177 71
-0.419 -0.245 -0.016 233 178 71
-0.418 -0.245 -0.017 232 177 69
-0.417 -0.245 -0.018 234 179 70
-0.416 -0.244 -0.020 235 179 70
-0.415 -0.244 -0.021 235 179 72
-0.414 -0.244 -0.022 234 181 72
-0.413 -0.244 -0.024 234 181 72
-0.412 -0.244 -0.025 235 178 72
-0.411 -0.244 -0.026 234 177 69
-0.410 -0.245 -0.027 231 176 69
-0.409 -0.245 -0.028 229 175 77
-0.408 -0.245 -0.029 227 182 104
-0.444 -0.232  0.007 213 161 82
-0.443 -0.232  0.006 230 173 66
-0.442 -0.232  0.004 233 173 68
-0.441 -0.232  0.003 233 175 67
-0.440 -0.232  0.002 235 176 69
-0.439 -0.232  0.001 234 175 69
-0.438 -0.233  0.000 234 175 69
-0.436 -0.233 -0.001 235 176 67
-0.435 -0.234 -0.002 237 179 68
-0.434 -0.235 -0.002 234 177 66
-0.433 -0.236 -0.003 234 181 68
-0.432 -0.237 -0.004 235 178 67
-0.430 -0.238 -0.005 235 176 67
-0.429 -0.239 -0.006 234 178 67
-0.428 -0.239 -0.007 235 179 67
-0.427 -0.241 -0.007 234 178 66
-0.426 -0.241 -0.008 234 176 68
-0.425 -0.242 -0.009 235 176 67
-0.424 -0.243 -0.010 235 179 70
-0.422 -0.244 -0.011 236 177 69
-0.421 -0.245 -0.011 235 178 69
-0.420 -0.245 -0.012 233 178 70
-0.419 -0.246 -0.013 232 176 69
-0.418 -0.246 -0.014 233 178 70
-0.417 -0.245 -0.016 234 179 68
-0.416 -0.245 -0.017 236 178 70
-0.415 -0.244 -0.019 235 178 71
-0.414 -0.244 -0.020 235 180 73
-0.413 -0.244 -0.021 235 181 72
-0.412 -0.244 -0.022 236 182 71
-0.411 -0.244 -0.023 236 180 71
-0.410 -0.244 -0.025 235 178 69
-0.409 -0.244 -0.026 234 178 69
-0.408 -0.245 -0.027 233 177 71
-0.407 -0.245 -0.028 234 178 79
-0.405 -0.245 -0.029 232 185 106
-0.446 -0.232  0.011 200 123 105
-0.445 -0.232  0.010 193 135 94
-0.444 -0.232  0.009 202 143 85
-0.443 -0.232  0.008 230 172 67
-0.442 -0.233  0.007 234 174 65
-0.441 -0.233  0.006 234 176 67
-0.440 -0.233  0.005 236 176 69
-0.439 -0.233  0.004 236 176 68
-0.437 -0.234  0.003 233 177 68
-0.436 -0.234  0.002 232 175 65
-0.435 -0.235  0.001 235 178 66
-0.434 -0.236  0.000 235 176 67
-0.433 -0.237 -0.000 235 176 65
-0.431 -0.238 -0.001 233 177 67
-0.430 -0.239 -0.002 234 176 67
-0.429 -0.240 -0.003 234 175 66
-0.428 -0.241 -0.004 236 177 66
-0.427 -0.241 -0.005 235 177 65
-0.426 -0.242 -0.006 234 176 65
-0.425 -0.243 -0.006 234 178 69
-0.423 -0.243 -0.007 235 177 69
-0.422 -0.244 -0.008 236 181 69
-0.421 -0.245 -0.009 237 178 67
-0.420 -0.246 -0.010 233 177 69
-0.419 -0.246 -0.011 232 174 69
-0.418 -0.246 -0.012 231 172 68
-0.417 -0.247 -0.013 234 179 69
-0.416 -0.246 -0.014 234 179 67
-0.415 -0.246 -0.016 236 178 71
-0.414 -0.245 -0.017 235 177 72
-0.413 -0.245 -0.018 235 178 73
-0.412 -0.244 -0.020 235 179 72
-0.411 -0.243 -0.021 236 181 70
-0.410 -0.244 -0.022 235 181 71
-0.409 -0.244 -0.024 235 180 71
-0.408 -0.244 -0.025 235 178 70
-0.407 -0.244 -0.026 234 179 71
-0.405 -0.245 -0.027 237 179 72
-0.404 -0.245 -0.028 237 181 82
-0.403 -0.245 -0.029 232 186 111
-0.445 -0.232  0.013 188 146 111
-0.444 -0.233  0.012 180 138 91
-0.443 -0.233  0.011 217 160 68
-0.442 -0.233  0.010 234 177 68
-0.440 -0.233  0.009 234 172 67
-0.439 -0.233  0.007 234 180 69
-0.438 -0.234  0.007 234 176 69
-0.437 -0.234  0.005 233 177 68
-0.436 -0.235  0.005 233 176 65
-0.435 -0.236  0.004 233 180 67
-0.434 -0.237  0.003 234 177 66
-0.432 -0.238  0.002 233 175 65
-0.431 -0.239  0.001 233 176 63
-0.430 -0.240  0.000 234 174 65
-0.429 -0.241 -0.000 234 180 67
-0.428 -0.241 -0.001 233 178 67
-0.427 -0.243 -0.002 235 179 65
-0.425 -0.243 -0.003 235 176 65
-0.424 -0.244 -0.004 234 178 67
-0.423 -0.245 -0.004 232 179 69
-0.422 -0.245 -0.005 234 176 70
-0.421 -0.246 -0.006 235 181 68
-0.420 -0.246 -0.007 236 176 66
-0.419 -0.247 -0.008 233 177 68
-0.418 -0.247 -0.009 232 177 69
-0.417 -0.247 -0.010 232 175 68
-0.416 -0.247 -0.011 236 177 68
-0.415 -0.247 -0.013 234 179 70
-0.414 -0.246 -0.014 233 178 71
-0.413 -0.245 -0.016 234 177 73
-0.412 -0.245 -0.017 234 177 70
-0.411 -0.244 -0.019 234 181 71
-0.410 -0.243 -0.020 235 181 71
-0.409 -0.244 -0.021 235 180 70
-0.408 -0.244 -0.022 235 181 71
-0.407 -0.244 -0.024 235 179 70
-0.405 -0.244 -0.025 235 177 69
-0.404 -0.245 -0.026 238 179 70
-0.403 -0.244 -0.027 238 179 73
-0.402 -0.245 -0.028 238 182 85
-0.442 -0.234  0.013 198 143 87
-0.441 -0.234  0.012 227 170 63
-0.440 -0.234  0.011 235 179 68
-0.439 -0.234  0.010 236 176 68
-0.438 -0.235  0.009 233 176 67
-0.437 -0.236  0.008 233 178 69
-0.436 -0.236  0.007 231 173 67
-0.435 -0.237  0.006 233 178 67
-0.433 -0.237  0.005 235 177 66
-0.432 -0.238  0.004 234 178 65
-0.431 -0.240  0.004 235 175 63
-0.430 -0.240  0.003 234 177 65
-0.429 -0.241  0.002 235 176 67
-0.428 -0.242  0.002 235 180 68
-0.426 -0.243  0.001 236 176 65
-0.425 -0.244 -0.000 237 182 65
-0.424 -0.245 -0.001 238 178 63
-0.423 -0.246 -0.002 235 176 66
-0.422 -0.246 -0.003 233 178 68
-0.421 -0.247 -0.004 233 178 69
-0.420 -0.247 -0.005 234 177 67
-0.419 -0.248 -0.005 235 175 65
-0.418 -0.248 -0.006 233 177 68
-0.417 -0.248 -0.008 234 179 68
-0.416 -0.248 -0.009 234 177 66
-0.415 -0.247 -0.010 237 176 67
-0.414 -0.247 -0.012 235 177 70
-0.413 -0.246 -0.013 234 179 70
-0.412 -0.246 -0.014 233 177 70
-0.411 -0.245 -0.016 234 178 70
-0.410 -0.244 -0.017 233 181 71
-0.409 -0.243 -0.019 234 181 71
-0.408 -0.244 -0.020 235 180 69
-0.406 -0.244 -0.021 236 181 70
-0.405 -0.243 -0.023 236 181 69
-0.404 -0.244 -0.024 236 179 70
-0.403 -0.244 -0.025 238 179 69
-0.402 -0.244 -0.026 238 179 69
-0.401 -0.245 -0.027 239 180 74
-0.400 -0.245 -0.028 235 190 102
-0.441 -0.235  0.015 213 162 86
-0.440 -0.235  0.014 232 175 64
-0.439 -0.236  0.013 237 177 65
-0.438 -0.236  0.012 235 177 68
-0.437 -0.237  0.011 235 178 67
-0.435 -0.237  0.010 235 178 69
-0.434 -0.238  0.009 233 177 69
-0.433 -0.239  0.008 235 176 66
-0.432 -0.240  0.007 234 175 65
-0.431 -0.240  0.006 236 178 63
-0.430 -0.242  0.006 234 177 63
-0.429 -0.242  0.005 234 176 65
-0.427 -0.243  0.004 237 176 67
-0.426 -0.244  0.003 236 177 68
-0.425 -0.245  0.003 238 173 64
-0.424 -0.246  0.002 237 181 63
-0.423 -0.246  0.001 236 181 64
-0.422 -0.247  0.000 235 178 64
-0.421 -0.248 -0.001 234 177 65
-0.420 -0.248 -0.002 236 177 68
-0.419 -0.248 -0.003 235 176 68
-0.418 -0.248 -0.004 234 177 66
-0.416 -0.248 -0.005 234 178 68
-0.415 -0.248 -0.006 235 180 68
-0.414 -0.248 -0.008 236 178 66
-0.413 -0.248 -0.009 239 179 68
-0.412 -0.247 -0.010 236 178 69
-0.411 -0.247 -0.012 236 180 70
-0.410 -0.246 -0.013 234 177 68
-0.409 -0.245 -0.015 235 179 70
-0.408 -0.245 -0.016 234 182 71
-0.407 -0.244 -0.018 233 182 71
-0.406 -0.244 -0.019 234 180 68
-0.405 -0.244 -0.020 238 181 70
-0.404 -0.243 -0.021 238 181 71
-0.403 -0.244 -0.022 237 181 70
-0.402 -0.244 -0.023 238 179 68
-0.401 -0.244 -0.025 238 179 67
-0.400 -0.245 -0.025 239 179 69
-0.399 -0.246 -0.026 239 186 86
-0.440 -0.236  0.016 219 164 88
-0.439 -0.236  0.015 235 177 65
-0.438 -0.237  0.014 237 179 66
-0.436 -0.237  0.013 237 178 65
-0.435 -0.238  0.013 238 175 66
-0.434 -0.239  0.012 235 173 66
-0.433 -0.239  0.011 235 179 69
-0.432 -0.241  0.010 236 174 66
-0.431 -0.241  0.009 233 174 68
-0.430 -0.242  0.008 234 176 65
-0.428 -0.243  0.008 235 177 65
-0.427 -0.244  0.007 233 176 65
-0.426 -0.245  0.006 235 179 70
-0.425 -0.245  0.005 236 177 69
-0.424 -0.246  0.004 236 176 66
-0.423 -0.247  0.003 236 176 65
-0.422 -0.247  0.002 235 178 66
-0.420 -0.248  0.002 236 178 66
-0.419 -0.249  0.001 234 177 67
-0.418 -0.249 -0.000 234 180 70
-0.417 -0.249 -0.002 236 178 67
-0.416 -0.248 -0.003 233 178 67
-0.415 -0.249 -0.004 234 176 69
-0.414 -0.248 -0.005 236 181 71
-0.413 -0.248 -0.006 238 178 68
-0.412 -0.247 -0.008 238 182 71
-0.411 -0.248 -0.009 235 182 70
-0.410 -0.247 -0.010 236 178 68
-0.409 -0.247 -0.012 237 176 67
-0.408 -0.246 -0.013 236 179 69
-0.407 -0.246 -0.014 234 179 69
-0.406 -0.244 -0.016 234 180 69
-0.405 -0.243 -0.018 234 180 70
-0.404 -0.244 -0.019 237 179 70
-0.403 -0.243 -0.020 236 179 69
-0.402 -0.244 -0.021 236 180 69
-0.401 -0.244 -0.022 237 179 68
-0.400 -0.244 -0.023 238 180 68
-0.399 -0.245 -0.024 238 179 70
-0.398 -0.246 -0.025 241 182 78
-0.397 -0.247 -0.025 234 187 106
-0.438 -0.236  0.018 221 163 86
-0.437 -0.237  0.017 234 177 67
-0.436 -0.238  0.016 236 178 64
-0.435 -0.238  0.015 237 174 62
-0.434 -0.240  0.014 238 176 65
-0.433 -0.240  0.013 235 176 66
-0.432 -0.241  0.012 236 177 67
-0.430 -0.242  0.012 236 177 69
-0.429 -0.243  0.011 234 176 66
-0.428 -0.243  0.010 236 175 65
-0.427 -0.245  0.009 235 176 66
-0.426 -0.245  0.008 234 177 66
-0.425 -0.246  0.008 234 177 69
-0.424 -0.247  0.007 235 178 68
-0.423 -0.248  0.006 237 178 67
-0.421 -0.249  0.005 235 179 68
-0.420 -0.249  0.004 235 176 65
-0.419 -0.250  0.003 235 177 65
-0.418 -0.250  0.002 233 177 65
-0.417 -0.250  0.001 236 179 70
-0.416 -0.250 -0.000 236 177 68
-0.415 -0.249 -0.001 234 177 68
-0.414 -0.249 -0.003 235 175 66
-0.413 -0.248 -0.004 235 179 69
-0.412 -0.248 -0.005 236 182 70
-0.411 -0.248 -0.006 236 181 70
-0.410 -0.248 -0.008 236 180 68
-0.409 -0.248 -0.009 237 179 67
-0.408 -0.247 -0.010 237 178 68
-0.407 -0.247 -0.012 236 179 69
-0.406 -0.246 -0.013 236 179 70
-0.405 -0.245 -0.015 236 180 70
-0.404 -0.244 -0.016 235 181 70
-0.403 -0.244 -0.018 237 182 69
-0.402 -0.244 -0.019 236 181 68
-0.401 -0.243 -0.020 235 180 69
-0.400 -0.244 -0.021 237 181 70
-0.399 -0.244 -0.022 238 179 68
-0.398 -0.245 -0.023 237 179 69
-0.397 -0.246 -0.024 242 182 74
-0.396 -0.247 -0.024 238 186 95
-0.437 -0.237  0.019 224 161 80
-0.436 -0.238  0.018 232 176 69
-0.435 -0.238  0.017 233 171 63
-0.434 -0.239  0.016 236 175 63
-0.433 -0.241  0.016 238 176 66
-0.431 -0.242  0.015 237 179 64
-0.430 -0.243  0.014 239 179 67
-0.429 -0.244  0.014 237 175 66
-0.428 -0.245  0.013 234 178 66
-0.427 -0.245  0.012 236 175 65
-0.426 -0.247  0.011 235 177 66
-0.425 -0.247  0.010 236 177 65
-0.423 -0.248  0.009 235 177 69
-0.422 -0.248  0.009 234 175 66
-0.421 -0.250  0.008 235 178 67
-0.420 -0.250  0.007 236 179 66
-0.419 -0.250  0.006 237 176 65
-0.418 -0.251  0.005 235 176 65
-0.417 -0.251  0.004 234 177 67
-0.416 -0.251  0.003 234 178 70
-0.415 -0.250  0.001 235 179 71
-0.414 -0.250  0.000 232 177 68
-0.413 -0.250 -0.001 234 177 65
-0.412 -0.249 -0.002 236 179 68
-0.411 -0.249 -0.004 236 177 67
-0.410 -0.248 -0.005 237 176 67
-0.409 -0.248 -0.007 238 179 69
-0.408 -0.248 -0.008 238 180 68
-0.407 -0.247 -0.009 237 180 71
-0.406 -0.247 -0.010 238 178 70
-0.405 -0.246 -0.012 238 177 69
-0.404 -0.245 -0.014 235 181 69
-0.403 -0.245 -0.015 236 180 67
-0.402 -0.244 -0.016 236 183 69
-0.401 -0.244 -0.018 236 182 69
-0.400 -0.243 -0.019 236 182 68
-0.399 -0.245 -0.020 237 182 70
-0.398 -0.244 -0.021 238 179 68
-0.397 -0.245 -0.022 237 180 71
-0.396 -0.247 -0.022 242 182 74
-0.394 -0.248 -0.023 240 185 95
-0.436 -0.237  0.020 218 162 81
-0.435 -0.238  0.019 230 171 64
-0.434 -0.239  0.019 234 174 66
-0.433 -0.239  0.018 238 171 63
-0.431 -0.242  0.017 241 177 65
-0.430 -0.243  0.017 237 180 66
-0.429 -0.244  0.016 237 177 65
-0.428 -0.245  0.015 238 176 64
-0.427 -0.246  0.014 235 178 65
-0.426 -0.247  0.013 236 177 65
-0.424 -0.248  0.013 238 179 61
-0.423 -0.249  0.012 236 178 66
-0.422 -0.249  0.011 233 177 67
-0.421 -0.250  0.010 234 179 68
-0.420 -0.251  0.009 236 177 65
-0.419 -0.252  0.009 237 181 66
-0.418 -0.251  0.007 238 178 64
-0.417 -0.252  0.007 237 178 64
-0.416 -0.252  0.006 237 177 67
-0.415 -0.252  0.004 235 177 65
-0.414 -0.251  0.003 237 178 65
-0.413 -0.251  0.002 235 179 67
-0.412 -0.250  0.000 235 176 69
-0.411 -0.249 -0.001 236 182 71
-0.410 -0.249 -0.003 235 178 67
-0.409 -0.248 -0.004 236 178 67
-0.408 -0.248 -0.005 237 178 68
-0.407 -0.248 -0.007 237 178 68
-0.406 -0.247 -0.008 236 179 69
-0.405 -0.247 -0.009 236 178 68
-0.404 -0.246 -0.011 238 178 70
-0.403 -0.245 -0.012 236 179 69
-0.402 -0.245 -0.014 237 180 67
-0.401 -0.244 -0.015 238 182 70
-0.400 -0.244 -0.016 238 182 68
-0.399 -0.244 -0.018 238 183 68
-0.398 -0.245 -0.018 237 181 67
-0.397 -0.245 -0.019 237 181 69
-0.396 -0.246 -0.020 238 179 71
-0.394 -0.247 -0.021 243 182 73
-0.393 -0.248 -0.022 240 187 93
-0.435 -0.237  0.021 215 159 85
-0.434 -0.238  0.020 229 169 60
-0.433 -0.239  0.020 234 176 66
-0.431 -0.240  0.019 238 170 61
-0.430 -0.242  0.019 239 172 63
-0.429 -0.244  0.018 240 176 64
-0.428 -0.245  0.017 240 179 65
-0.427 -0.246  0.017 239 178 63
-0.425 -0.247  0.016 238 181 66
-0.424 -0.248  0.015 237 179 65
-0.423 -0.249  0.014 237 178 66
-0.422 -0.250  0.014 236 181 67
-0.421 -0.251  0.013 237 178 66
-0.420 -0.251  0.012 237 180 68
-0.419 -0.252  0.011 239 179 67
-0.418 -0.253  0.010 239 177 64
-0.417 -0.253  0.009 237 181 66
-0.416 -0.253  0.008 237 178 66
-0.415 -0.253  0.007 238 175 66
-0.414 -0.253  0.006 235 178 66
-0.413 -0.252  0.004 237 177 64
-0.412 -0.252  0.003 238 180 68
-0.411 -0.251  0.002 237 178 68
-0.410 -0.250  0.000 237 178 68
-0.409 -0.250 -0.001 235 176 68
-0.408 -0.249 -0.003 236 180 67
-0.407 -0.248 -0.004 236 181 67
-0.406 -0.248 -0.005 238 181 68
-0.405 -0.247 -0.007 237 180 70
-0.404 -0.247 -0.008 236 180 70
-0.403 -0.246 -0.010 237 179 69
-0.402 -0.245 -0.011 236 180 69
-0.401 -0.245 -0.013 238 179 68
-0.400 -0.244 -0.014 238 180 68
-0.399 -0.245 -0.015 239 182 68
-0.398 -0.244 -0.016 238 183 70
-0.397 -0.245 -0.017 238 181 68
-0.396 -0.245 -0.018 237 180 69
-0.394 -0.246 -0.019 237 180 70
-0.393 -0.247 -0.020 242 183 73
-0.392 -0.247 -0.021 239 188 94
-0.434 -0.237  0.022 211 156 89
-0.433 -0.238  0.022 221 161 59
-0.431 -0.239  0.021 231 173 69
-0.430 -0.241  0.020 226 165 61
-0.429 -0.243  0.020 233 170 62
-0.428 -0.245  0.019 237 175 64
-0.426 -0.246  0.019 239 178 65
-0.425 -0.247  0.018 239 177 64
-0.424 -0.249  0.018 238 178 64
-0.423 -0.250  0.017 236 180 66
-0.422 -0.251  0.016 238 178 68
-0.421 -0.252  0.015 238 182 69
-0.420 -0.252  0.014 240 180 65
-0.419 -0.253  0.013 241 178 63
-0.417 -0.254  0.013 239 180 68
-0.417 -0.254  0.012 238 178 65
-0.415 -0.254  0.011 236 179 66
-0.414 -0.254  0.010 236 182 69
-0.414 -0.253  0.008 238 178 66
-0.413 -0.253  0.007 236 179 66
-0.412 -0.253  0.006 237 179 67
-0.411 -0.252  0.004 238 177 66
-0.410 -0.251  0.003 239 177 66
-0.409 -0.250  0.001 240 176 66
-0.408 -0.250  0.000 238 179 68
-0.407 -0.249 -0.001 238 178 65
-0.406 -0.249 -0.003 237 181 69
-0.405 -0.248 -0.004 237 178 69
-0.404 -0.248 -0.006 236 177 70
-0.403 -0.246 -0.007 235 177 67
-0.402 -0.246 -0.009 236 179 68
-0.401 -0.245 -0.010 236 180 70
-0.400 -0.244 -0.012 238 180 71
-0.399 -0.245 -0.013 239 180 67
-0.398 -0.244 -0.014 238 182 70
-0.397 -0.245 -0.015 237 179 69
-0.395 -0.245 -0.016 238 178 68
-0.394 -0.245 -0.017 238 179 68
-0.393 -0.246 -0.018 237 180 70
-0.392 -0.246 -0.019 242 183 75
-0.391 -0.247 -0.020 238 186 97
-0.433 -0.236  0.023 212 154 89
-0.432 -0.237  0.022 212 151 65
-0.430 -0.239  0.022 231 169 67
-0.429 -0.241  0.021 227 168 68
-0.428 -0.244  0.021 227 164 61
-0.426 -0.246  0.021 234 177 68
-0.425 -0.248  0.020 237 175 64
-0.424 -0.249  0.020 240 175 65
-0.423 -0.250  0.019 240 178 67
-0.422 -0.251  0.018 238 179 66
-0.421 -0.252  0.018 238 179 67
-0.420 -0.253  0.017 239 180 66
-0.418 -0.253  0.016 242 180 62
-0.417 -0.254  0.015 241 179 63
-0.416 -0.254  0.014 239 183 68
-0.415 -0.254  0.013 238 180 64
-0.414 -0.254  0.012 238 182 67
-0.413 -0.254  0.011 237 180 66
-0.412 -0.254  0.009 237 179 64
-0.411 -0.254  0.008 235 179 64
-0.410 -0.253  0.007 238 175 65
-0.409 -0.253  0.006 236 179 66
-0.409 -0.252  0.004 238 180 69
-0.408 -0.251  0.003 237 178 66
-0.407 -0.251  0.002 238 181 67
-0.406 -0.250  0.000 238 179 67
-0.405 -0.249 -0.001 237 180 68
-0.404 -0.248 -0.003 237 178 68
-0.403 -0.248 -0.004 237 179 68
-0.402 -0.246 -0.006 236 180 67
-0.401 -0.245 -0.008 237 181 67
-0.400 -0.245 -0.009 239 182 67
-0.399 -0.244 -0.010 238 183 68
-0.398 -0.244 -0.012 238 182 69
-0.397 -0.244 -0.013 239 181 67
-0.395 -0.245 -0.014 238 179 68
-0.394 -0.245 -0.015 238 178 68
-0.393 -0.246 -0.016 238 179 67
-0.392 -0.246 -0.017 240 181 70
-0.391 -0.246 -0.018 247 188 79
-0.390 -0.246 -0.019 239 184 97
-0.432 -0.233  0.024 209 154 87
-0.431 -0.235  0.023 205 149 70
-0.429 -0.238  0.023 222 159 56
-0.428 -0.239  0.022 231 173 68
-0.427 -0.243  0.022 231 169 65
-0.425 -0.246  0.022 233 170 64
-0.424 -0.248  0.022 238 178 64
-0.423 -0.250  0.021 237 179 64
-0.422 -0.252  0.021 236 178 64
-0.420 -0.253  0.020 238 182 69
-0.419 -0.254  0.019 238 175 66
-0.418 -0.254  0.018 241 178 65
-0.417 -0.255  0.017 239 181 65
-0.416 -0.254  0.016 240 180 63
-0.415 -0.255  0.015 239 180 66
-0.414 -0.255  0.014 239 179 63
-0.413 -0.255  0.013 239 182 65
-0.412 -0.255  0.012 240 180 63
-0.411 -0.254  0.011 237 178 65
-0.410 -0.254  0.010 234 180 68
-0.409 -0.254  0.008 236 179 67
-0.408 -0.253  0.007 236 179 64
-0.407 -0.253  0.006 236 179 67
-0.406 -0.252  0.004 235 177 69
-0.405 -0.252  0.003 237 179 67
-0.404 -0.251  0.002 238 177 66
-0.403 -0.250  0.000 238 181 65
-0.403 -0.249 -0.001 237 179 67
-0.402 -0.249 -0.003 235 180 68
-0.401 -0.247 -0.005 237 180 68
-0.400 -0.245 -0.007 237 182 70
-0.399 -0.245 -0.008 238 181 67
-0.398 -0.244 -0.009 239 180 67
-0.397 -0.244 -0.011 238 183 71
-0.395 -0.244 -0.012 239 181 69
-0.394 -0.245 -0.013 240 179 67
-0.393 -0.245 -0.014 239 180 67
-0.392 -0.245 -0.015 237 179 68
-0.391 -0.245 -0.016 244 183 74
-0.390 -0.245 -0.017 245 188 86
-0.389 -0.245 -0.018 237 185 103
-0.434 -0.230  0.026 173 172 139
-0.432 -0.231  0.025 162 147 117
-0.431 -0.232  0.024 192 143 81
-0.430 -0.234  0.024 202 147 76
-0.428 -0.237  0.024 211 147 58
-0.427 -0.239  0.023 225 163 57
-0.425 -0.243  0.023 234 174 68
-0.424 -0.246  0.023 233 173 67
-0.423 -0.249  0.023 236 175 63
-0.421 -0.252  0.023 238 178 66
-0.420 -0.253  0.022 239 174 65
-0.419 -0.254  0.022 239 177 64
-0.418 -0.255  0.021 238 179 66
-0.417 -0.255  0.020 243 181 64
-0.416 -0.256  0.019 240 180 64
-0.415 -0.256  0.018 240 179 67
-0.414 -0.256  0.017 240 176 64
-0.413 -0.256  0.016 239 179 66
-0.412 -0.256  0.015 238 181 64
-0.411 -0.255  0.013 237 178 64
-0.410 -0.255  0.012 237 178 65
-0.409 -0.255  0.011 237 180 69
-0.408 -0.254  0.010 237 177 68
-0.407 -0.254  0.008 238 180 65
-0.406 -0.253  0.007 238 179 67
-0.405 -0.253  0.006 238 176 66
-0.404 -0.253  0.005 239 180 66
-0.403 -0.252  0.003 236 181 66
-0.402 -0.251  0.002 237 181 63
-0.401 -0.250 -0.000 237 181 66
-0.400 -0.249 -0.001 236 180 65
-0.399 -0.247 -0.003 237 179 67
-0.399 -0.245 -0.005 240 183 68
-0.397 -0.245 -0.007 237 182 67
-0.396 -0.245 -0.008 239 180 69
-0.395 -0.244 -0.009 239 179 68
-0.394 -0.244 -0.011 239 181 70
-0.393 -0.245 -0.011 239 180 69
-0.392 -0.245 -0.013 238 179 70
-0.391 -0.245 -0.014 239 180 74
-0.390 -0.245 -0.015 251 191 87
-0.389 -0.244 -0.016 241 186 95
-0.388 -0.244 -0.017 231 186 119
-0.433 -0.227  0.026 172 139 115
-0.432 -0.229  0.025 156 100 68
-0.430 -0.230  0.025 190 138 78
-0.429 -0.231  0.024 201 145 77
-0.427 -0.235  0.024 202 146 66
-0.426 -0.237  0.024 210 150 57
-0.425 -0.242  0.024 225 165 59
-0.423 -0.246  0.024 233 176 69
-0.422 -0.249  0.024 236 174 68
-0.420 -0.252  0.024 239 180 68
-0.419 -0.254  0.024 239 175 67
-0.418 -0.255  0.023 240 180 68
-0.417 -0.256  0.022 239 179 65
-0.416 -0.256  0.021 238 174 63
-0.415 -0.257  0.020 240 181 66
-0.414 -0.257  0.019 240 177 65
-0.413 -0.257  0.018 240 180 65
-0.412 -0.256  0.017 238 179 63
-0.411 -0.257  0.016 240 180 63
-0.410 -0.256  0.015 238 179 67
-0.409 -0.256  0.013 237 178 66
-0.408 -0.255  0.012 238 180 65
-0.407 -0.255  0.011 237 178 66
-0.406 -0.255  0.010 237 177 65
-0.405 -0.254  0.008 238 180 68
-0.404 -0.254  0.007 238 178 66
-0.403 -0.253  0.006 237 177 64
-0.402 -0.252  0.004 235 179 65
-0.401 -0.252  0.003 239 182 66
-0.400 -0.250  0.001 238 180 67
-0.399 -0.250 -0.000 237 180 68
-0.398 -0.247 -0.002 239 179 65
-0.397 -0.245 -0.004 240 180 66
-0.396 -0.245 -0.005 236 182 68
-0.395 -0.244 -0.007 237 180 67
-0.394 -0.244 -0.008 237 181 70
-0.393 -0.244 -0.009 237 181 71
-0.392 -0.245 -0.010 239 181 69
-0.391 -0.245 -0.011 240 182 72
-0.390 -0.244 -0.013 251 190 87
-0.389 -0.244 -0.014 249 200 102
-0.388 -0.243 -0.016 233 179 102
-0.432 -0.225  0.027 172 136 111
-0.431 -0.226  0.026 153 106 71
-0.429 -0.227  0.025 182 128 77
-0.428 -0.229  0.024 198 147 80
-0.427 -0.233  0.024 200 140 67
-0.425 -0.235  0.024 201 138 56
-0.424 -0.240  0.024 209 150 53
-0.422 -0.246  0.025 222 164 60
-0.421 -0.249  0.025 235 176 64
-0.419 -0.252  0.025 238 175 66
-0.418 -0.254  0.025 238 181 69
-0.417 -0.256  0.024 239 177 64
-0.416 -0.257  0.024 240 176 64
-0.415 -0.256  0.022 237 177 63
-0.414 -0.257  0.022 242 176 66
-0.413 -0.257  0.021 237 177 65
-0.412 -0.257  0.020 239 180 66
-0.411 -0.257  0.018 239 176 65
-0.410 -0.257  0.017 238 177 62
-0.409 -0.256  0.016 239 179 64
-0.408 -0.256  0.015 239 178 64
-0.407 -0.256  0.014 240 181 65
-0.406 -0.255  0.012 239 179 65
-0.405 -0.255  0.011 238 176 65
-0.404 -0.254  0.010 239 173 64
-0.403 -0.254  0.009 238 178 64
-0.402 -0.254  0.007 240 180 65
-0.401 -0.253  0.006 240 180 66
-0.400 -0.253  0.005 240 178 65
-0.399 -0.251  0.003 240 178 65
-0.398 -0.250  0.001 239 180 68
-0.397 -0.248 -0.001 241 182 67
-0.396 -0.246 -0.003 241 180 66
-0.395 -0.245 -0.004 239 181 67
-0.394 -0.245 -0.006 237 179 66
-0.393 -0.244 -0.007 238 184 69
-0.392 -0.244 -0.008 238 180 68
-0.391 -0.244 -0.009 239 180 72
-0.390 -0.244 -0.010 251 191 88
-0.389 -0.244 -0.012 249 208 103
-0.388 -0.243 -0.013 234 182 91
-0.387 -0.241 -0.015 222 172 103
-0.431 -0.223  0.027 167 127 107
-0.430 -0.224  0.026 149 107 76
-0.429 -0.225  0.025 162 118 77
-0.427 -0.227  0.025 194 148 78
-0.426 -0.231  0.025 196 143 68
-0.424 -0.233  0.025 196 136 62
-0.423 -0.239  0.025 200 137 52
-0.421 -0.245  0.026 207 148 50
-0.420 -0.248  0.026 220 163 57
-0.418 -0.252  0.026 232 172 63
-0.417 -0.254  0.026 236 175 68
-0.416 -0.256  0.025 240 180 70
-0.415 -0.257  0.025 239 179 68
-0.414 -0.257  0.024 236 176 65
-0.413 -0.257  0.023 240 176 66
-0.412 -0.258  0.022 239 177 66
-0.411 -0.258  0.021 238 180 67
-0.410 -0.257  0.019 238 179 67
-0.409 -0.257  0.018 238 179 66
-0.408 -0.257  0.017 238 178 64
-0.407 -0.256  0.016 240 177 62
-0.406 -0.256  0.015 240 179 64
-0.405 -0.256  0.014 239 178 66
-0.404 -0.255  0.012 237 177 63
-0.403 -0.255  0.011 238 176 65
-0.402 -0.255  0.010 238 173 64
-0.401 -0.254  0.008 238 177 67
-0.400 -0.254  0.007 239 178 63
-0.399 -0.253  0.006 241 182 66
-0.398 -0.251  0.004 241 178 67
-0.397 -0.250  0.002 240 182 68
-0.396 -0.248  0.000 239 178 66
-0.395 -0.246 -0.002 240 180 67
-0.394 -0.245 -0.003 240 177 66
-0.393 -0.245 -0.004 239 178 67
-0.392 -0.244 -0.006 238 179 70
-0.391 -0.243 -0.007 240 180 78
-0.390 -0.244 -0.008 252 196 90
-0.389 -0.243 -0.010 250 198 97
-0.388 -0.242 -0.011 233 179 80
-0.387 -0.241 -0.013 222 165 85
-0.386 -0.240 -0.015 217 172 114
-0.430 -0.221  0.028 171 114 90
-0.429 -0.222  0.027 151 109 81
-0.428 -0.224  0.026 152 114 80
-0.426 -0.225  0.026 179 132 79
-0.425 -0.230  0.026 194 139 71
-0.423 -0.232  0.025 192 135 64
-0.422 -0.237  0.026 192 131 58
-0.420 -0.243  0.027 196 134 53
-0.419 -0.248  0.027 204 143 51
-0.417 -0.251  0.027 214 156 53
-0.416 -0.254  0.027 226 168 62
-0.415 -0.256  0.026 236 173 66
-0.414 -0.257  0.026 238 177 68
-0.413 -0.257  0.025 239 173 65
-0.412 -0.258  0.024 239 175 67
-0.411 -0.258  0.023 238 174 64
-0.410 -0.258  0.022 237 178 66
-0.409 -0.258  0.021 238 177 67
-0.408 -0.258  0.020 239 176 66
-0.407 -0.258  0.019 237 179 64
-0.406 -0.257  0.017 237 178 63
-0.405 -0.257  0.016 237 178 64
-0.404 -0.256  0.015 240 176 64
-0.403 -0.256  0.013 237 176 65
-0.402 -0.256  0.012 237 177 66
-0.401 -0.255  0.011 239 177 63
-0.400 -0.254  0.010 237 178 63
-0.399 -0.254  0.008 238 178 62
-0.398 -0.253  0.007 238 179 63
-0.397 -0.251  0.005 239 181 66
-0.396 -0.250  0.004 241 180 64
-0.395 -0.248  0.002 240 180 68
-0.394 -0.246 -0.001 236 178 65
-0.393 -0.245 -0.002 236 178 65
-0.392 -0.244 -0.003 236 177 68
-0.391 -0.244 -0.005 245 180 79
-0.390 -0.243 -0.006 251 211 100
-0.389 -0.243 -0.007 246 189 98
-0.388 -0.243 -0.009 234 174 77
-0.387 -0.241 -0.011 222 166 78
-0.386 -0.240 -0.012 216 165 93
-0.385 -0.238 -0.014 218 181 122
-0.429 -0.220  0.029 170 111 80
-0.428 -0.221  0.028 150 115 86
-0.427 -0.223  0.027 147 110 79
-0.425 -0.224  0.026 165 131 86
-0.424 -0.228  0.026 187 136 68
-0.422 -0.231  0.026 193 134 65
-0.421 -0.236  0.027 188 131 63
-0.419 -0.242  0.027 190 132 58
-0.418 -0.247  0.028 194 130 52
-0.416 -0.251  0.028 201 138 47
-0.415 -0.253  0.028 209 149 50
-0.414 -0.255  0.027 220 160 58
-0.413 -0.257  0.027 232 172 63
-0.412 -0.258  0.026 235 178 66
-0.411 -0.258  0.025 235 173 66
-0.410 -0.259  0.024 224 167 63
-0.409 -0.259  0.023 232 176 63
-0.408 -0.259  0.022 240 176 68
-0.407 -0.259  0.021 240 176 64
-0.406 -0.259  0.020 237 176 62
-0.405 -0.258  0.019 238 179 65
-0.404 -0.258  0.018 238 177 66
-0.403 -0.257  0.016 239 179 67
-0.402 -0.257  0.015 241 177 65
-0.401 -0.256  0.014 238 177 65
-0.400 -0.256  0.012 237 173 64
-0.399 -0.255  0.011 238 178 66
-0.398 -0.254  0.010 238 179 64
-0.397 -0.253  0.008 239 180 64
-0.396 -0.252  0.006 239 180 66
-0.395 -0.251  0.005 238 180 66
-0.394 -0.248  0.003 235 178 66
-0.393 -0.247  0.001 238 181 69
-0.392 -0.246 -0.001 244 178 71
-0.391 -0.245 -0.002 247 190 81
-0.390 -0.243 -0.004 239 187 90
-0.389 -0.243 -0.005 240 178 79
-0.388 -0.242 -0.007 229 167 75
-0.387 -0.241 -0.008 218 156 76
-0.386 -0.239 -0.010 214 159 83
-0.385 -0.238 -0.012 215 166 102
-0.384 -0.237 -0.014 220 183 129
-0.428 -0.219  0.030 198 155 98
-0.427 -0.220  0.029 154 120 96
-0.426 -0.221  0.028 143 107 79
-0.424 -0.223  0.027 161 120 88
-0.423 -0.226  0.027 172 131 83
-0.422 -0.229  0.027 186 136 66
-0.420 -0.232  0.026 187 132 63
-0.419 -0.237  0.027 189 131 58
-0.417 -0.244  0.028 187 127 55
-0.415 -0.248  0.028 190 127 51
-0.414 -0.251  0.028 194 132 49
-0.413 -0.253  0.028 203 138 45
-0.412 -0.255  0.027 213 152 55
-0.411 -0.256  0.027 219 164 63
-0.410 -0.258  0.026 228 174 67
-0.409 -0.259  0.025 229 169 67
-0.407 -0.259  0.024 234 179 67
-0.406 -0.259  0.023 238 179 69
-0.405 -0.260  0.022 237 176 66
-0.405 -0.260  0.021 239 176 62
-0.404 -0.259  0.020 240 178 66
-0.403 -0.259  0.019 239 172 67
-0.402 -0.258  0.018 239 175 69
-0.401 -0.257  0.016 236 173 67
-0.400 -0.256  0.015 236 177 69
-0.399 -0.256  0.013 235 177 68
-0.398 -0.255  0.012 236 175 67
-0.397 -0.253  0.010 239 178 67
-0.396 -0.253  0.009 239 180 67
-0.395 -0.251  0.007 242 181 70
-0.394 -0.250  0.006 242 180 69
-0.393 -0.248  0.004 239 180 70
-0.392 -0.247  0.002 238 185 74
-0.391 -0.247  0.001 237 180 75
-0.390 -0.245 -0.001 235 172 71
-0.389 -0.243 -0.003 226 165 72
-0.388 -0.242 -0.004 220 159 75
-0.387 -0.241 -0.006 214 154 74
-0.386 -0.240 -0.007 210 153 77
-0.385 -0.237 -0.010 212 160 86
-0.384 -0.236 -0.012 208 168 111
-0.426 -0.220  0.030 187 152 124
-0.424 -0.221  0.029 157 109 84
-0.423 -0.222  0.028 152 114 83
-0.422 -0.225  0.028 164 119 90
-0.421 -0.228  0.027 176 122 71
-0.419 -0.230  0.027 185 133 63
-0.417 -0.237  0.028 185 132 60
-0.416 -0.242  0.028 187 129 55
-0.415 -0.245  0.028 188 128 51
-0.413 -0.248  0.028 188 127 50
-0.412 -0.251  0.028 190 130 49
-0.411 -0.253  0.028 193 133 48
-0.410 -0.255  0.027 201 135 47
-0.409 -0.257  0.027 208 145 51
-0.408 -0.258  0.026 213 154 58
-0.406 -0.259  0.026 218 163 62
-0.405 -0.260  0.025 227 171 64
-0.404 -0.260  0.024 232 176 67
-0.403 -0.260  0.022 234 175 65
-0.403 -0.258  0.021 235 176 67
-0.402 -0.258  0.020 236 177 68
-0.401 -0.257  0.018 236 174 68
-0.400 -0.256  0.017 232 172 72
-0.399 -0.256  0.016 220 159 66
-0.398 -0.255  0.014 225 165 66
-0.397 -0.254  0.013 235 176 68
-0.396 -0.253  0.011 240 181 72
-0.395 -0.252  0.010 241 181 72
-0.394 -0.251  0.008 242 181 74
-0.393 -0.249  0.006 241 180 73
-0.392 -0.248  0.005 231 178 74
-0.391 -0.246  0.003 223 170 75
-0.390 -0.246  0.002 220 162 70
-0.389 -0.245  0.000 217 156 67
-0.388 -0.244 -0.001 213 151 67
-0.387 -0.243 -0.003 209 147 70
-0.386 -0.240 -0.005 209 151 73
-0.385 -0.239 -0.007 210 157 79
-0.384 -0.236 -0.009 208 160 93
-0.382 -0.234 -0.011 205 170 121
-0.425 -0.218  0.030 194 168 137
-0.423 -0.219  0.030 164 114 84
-0.422 -0.220  0.029 152 107 80
-0.421 -0.222  0.028 179 117 86
-0.420 -0.225  0.028 190 112 77
-0.418 -0.227  0.027 186 121 64
-0.417 -0.233  0.028 187 128 58
-0.415 -0.238  0.028 185 128 56
-0.414 -0.242  0.028 187 126 51
-0.413 -0.245  0.028 184 128 54
-0.411 -0.248  0.028 184 123 53
-0.410 -0.250  0.028 186 130 53
-0.409 -0.253  0.028 189 128 47
-0.408 -0.255  0.027 191 125 47
-0.407 -0.257  0.027 195 128 46
-0.406 -0.258  0.026 198 136 47
-0.404 -0.259  0.025 206 140 49
-0.403 -0.259  0.024 212 147 51
-0.403 -0.259  0.023 216 151 51
-0.402 -0.258  0.022 218 155 54
-0.401 -0.257  0.020 219 161 57
-0.400 -0.256  0.019 221 163 59
-0.399 -0.255  0.018 221 163 62
-0.398 -0.254  0.016 217 161 62
-0.397 -0.254  0.015 219 165 65
-0.396 -0.253  0.013 221 170 68
-0.395 -0.252  0.012 220 167 66
-0.394 -0.250  0.010 220 163 65
-0.393 -0.249  0.009 220 161 65
-0.392 -0.247  0.007 222 158 60
-0.391 -0.246  0.005 218 157 66
-0.390 -0.245  0.004 214 154 71
-0.389 -0.244  0.002 210 149 69
-0.388 -0.242  0.000 206 146 66
-0.387 -0.243 -0.001 205 149 68
-0.386 -0.241 -0.002 206 149 70
-0.385 -0.238 -0.005 208 154 76
-0.384 -0.237 -0.007 206 158 86
-0.382 -0.234 -0.009 198 159 108
-0.424 -0.216  0.031 191 164 141
-0.423 -0.217  0.030 187 125 84
-0.421 -0.219  0.029 176 114 84
-0.420 -0.221  0.029 191 116 82
-0.419 -0.223  0.028 195 107 75
-0.417 -0.226  0.028 194 105 71
-0.416 -0.226  0.027 189 115 61
-0.415 -0.229  0.027 184 127 57
-0.414 -0.232  0.026 184 128 53
-0.412 -0.236  0.026 183 125 51
-0.411 -0.239  0.026 184 125 53
-0.410 -0.241  0.026 188 130 56
-0.408 -0.251  0.028 187 129 51
-0.407 -0.254  0.028 184 126 50
-0.406 -0.255  0.027 186 123 47
-0.405 -0.257  0.027 184 125 46
-0.404 -0.258  0.026 187 130 48
-0.402 -0.258  0.025 192 129 46
-0.402 -0.258  0.024 200 137 46
-0.401 -0.256  0.022 198 135 48
-0.400 -0.257  0.022 199 137 48
-0.399 -0.255  0.020 202 142 51
-0.398 -0.253  0.018 205 142 52
-0.397 -0.253  0.017 203 145 54
-0.396 -0.253  0.016 204 145 53
-0.395 -0.252  0.014 208 145 55
-0.394 -0.250  0.013 207 145 56
-0.393 -0.250  0.011 205 145 58
-0.392 -0.248  0.009 200 142 62
-0.391 -0.246  0.007 205 147 60
-0.390 -0.245  0.006 204 146 64
-0.389 -0.243  0.004 205 141 66
-0.388 -0.243  0.003 206 145 64
-0.387 -0.242  0.001 205 146 70
-0.386 -0.240 -0.000 205 149 73
-0.385 -0.239 -0.002 205 150 74
-0.384 -0.236 -0.005 205 157 83
-0.382 -0.234 -0.006 192 157 101
-0.423 -0.214  0.032 191 164 141
-0.422 -0.215  0.031 194 131 93
-0.420 -0.217  0.030 184 122 99
-0.419 -0.219  0.029 195 115 83
-0.418 -0.221  0.029 195 108 72
-0.416 -0.223  0.028 194 103 69
-0.415 -0.223  0.027 195 101 65
-0.414 -0.226  0.027 188 109 57
-0.413 -0.229  0.027 183 117 52
-0.411 -0.233  0.027 183 129 54
-0.410 -0.236  0.027 186 125 50
-0.409 -0.239  0.027 187 123 53
-0.407 -0.249  0.028 186 128 54
-0.406 -0.252  0.028 186 126 51
-0.405 -0.254  0.028 185 126 49
-0.404 -0.255  0.027 185 125 50
-0.403 -0.257  0.027 186 121 49
-0.402 -0.256  0.026 186 129 51
-0.401 -0.256  0.024 188 128 49
-0.400 -0.254  0.023 191 127 49
-0.399 -0.253  0.021 191 130 45
-0.398 -0.253  0.020 191 130 49
-0.397 -0.252  0.019 192 134 52
-0.396 -0.251  0.017 192 132 53
-0.395 -0.251  0.016 196 133 52
-0.394 -0.250  0.015 199 136 56
-0.393 -0.249  0.013 197 137 55
-0.392 -0.248  0.012 198 137 60
-0.391 -0.246  0.010 194 136 61
-0.390 -0.244  0.008 199 144 62
-0.389 -0.243  0.006 200 139 64
-0.388 -0.241  0.004 201 145 69
-0.387 -0.240  0.003 205 146 70
-0.386 -0.241  0.002 203 147 73
-0.385 -0.238 -0.000 201 150 75
-0.384 -0.236 -0.002 198 152 83
-0.382 -0.233 -0.005 189 152 101
-0.381 -0.232 -0.006 177 165 130
-0.422 -0.212  0.032 185 159 140
-0.421 -0.213  0.031 195 133 97
-0.419 -0.214  0.030 192 130 102
-0.418 -0.217  0.030 197 114 82
-0.417 -0.219  0.029 196 108 76
-0.416 -0.221  0.029 198 101 69
-0.414 -0.222  0.028 198 97 64
-0.413 -0.225  0.028 193 95 61
-0.412 -0.226  0.027 188 95 58
-0.410 -0.230  0.027 177 111 56
-0.409 -0.234  0.027 180 123 55
-0.408 -0.238  0.027 185 130 57
-0.406 -0.246  0.029 186 128 52
-0.405 -0.250  0.029 186 128 51
-0.404 -0.253  0.029 183 127 50
-0.403 -0.254  0.028 185 122 46
-0.402 -0.256  0.028 183 124 48
-0.401 -0.255  0.026 184 125 49
-0.400 -0.253  0.025 185 129 50
-0.399 -0.252  0.023 188 127 50
-0.398 -0.252  0.022 188 128 48
-0.397 -0.251  0.020 192 132 51
-0.396 -0.250  0.019 191 131 52
-0.395 -0.250  0.018 190 134 53
-0.394 -0.250  0.017 190 135 56
-0.393 -0.249  0.015 191 134 55
-0.392 -0.247  0.013 191 137 58
-0.391 -0.246  0.012 195 139 63
-0.390 -0.245  0.010 192 138 63
-0.389 -0.242  0.008 198 145 66
-0.388 -0.240  0.006 200 141 62
-0.387 -0.234  0.003 200 142 68
-0.386 -0.233  0.001 201 143 69
-0.385 -0.236  0.001 199 150 77
-0.384 -0.226 -0.004 188 152 89
-0.382 -0.225 -0.005 174 147 104
-0.381 -0.223 -0.007 178 163 133
-0.380 -0.222 -0.009 161 170 150
-0.421 -0.210  0.033 180 158 135
-0.420 -0.210  0.032 191 141 107
-0.419 -0.211  0.031 194 130 102
-0.417 -0.213  0.030 199 113 83
-0.416 -0.214  0.029 198 105 74
-0.415 -0.216  0.028 198 101 67
-0.414 -0.218  0.028 196 92 62
-0.412 -0.220  0.027 192 92 60
-0.411 -0.223  0.027 189 93 58
-0.410 -0.227  0.027 184 93 60
-0.408 -0.230  0.027 177 93 58
-0.407 -0.234  0.027 174 107 52
-0.405 -0.243  0.029 174 120 51
-0.404 -0.247  0.029 179 129 55
-0.403 -0.250  0.029 182 128 51
-0.402 -0.251  0.028 184 125 48
-0.401 -0.253  0.028 182 124 50
-0.400 -0.251  0.026 184 123 45
-0.399 -0.250  0.025 186 129 48
-0.398 -0.249  0.023 186 127 46
-0.397 -0.248  0.022 187 129 48
-0.396 -0.248  0.020 189 131 50
-0.395 -0.248  0.019 190 136 53
-0.394 -0.248  0.018 190 134 51
-0.393 -0.248  0.017 190 133 55
-0.392 -0.247  0.016 192 136 58
-0.391 -0.245  0.014 192 134 57
-0.390 -0.244  0.012 194 136 59
-0.389 -0.242  0.011 193 134 61
-0.388 -0.239  0.008 198 144 67
-0.387 -0.238  0.007 197 143 67
-0.386 -0.234  0.004 195 147 75
-0.385 -0.231  0.002 190 144 81
-0.384 -0.228 -0.000 162 138 92
-0.382 -0.223 -0.004 137 122 115
-0.381 -0.222 -0.006 132 128 132
-0.380 -0.219 -0.008 163 154 141
-0.379 -0.218 -0.009 150 154 149
-0.420 -0.206  0.033 182 163 136
-0.419 -0.207  0.032 187 141 109
-0.418 -0.208  0.031 192 128 104
-0.416 -0.209  0.030 196 115 87
-0.415 -0.211  0.029 196 106 74
-0.414 -0.213  0.029 194 102 72
-0.413 -0.214  0.028 192 93 62
-0.411 -0.217  0.027 189 93 62
-0.410 -0.220  0.027 191 88 54
-0.409 -0.223  0.027 189 89 58
-0.407 -0.228  0.027 186 91 60
-0.406 -0.232  0.027 183 91 61
-0.404 -0.239  0.029 183 93 59
-0.403 -0.243  0.029 176 102 55
-0.402 -0.247  0.029 162 111 55
-0.401 -0.248  0.028 168 122 59
-0.400 -0.251  0.028 174 127 58
-0.399 -0.250  0.027 179 129 52
-0.398 -0.248  0.025 181 127 48
-0.397 -0.247  0.024 184 129 47
-0.396 -0.246  0.022 188 127 48
-0.395 -0.246  0.021 185 130 49
-0.394 -0.246  0.020 188 130 50
-0.393 -0.246  0.019 188 132 51
-0.392 -0.246  0.017 189 131 53
-0.391 -0.246  0.016 189 133 56
-0.390 -0.243  0.014 190 137 56
-0.389 -0.242  0.013 191 138 61
-0.388 -0.240  0.011 192 137 61
-0.387 -0.238  0.009 192 151 80
-0.386 -0.236  0.007 168 140 83
-0.385 -0.230  0.004 141 129 93
-0.383 -0.227  0.001 134 116 107
-0.382 -0.227  0.000 119 116 116
-0.381 -0.220 -0.004 112 116 130
-0.380 -0.219 -0.005 120 120 132
-0.379 -0.218 -0.007 150 143 136
-0.378 -0.216 -0.009 168 154 138
-0.419 -0.203  0.033 174 162 142
-0.418 -0.204  0.032 184 139 108
-0.417 -0.205  0.031 189 129 104
-0.416 -0.206  0.030 193 113 85
-0.414 -0.208  0.030 195 107 76
-0.413 -0.209  0.029 192 101 73
-0.412 -0.212  0.028 192 93 65
-0.410 -0.214  0.028 190 91 63
-0.409 -0.217  0.028 193 90 56
-0.408 -0.221  0.028 195 89 56
-0.406 -0.226  0.028 192 92 59
-0.405 -0.229  0.028 193 94 61
-0.404 -0.236  0.029 191 92 61
-0.402 -0.240  0.029 169 92 64
-0.401 -0.243  0.029 121 79 67
-0.400 -0.245  0.028 111 78 72
-0.399 -0.247  0.028 114 86 66
-0.398 -0.246  0.026 120 100 63
-0.397 -0.245  0.025 129 112 65
-0.396 -0.243  0.023 139 116 64
-0.395 -0.243  0.022 152 123 62
-0.394 -0.242  0.021 160 127 63
-0.393 -0.242  0.019 168 126 59
-0.392 -0.242  0.018 171 132 64
-0.391 -0.242  0.017 168 131 65
-0.390 -0.242  0.016 159 130 67
-0.389 -0.240  0.014 153 128 69
-0.388 -0.239  0.013 150 125 74
-0.387 -0.238  0.011 148 121 78
-0.386 -0.234  0.009 125 103 92
-0.385 -0.232  0.007 116 100 101
-0.383 -0.227  0.004 106 110 110
-0.382 -0.224  0.002 102 105 119
-0.381 -0.223 -0.000 101 112 124
-0.380 -0.217 -0.004 112 123 133
-0.379 -0.216 -0.005 119 129 139
-0.378 -0.214 -0.007 137 139 137
-0.377 -0.213 -0.009 184 160 141
-0.418 -0.201  0.034 179 161 142
-0.417 -0.201  0.033 181 142 109
-0.416 -0.203  0.032 171 131 105
-0.415 -0.204  0.031 186 113 86
-0.413 -0.204  0.030 188 103 77
-0.412 -0.206  0.029 190 103 75
-0.411 -0.209  0.029 192 94 67
-0.409 -0.212  0.028 191 93 66
-0.408 -0.215  0.028 192 92 59
-0.407 -0.218  0.028 193 89 58
-0.405 -0.222  0.028 193 89 58
-0.404 -0.227  0.028 176 100 62
-0.403 -0.232  0.029 165 96 64
-0.402 -0.235  0.028 144 80 63
-0.400 -0.239  0.028 117 94 72
-0.399 -0.239  0.027 119 87 71
-0.398 -0.241  0.027 122 97 71
-0.397 -0.242  0.026 105 89 73
-0.396 -0.241  0.025 93 75 77
-0.395 -0.240  0.023 86 71 78
-0.394 -0.239  0.022 96 75 80
-0.393 -0.239  0.021 114 82 78
-0.392 -0.239  0.019 116 93 75
-0.391 -0.239  0.018 131 94 77
-0.390 -0.239  0.017 140 97 77
-0.389 -0.238  0.016 129 91 79
-0.388 -0.237  0.014 132 103 82
-0.387 -0.236  0.013 124 111 88
-0.386 -0.233  0.011 104 97 92
-0.385 -0.230  0.008 109 96 97
-0.383 -0.228  0.007 120 115 104
-0.382 -0.224  0.004 101 101 110
-0.381 -0.221  0.001 98 103 118
-0.380 -0.220 -0.000 102 112 125
-0.379 -0.213 -0.004 131 130 139
-0.378 -0.211 -0.006 126 136 148
-0.377 -0.211 -0.007 135 139 143
-0.417 -0.197  0.034 179 164 141
-0.416 -0.198  0.033 178 148 115
-0.415 -0.200  0.032 154 134 110
-0.414 -0.201  0.031 157 114 89
-0.412 -0.203  0.031 178 111 81
-0.411 -0.205  0.030 187 103 76
-0.410 -0.208  0.030 188 100 69
-0.408 -0.209  0.029 186 96 65
-0.407 -0.212  0.028 188 94 60
-0.406 -0.214  0.028 191 92 60
-0.405 -0.217  0.027 190 96 61
-0.403 -0.220  0.027 163 98 63
-0.402 -0.222  0.027 151 100 66
-0.401 -0.225  0.026 138 97 65
-0.400 -0.227  0.026 134 100 69
-0.398 -0.233  0.027 129 94 71
-0.397 -0.235  0.026 129 89 66
-0.396 -0.235  0.025 113 98 69
-0.395 -0.237  0.025 111 87 76
-0.394 -0.236  0.023 81 75 76
-0.393 -0.235  0.022 72 73 83
-0.392 -0.235  0.021 90 72 80
-0.391 -0.235  0.019 95 87 82
-0.390 -0.235  0.018 114 86 82
-0.389 -0.235  0.017 124 89 77
-0.388 -0.235  0.016 128 109 85
-0.387 -0.233  0.014 129 111 86
-0.386 -0.233  0.013 103 88 91
-0.385 -0.232  0.011 110 94 92
-0.383 -0.230  0.010 124 110 100
-0.382 -0.228  0.007 108 102 102
-0.381 -0.223  0.005 93 101 110
-0.380 -0.220  0.002 98 105 119
-0.379 -0.216 -0.000 108 111 127
-0.378 -0.211 -0.003 124 128 141
-0.377 -0.210 -0.005 124 133 141
-0.375 -0.209 -0.007 133 140 145
-0.416 -0.195  0.035 175 159 139
-0.415 -0.196  0.034 174 148 119
-0.414 -0.197  0.033 146 138 115
-0.413 -0.199  0.032 129 113 94
-0.411 -0.200  0.031 132 104 86
-0.410 -0.203  0.031 145 102 82
-0.409 -0.205  0.030 171 103 69
-0.407 -0.208  0.030 178 101 61
-0.406 -0.210  0.029 179 99 58
-0.405 -0.212  0.029 173 101 62
-0.404 -0.215  0.028 171 100 63
-0.402 -0.218  0.028 167 103 59
-0.401 -0.218  0.027 156 103 63
-0.400 -0.221  0.026 131 95 68
-0.399 -0.222  0.026 120 89 65
-0.398 -0.224  0.025 126 98 69
-0.397 -0.225  0.024 122 91 70
-0.396 -0.224  0.023 124 99 68
-0.394 -0.222  0.021 124 95 71
-0.393 -0.222  0.020 105 87 78
-0.392 -0.220  0.018 83 70 77
-0.391 -0.219  0.016 83 75 73
-0.390 -0.219  0.015 118 83 76
-0.389 -0.219  0.014 118 83 71
-0.388 -0.220  0.013 122 106 71
-0.387 -0.220  0.012 110 95 79
-0.386 -0.221  0.011 103 86 83
-0.385 -0.221  0.010 104 86 87
-0.383 -0.223  0.009 121 113 96
-0.382 -0.222  0.008 107 99 102
-0.381 -0.222  0.006 95 97 104
-0.380 -0.220  0.005 93 102 112
-0.379 -0.216  0.002 96 104 119
-0.378 -0.215  0.000 101 110 124
-0.377 -0.210 -0.003 110 118 130
-0.375 -0.208 -0.005 122 129 136
-0.374 -0.207 -0.006 134 141 146
-0.415 -0.192  0.035 173 156 141
-0.414 -0.193  0.034 172 147 116
-0.413 -0.195  0.033 148 139 113
-0.412 -0.196  0.032 127 116 96
-0.410 -0.197  0.032 116 107 89
-0.409 -0.199  0.031 127 104 84
-0.408 -0.202  0.031 164 117 73
-0.406 -0.205  0.030 175 118 68
-0.405 -0.208  0.030 178 116 64
-0.404 -0.210  0.029 180 124 67
-0.403 -0.212  0.028 182 123 66
-0.401 -0.214  0.028 186 130 64
-0.400 -0.216  0.027 184 134 64
-0.399 -0.218  0.027 180 135 64
-0.398 -0.218  0.026 176 132 67
-0.397 -0.219  0.024 176 121 71
-0.396 -0.218  0.023 149 103 68
-0.395 -0.218  0.022 113 93 68
-0.394 -0.217  0.020 95 93 72
-0.392 -0.217  0.019 91 86 71
-0.391 -0.215  0.017 81 66 64
-0.390 -0.214  0.016 82 64 58
-0.389 -0.215  0.015 106 66 56
-0.388 -0.215  0.014 124 74 53
-0.387 -0.216  0.013 146 96 61
-0.386 -0.217  0.012 163 108 65
-0.385 -0.217  0.011 167 117 72
-0.383 -0.218  0.010 165 112 77
-0.382 -0.219  0.009 129 106 84
-0.381 -0.219  0.008 103 94 95
-0.380 -0.219  0.007 97 98 103
-0.379 -0.217  0.005 94 101 115
-0.378 -0.214  0.002 94 104 118
-0.377 -0.212  0.000 101 110 123
-0.375 -0.208 -0.002 110 119 129
-0.374 -0.205 -0.005 127 131 134
-0.373 -0.204 -0.006 148 146 141
-0.414 -0.190  0.036 177 169 147
-0.413 -0.190  0.035 171 148 120
-0.412 -0.192  0.034 148 137 111
-0.411 -0.193  0.033 126 117 99
-0.409 -0.195  0.032 114 109 93
-0.408 -0.197  0.031 137 110 84
-0.407 -0.199  0.031 169 126 73
-0.405 -0.202  0.030 175 126 70
-0.404 -0.204  0.030 180 125 66
-0.403 -0.207  0.029 190 133 66
-0.402 -0.209  0.029 194 136 69
-0.400 -0.211  0.028 195 135 64
-0.399 -0.212  0.027 199 139 62
-0.398 -0.214  0.026 201 144 64
-0.397 -0.214  0.025 195 139 66
-0.396 -0.214  0.024 198 147 74
-0.395 -0.213  0.023 172 128 64
-0.394 -0.213  0.022 134 95 54
-0.392 -0.212  0.020 99 61 51
-0.391 -0.210  0.018 83 62 52
-0.390 -0.210  0.017 84 62 55
-0.389 -0.210  0.016 108 65 43
-0.388 -0.211  0.015 138 86 48
-0.387 -0.212  0.014 166 113 57
-0.386 -0.213  0.013 181 121 62
-0.385 -0.214  0.012 194 131 63
-0.383 -0.215  0.011 203 138 64
-0.382 -0.216  0.010 205 144 72
-0.381 -0.217  0.010 191 141 80
-0.380 -0.216  0.008 159 120 93
-0.379 -0.214  0.006 115 97 102
-0.378 -0.211  0.004 99 102 112
-0.376 -0.209  0.002 97 108 116
-0.375 -0.205 -0.001 103 114 124
-0.374 -0.204 -0.002 115 122 130
-0.373 -0.203 -0.004 135 135 138
-0.372 -0.201 -0.006 170 154 144
-0.413 -0.188  0.036 177 171 145
-0.412 -0.189  0.035 169 155 124
-0.411 -0.190  0.034 147 138 109
-0.409 -0.191  0.034 125 119 103
-0.408 -0.193  0.033 116 116 97
-0.407 -0.195  0.032 148 117 86
-0.406 -0.197  0.031 170 124 73
-0.404 -0.200  0.031 178 128 68
-0.403 -0.202  0.030 182 132 66
-0.402 -0.205  0.030 198 140 68
-0.401 -0.206  0.029 201 148 75
-0.399 -0.208  0.029 199 139 66
-0.398 -0.210  0.028 207 150 68
-0.397 -0.211  0.027 210 152 74
-0.396 -0.211  0.026 204 143 66
-0.395 -0.210  0.024 203 145 73
-0.394 -0.210  0.023 187 132 61
-0.393 -0.209  0.022 154 103 55
-0.391 -0.208  0.020 116 61 47
-0.390 -0.206  0.018 101 63 49
-0.389 -0.206  0.017 119 69 51
-0.388 -0.206  0.016 153 103 49
-0.387 -0.207  0.015 175 114 55
-0.386 -0.208  0.014 191 129 56
-0.385 -0.210  0.013 203 136 60
-0.383 -0.211  0.013 209 139 63
-0.382 -0.213  0.012 214 147 64
-0.381 -0.213  0.011 221 154 71
-0.380 -0.214  0.010 221 157 80
-0.379 -0.213  0.008 210 152 90
-0.378 -0.212  0.007 142 130 103
-0.377 -0.210  0.005 105 112 118
-0.375 -0.207  0.003 105 114 125
-0.374 -0.204  0.000 110 120 137
-0.373 -0.202 -0.002 121 135 146
-0.372 -0.201 -0.004 151 165 156
-0.412 -0.186  0.037 179 168 144
-0.411 -0.187  0.036 169 151 121
-0.410 -0.187  0.035 146 141 113
-0.408 -0.189  0.034 125 124 107
-0.407 -0.190  0.033 116 119 101
-0.406 -0.192  0.033 150 121 88
-0.405 -0.195  0.032 174 129 72
-0.403 -0.197  0.031 181 130 66
-0.402 -0.199  0.031 184 132 65
-0.401 -0.202  0.030 196 147 72
-0.399 -0.204  0.030 201 152 77
-0.398 -0.206  0.029 201 141 66
-0.397 -0.207  0.028 207 152 73
-0.396 -0.207  0.027 209 151 76
-0.395 -0.208  0.026 206 149 75
-0.394 -0.208  0.025 214 157 94
-0.393 -0.207  0.023 198 134 62
-0.391 -0.206  0.022 151 106 61
-0.390 -0.205  0.020 121 63 48
-0.389 -0.204  0.019 138 74 47
-0.388 -0.203  0.017 165 111 53
-0.387 -0.203  0.016 183 122 54
-0.386 -0.204  0.015 194 126 58
-0.385 -0.205  0.014 203 135 55
-0.383 -0.207  0.014 210 141 60
-0.382 -0.209  0.013 216 142 63
-0.381 -0.211  0.012 220 152 67
-0.380 -0.211  0.011 224 157 72
-0.379 -0.212  0.010 225 159 79
-0.378 -0.211  0.009 226 163 93
-0.377 -0.210  0.007 174 151 108
-0.375 -0.208  0.005 123 136 128
-0.374 -0.206  0.003 116 143 137
-0.373 -0.202  0.001 136 162 158
-0.372 -0.201 -0.001 135 175 179
-0.370 -0.199 -0.003 150 171 175
-0.410 -0.184  0.037 169 152 122
-0.409 -0.185  0.036 143 139 117
-0.407 -0.187  0.035 124 126 109
-0.406 -0.188  0.034 111 119 104
-0.405 -0.190  0.033 147 121 89
-0.403 -0.193  0.033 174 135 73
-0.402 -0.195  0.032 181 130 66
-0.401 -0.197  0.031 185 134 64
-0.400 -0.200  0.031 192 139 66
-0.398 -0.202  0.030 197 141 67
-0.397 -0.204  0.030 199 142 66
-0.396 -0.205  0.029 207 148 67
-0.395 -0.206  0.028 207 145 70
-0.394 -0.206  0.027 221 158 84
-0.393 -0.206  0.025 212 167 106
-0.391 -0.205  0.024 197 133 63
-0.390 -0.204  0.022 137 100 62
-0.389 -0.204  0.021 124 71 52
-0.388 -0.203  0.020 165 110 50
-0.387 -0.203  0.018 185 122 51
-0.386 -0.203  0.017 195 131 57
-0.385 -0.204  0.016 204 135 57
-0.383 -0.206  0.015 207 139 59
-0.382 -0.207  0.015 215 144 61
-0.381 -0.208  0.014 219 147 64
-0.380 -0.210  0.013 223 156 72
-0.379 -0.210  0.012 234 167 86
-0.378 -0.211  0.011 233 164 83
-0.377 -0.210  0.010 233 168 94
-0.375 -0.209  0.008 201 163 101
-0.374 -0.207  0.006 144 138 99
-0.373 -0.204  0.004 129 146 112
-0.372 -0.202  0.002 137 156 135
-0.370 -0.199 -0.000 143 172 162
-0.369 -0.197 -0.002 155 176 162
-0.409 -0.181  0.037 168 151 122
-0.407 -0.183  0.036 144 143 118
-0.406 -0.185  0.036 123 129 113
-0.405 -0.186  0.035 112 120 106
-0.404 -0.188  0.034 139 116 90
-0.402 -0.191  0.033 172 136 73
-0.401 -0.193  0.033 179 131 66
-0.400 -0.196  0.032 184 133 65
-0.398 -0.199  0.032 188 134 63
-0.397 -0.201  0.031 193 139 63
-0.396 -0.203  0.031 198 140 63
-0.395 -0.204  0.030 202 145 63
-0.394 -0.204  0.029 204 148 71
-0.393 -0.205  0.027 221 167 89
-0.391 -0.204  0.026 208 151 84
-0.390 -0.204  0.025 194 130 60
-0.389 -0.203  0.023 130 91 56
-0.388 -0.203  0.022 161 97 44
-0.387 -0.202  0.021 188 125 49
-0.386 -0.202  0.019 197 131 53
-0.385 -0.202  0.018 204 134 58
-0.383 -0.204  0.017 207 138 60
-0.382 -0.205  0.017 212 146 63
-0.381 -0.206  0.016 217 149 69
-0.380 -0.208  0.015 220 149 69
-0.379 -0.209  0.014 227 166 81
-0.378 -0.209  0.013 228 172 95
-0.376 -0.210  0.012 235 171 92
-0.375 -0.209  0.011 232 176 106
-0.374 -0.208  0.009 205 169 99
-0.373 -0.206  0.007 151 142 100
-0.372 -0.204  0.005 135 157 108
-0.370 -0.201  0.003 143 168 118
-0.369 -0.198  0.001 155 178 135
-0.368 -0.195 -0.002 170 179 146
-0.408 -0.179  0.038 168 156 126
-0.406 -0.181  0.037 145 143 119
-0.405 -0.183  0.036 124 130 117
-0.404 -0.184  0.035 112 120 110
-0.402 -0.186  0.035 122 115 96
-0.401 -0.189  0.034 166 135 76
-0.400 -0.190  0.033 179 130 65
-0.399 -0.194  0.033 183 131 63
-0.397 -0.198  0.033 187 132 61
-0.396 -0.200  0.032 191 139 62
-0.395 -0.202  0.031 196 141 60
-0.394 -0.203  0.030 203 141 62
-0.393 -0.203  0.029 204 150 72
-0.391 -0.204  0.028 210 151 73
-0.390 -0.203  0.027 207 145 64
-0.389 -0.202  0.026 181 125 59
-0.388 -0.202  0.024 145 82 53
-0.387 -0.201  0.023 181 120 50
-0.386 -0.201  0.021 195 131 53
-0.385 -0.201  0.020 202 134 55
-0.383 -0.201  0.019 205 137 59
-0.382 -0.203  0.018 211 145 64
-0.381 -0.204  0.017 222 162 79
-0.380 -0.205  0.017 220 155 75
-0.379 -0.207  0.016 221 151 71
-0.378 -0.208  0.015 224 156 74
-0.376 -0.208  0.014 226 163 85
-0.375 -0.208  0.013 238 177 100
-0.374 -0.208  0.011 232 170 98
-0.373 -0.207  0.010 199 170 102
-0.372 -0.205  0.008 151 148 98
-0.371 -0.203  0.006 139 162 110
-0.369 -0.200  0.004 145 174 120
-0.368 -0.197  0.001 158 181 133
-0.367 -0.193 -0.001 181 185 144
-0.407 -0.177  0.039 168 160 128
-0.405 -0.178  0.038 144 143 120
-0.404 -0.180  0.037 125 131 117
-0.403 -0.182  0.036 112 122 109
-0.401 -0.185  0.036 110 120 97
-0.400 -0.187  0.035 158 124 78
-0.399 -0.189  0.034 177 131 67
-0.397 -0.193  0.034 182 128 61
-0.396 -0.196  0.034 187 133 65
-0.395 -0.198  0.033 193 135 62
-0.394 -0.200  0.032 196 138 61
-0.393 -0.202  0.031 203 143 66
-0.391 -0.202  0.030 207 150 78
-0.390 -0.202  0.029 206 146 66
-0.389 -0.202  0.028 199 139 59
-0.388 -0.201  0.026 170 106 52
-0.387 -0.201  0.025 164 100 47
-0.386 -0.201  0.024 186 130 55
-0.384 -0.200  0.022 198 132 55
-0.383 -0.201  0.021 202 137 59
-0.382 -0.201  0.020 203 136 62
-0.381 -0.202  0.019 211 151 69
-0.380 -0.204  0.019 214 150 70
-0.379 -0.204  0.018 216 146 68
-0.378 -0.205  0.017 219 156 71
-0.376 -0.207  0.016 222 157 74
-0.375 -0.206  0.015 224 161 87
-0.374 -0.207  0.013 231 174 101
-0.373 -0.206  0.012 229 170 93
-0.372 -0.205  0.010 183 169 102
-0.371 -0.203  0.009 145 154 101
-0.369 -0.201  0.007 156 166 115
-0.368 -0.198  0.004 157 175 125
-0.367 -0.197  0.003 161 178 136
-0.405 -0.174  0.039 165 154 125
-0.404 -0.176  0.038 143 142 119
-0.403 -0.178  0.038 125 129 110
-0.401 -0.180  0.037 113 121 100
-0.400 -0.183  0.036 107 111 88
-0.399 -0.186  0.036 138 116 74
-0.398 -0.187  0.035 171 130 69
-0.396 -0.192  0.035 181 130 64
-0.395 -0.195  0.034 184 131 62
-0.394 -0.197  0.034 188 133 60
-0.393 -0.199  0.033 195 139 63
-0.391 -0.200  0.032 202 147 66
-0.390 -0.200  0.031 203 145 67
-0.389 -0.201  0.030 203 144 65
-0.388 -0.201  0.029 190 132 60
-0.387 -0.200  0.027 179 111 45
-0.386 -0.200  0.026 181 112 47
-0.384 -0.200  0.025 193 129 55
-0.383 -0.201  0.024 199 133 55
-0.382 -0.201  0.023 202 137 60
-0.381 -0.201  0.021 204 141 65
-0.380 -0.202  0.020 207 145 67
-0.379 -0.203  0.019 209 145 67
-0.378 -0.204  0.019 211 150 69
-0.376 -0.204  0.018 218 152 71
-0.375 -0.205  0.017 222 159 78
-0.374 -0.205  0.015 222 164 86
-0.373 -0.204  0.014 225 161 87
-0.372 -0.204  0.013 224 168 93
-0.371 -0.203  0.011 168 157 101
-0.369 -0.202  0.009 141 157 105
-0.368 -0.200  0.007 150 175 122
-0.367 -0.197  0.005 163 186 133
-0.365 -0.194  0.003 167 184 143
-0.404 -0.171  0.040 169 152 121
-0.403 -0.172  0.039 142 128 106
-0.402 -0.175  0.038 127 121 94
-0.400 -0.178  0.038 120 121 88
-0.399 -0.181  0.037 113 116 81
-0.398 -0.185  0.037 116 113 76
-0.396 -0.186  0.036 159 122 70
-0.395 -0.190  0.036 177 129 66
-0.394 -0.193  0.035 182 130 62
-0.393 -0.195  0.034 186 136 59
-0.391 -0.197  0.034 195 136 60
-0.390 -0.198  0.033 204 143 66
-0.389 -0.198  0.032 206 146 65
-0.388 -0.198  0.030 200 142 64
-0.387 -0.199  0.029 194 122 50
-0.386 -0.198  0.028 194 123 48
-0.384 -0.198  0.027 195 126 50
-0.383 -0.199  0.026 197 125 51
-0.382 -0.200  0.025 198 132 55
-0.381 -0.200  0.024 198 138 61
-0.380 -0.200  0.022 202 143 65
-0.379 -0.201  0.022 207 139 62
-0.378 -0.202  0.021 210 145 64
-0.376 -0.203  0.020 213 149 70
-0.375 -0.203  0.018 217 154 74
-0.374 -0.204  0.017 223 164 84
-0.373 -0.203  0.016 224 161 81
-0.372 -0.202  0.014 226 164 85
-0.370 -0.202  0.013 218 170 94
-0.369 -0.201  0.012 178 164 102
-0.368 -0.199  0.010 145 157 106
-0.367 -0.197  0.008 142 169 122
-0.365 -0.194  0.006 164 196 145
-0.364 -0.190  0.003 166 184 145
-0.403 -0.168  0.040 170 154 120
-0.402 -0.169  0.039 151 130 101
-0.401 -0.173  0.039 134 130 96
-0.399 -0.177  0.039 123 129 91
-0.398 -0.180  0.038 113 122 83
-0.397 -0.183  0.038 108 120 78
-0.395 -0.184  0.037 124 120 73
-0.394 -0.188  0.036 158 121 68
-0.393 -0.192  0.036 174 128 66
-0.392 -0.193  0.035 182 130 62
-0.390 -0.195  0.034 193 135 59
-0.389 -0.196  0.033 200 141 66
-0.388 -0.196  0.032 202 137 62
-0.387 -0.196  0.031 194 125 55
-0.386 -0.196  0.030 198 131 52
-0.384 -0.197  0.029 205 135 53
-0.383 -0.197  0.028 203 135 55
-0.382 -0.198  0.027 202 132 55
-0.381 -0.199  0.026 201 129 55
-0.380 -0.199  0.025 198 137 62
-0.379 -0.200  0.023 200 139 61
-0.377 -0.201  0.023 206 143 63
-0.376 -0.202  0.022 210 148 66
-0.375 -0.202  0.020 213 148 72
-0.374 -0.202  0.019 217 157 78
-0.373 -0.202  0.018 219 159 82
-0.372 -0.201  0.017 224 159 82
-0.370 -0.200  0.015 225 163 85
-0.369 -0.199  0.013 187 160 94
-0.368 -0.198  0.012 151 150 99
-0.367 -0.196  0.010 141 155 106
-0.365 -0.194  0.008 144 172 120
-0.364 -0.191  0.006 154 183 141
-0.363 -0.187  0.003 173 180 143
-0.402 -0.164  0.041 169 152 118
-0.401 -0.165  0.040 159 136 102
-0.399 -0.169  0.039 140 139 97
-0.398 -0.174  0.039 124 134 91
-0.397 -0.177  0.039 113 127 83
-0.395 -0.180  0.038 112 124 78
-0.394 -0.183  0.037 110 124 76
-0.393 -0.186  0.037 122 115 74
-0.392 -0.189  0.037 121 107 67
-0.390 -0.191  0.036 132 113 68
-0.389 -0.193  0.035 166 123 59
-0.388 -0.194  0.034 184 126 60
-0.387 -0.194  0.033 197 125 50
-0.386 -0.195  0.032 202 132 54
-0.384 -0.195  0.031 203 141 59
-0.383 -0.196  0.030 208 144 60
-0.382 -0.196  0.029 209 143 62
-0.381 -0.197  0.028 209 141 61
-0.380 -0.198  0.027 205 137 58
-0.379 -0.198  0.026 200 135 59
-0.377 -0.199  0.025 200 137 61
-0.376 -0.201  0.024 206 137 64
-0.375 -0.201  0.023 208 150 70
-0.374 -0.201  0.021 213 154 76
-0.373 -0.201  0.020 218 157 79
-0.372 -0.200  0.019 220 159 82
-0.370 -0.199  0.017 220 160 86
-0.369 -0.198  0.015 200 165 95
-0.368 -0.196  0.014 154 130 91
-0.367 -0.195  0.012 135 140 97
-0.365 -0.193  0.010 137 154 107
-0.364 -0.191  0.008 144 167 118
-0.363 -0.187  0.006 157 180 132
-0.361 -0.184  0.003 180 186 146
-0.401 -0.157  0.040 167 153 121
-0.400 -0.161  0.040 154 138 105
-0.398 -0.164  0.039 140 142 96
-0.397 -0.170  0.040 128 137 90
-0.396 -0.173  0.039 120 133 81
-0.394 -0.178  0.039 127 131 80
-0.393 -0.180  0.038 122 128 82
-0.392 -0.184  0.038 102 106 73
-0.390 -0.188  0.037 95 92 63
-0.389 -0.190  0.037 119 89 58
-0.388 -0.192  0.036 167 125 60
-0.387 -0.193  0.035 186 126 55
-0.386 -0.193  0.034 198 132 52
-0.384 -0.193  0.033 204 140 62
-0.383 -0.194  0.032 215 147 68
-0.382 -0.195  0.031 222 153 71
-0.381 -0.195  0.029 215 147 63
-0.380 -0.196  0.028 214 144 61
-0.379 -0.197  0.027 215 147 64
-0.377 -0.198  0.027 212 144 66
-0.376 -0.199  0.026 208 140 66
-0.375 -0.200  0.025 199 139 68
-0.374 -0.200  0.024 193 134 76
-0.373 -0.200  0.022 207 157 84
-0.372 -0.200  0.021 213 160 86
-0.370 -0.197  0.019 216 159 85
-0.369 -0.196  0.017 205 154 91
-0.368 -0.194  0.016 155 120 93
-0.367 -0.193  0.014 126 123 88
-0.365 -0.191  0.012 128 136 98
-0.364 -0.190  0.010 137 149 107
-0.363 -0.187  0.008 146 165 121
-0.361 -0.185  0.006 159 186 141
-0.400 -0.152  0.041 166 152 121
-0.399 -0.156  0.040 149 134 105
-0.397 -0.159  0.039 140 141 97
-0.396 -0.167  0.040 133 138 89
-0.394 -0.170  0.039 124 135 80
-0.393 -0.175  0.039 123 132 84
-0.392 -0.179  0.039 109 123 83
-0.390 -0.182  0.039 95 103 67
-0.389 -0.186  0.038 94 101 61
-0.388 -0.189  0.038 122 105 58
-0.387 -0.191  0.037 169 128 63
-0.386 -0.192  0.036 185 131 58
-0.384 -0.192  0.035 195 136 61
-0.383 -0.192  0.034 200 148 72
-0.382 -0.192  0.032 205 154 81
-0.381 -0.194  0.032 210 153 73
-0.380 -0.194  0.030 211 150 62
-0.379 -0.195  0.029 216 149 62
-0.377 -0.196  0.028 216 149 65
-0.376 -0.197  0.028 217 153 69
-0.375 -0.198  0.027 218 152 75
-0.374 -0.199  0.026 218 158 84
-0.373 -0.199  0.025 173 98 80
-0.372 -0.199  0.023 166 109 75
-0.370 -0.198  0.022 179 128 89
-0.369 -0.194  0.019 184 132 94
-0.368 -0.193  0.018 176 99 89
-0.367 -0.191  0.016 159 97 83
-0.365 -0.189  0.014 137 119 93
-0.364 -0.187  0.012 132 139 100
-0.363 -0.186  0.010 138 154 108
-0.361 -0.184  0.008 149 169 124
-0.360 -0.181  0.006 163 184 142
-0.399 -0.147  0.041 167 151 120
-0.397 -0.150  0.040 148 128 102
-0.396 -0.151  0.039 140 134 95
-0.395 -0.154  0.038 134 139 94
-0.393 -0.157  0.038 122 134 87
-0.392 -0.162  0.037 123 133 84
-0.390 -0.178  0.040 100 98 76
-0.389 -0.181  0.040 92 97 66
-0.388 -0.184  0.039 96 107 64
-0.387 -0.187  0.038 116 114 64
-0.386 -0.189  0.038 165 127 63
-0.384 -0.190  0.037 187 129 58
-0.383 -0.190  0.036 194 132 59
-0.382 -0.190  0.034 200 139 62
-0.381 -0.191  0.033 202 143 62
-0.380 -0.192  0.032 204 140 62
-0.379 -0.193  0.031 208 145 61
-0.377 -0.194  0.030 213 150 64
-0.376 -0.195  0.029 217 151 65
-0.375 -0.196  0.028 221 154 70
-0.374 -0.197  0.027 221 163 81
-0.373 -0.198  0.027 219 165 94
-0.372 -0.199  0.026 175 115 89
-0.370 -0.198  0.024 161 78 73
-0.369 -0.197  0.023 172 83 74
-0.368 -0.193  0.020 180 81 76
-0.367 -0.191  0.018 181 86 77
-0.365 -0.189  0.016 178 94 82
-0.364 -0.186  0.014 169 104 95
-0.363 -0.184  0.012 150 142 107
-0.361 -0.182  0.010 146 157 117
-0.360 -0.180  0.009 158 170 136
-0.358 -0.178  0.007 174 183 152
-0.398 -0.146  0.042 168 148 118
-0.396 -0.147  0.041 155 127 99
-0.395 -0.148  0.040 146 122 90
-0.394 -0.152  0.039 137 139 91
-0.392 -0.155  0.039 123 135 88
-0.391 -0.161  0.039 118 131 86
-0.389 -0.175  0.041 100 92 69
-0.388 -0.179  0.040 93 91 66
-0.387 -0.183  0.040 92 96 64
-0.386 -0.185  0.039 104 111 64
-0.384 -0.187  0.039 157 118 59
-0.383 -0.188  0.038 183 127 59
-0.382 -0.189  0.036 191 135 60
-0.381 -0.189  0.035 196 140 60
-0.380 -0.189  0.034 197 139 59
-0.378 -0.191  0.033 202 140 62
-0.377 -0.191  0.032 206 146 64
-0.376 -0.192  0.031 210 146 64
-0.375 -0.193  0.030 216 150 67
-0.374 -0.194  0.029 219 154 72
-0.373 -0.195  0.028 219 162 80
-0.372 -0.197  0.027 216 157 81
-0.370 -0.197  0.026 184 129 96
-0.369 -0.196  0.025 172 81 75
-0.368 -0.195  0.023 179 81 74
-0.367 -0.191  0.021 184 82 78
-0.365 -0.188  0.019 190 87 81
-0.364 -0.186  0.017 196 96 90
-0.363 -0.183  0.015 193 100 91
-0.361 -0.181  0.013 173 121 100
-0.360 -0.179  0.011 167 136 119
-0.358 -0.177  0.009 173 153 145
-0.357 -0.176  0.007 185 171 157
-0.396 -0.144  0.043 169 148 115
-0.395 -0.146  0.042 162 123 97
-0.394 -0.149  0.041 152 110 90
-0.392 -0.151  0.040 139 124 86
-0.391 -0.155  0.040 125 138 92
-0.390 -0.159  0.039 110 127 91
-0.388 -0.173  0.041 101 96 68
-0.387 -0.177  0.041 94 92 65
-0.386 -0.180  0.041 93 91 65
-0.384 -0.184  0.040 98 100 59
-0.383 -0.186  0.040 125 111 62
-0.382 -0.187  0.039 169 126 65
-0.381 -0.188  0.037 184 131 63
-0.380 -0.188  0.036 190 134 60
-0.378 -0.189  0.035 194 134 62
-0.377 -0.190  0.034 198 140 64
-0.376 -0.190  0.033 202 144 63
-0.375 -0.191  0.032 206 146 63
-0.374 -0.191  0.031 211 147 69
-0.373 -0.192  0.030 212 151 74
-0.371 -0.192  0.029 214 155 81
-0.370 -0.194  0.028 213 153 84
-0.369 -0.194  0.027 185 124 94
-0.368 -0.194  0.025 177 82 73
-0.367 -0.193  0.024 189 90 81
-0.365 -0.190  0.022 190 93 91
-0.364 -0.186  0.019 198 101 97
-0.363 -0.183  0.017 210 109 110
-0.361 -0.181  0.015 206 100 93
-0.360 -0.178  0.013 192 110 100
-0.358 -0.175  0.011 185 119 116
-0.357 -0.174  0.009 188 135 132
-0.356 -0.173  0.007 197 160 146
-0.395 -0.142  0.044 168 145 115
-0.394 -0.144  0.043 163 123 98
-0.392 -0.146  0.042 158 109 90
-0.391 -0.151  0.042 148 100 80
-0.390 -0.154  0.041 131 122 85
-0.388 -0.158  0.041 119 132 89
-0.387 -0.170  0.042 104 105 71
-0.386 -0.175  0.042 97 100 64
-0.384 -0.179  0.041 97 100 67
-0.383 -0.183  0.041 96 101 66
-0.382 -0.186  0.041 106 103 66
-0.381 -0.187  0.040 130 105 65
-0.380 -0.188  0.039 159 121 62
-0.378 -0.189  0.038 178 126 61
-0.377 -0.189  0.036 187 131 65
-0.376 -0.190  0.035 194 138 68
-0.375 -0.190  0.034 199 141 67
-0.374 -0.190  0.033 203 145 72
-0.372 -0.189  0.032 203 147 77
-0.371 -0.189  0.030 204 148 83
-0.370 -0.190  0.029 198 146 89
-0.369 -0.191  0.028 179 131 93
-0.368 -0.191  0.027 166 95 84
-0.367 -0.191  0.026 175 80 76
-0.365 -0.189  0.024 185 81 82
-0.364 -0.186  0.022 191 91 95
-0.363 -0.183  0.020 208 131 121
-0.361 -0.180  0.017 202 115 129
-0.360 -0.178  0.016 207 107 101
-0.358 -0.175  0.014 179 118 113
-0.357 -0.174  0.012 158 143 146
-0.356 -0.172  0.010 170 169 163
-0.394 -0.140  0.045 164 144 117
-0.392 -0.142  0.044 163 122 97
-0.391 -0.143  0.043 161 107 87
-0.390 -0.148  0.042 156 96 80
-0.388 -0.152  0.042 155 105 84
-0.387 -0.155  0.041 138 120 83
-0.386 -0.167  0.043 120 121 80
-0.384 -0.172  0.042 109 110 74
-0.383 -0.176  0.042 107 109 71
-0.382 -0.182  0.042 108 105 71
-0.381 -0.185  0.042 99 96 68
-0.380 -0.187  0.041 127 83 62
-0.378 -0.187  0.040 130 103 68
-0.377 -0.188  0.039 133 126 70
-0.376 -0.187  0.037 141 130 74
-0.375 -0.187  0.036 154 131 83
-0.374 -0.187  0.035 170 110 75
-0.372 -0.187  0.033 189 114 80
-0.371 -0.186  0.032 196 110 87
-0.370 -0.187  0.031 182 95 85
-0.369 -0.187  0.030 146 87 84
-0.368 -0.188  0.029 152 84 81
-0.366 -0.188  0.027 162 84 82
-0.365 -0.188  0.026 172 81 80
-0.364 -0.186  0.024 180 83 84
-0.363 -0.183  0.022 186 89 94
-0.361 -0.180  0.020 197 93 96
-0.360 -0.177  0.018 199 99 99
-0.358 -0.175  0.016 200 104 104
-0.357 -0.172  0.014 153 132 131
-0.356 -0.170  0.012 139 157 164
-0.354 -0.169  0.010 164 181 175
-0.392 -0.139  0.046 165 145 116
-0.391 -0.141  0.045 161 120 94
-0.390 -0.143  0.044 160 108 90
-0.388 -0.147  0.043 157 95 81
-0.387 -0.151  0.043 159 86 78
-0.386 -0.154  0.042 153 83 73
-0.384 -0.164  0.043 150 100 78
-0.383 -0.169  0.043 134 110 87
-0.382 -0.173  0.043 109 97 79
-0.381 -0.178  0.043 94 87 79
-0.380 -0.182  0.042 92 81 80
-0.378 -0.185  0.042 125 77 66
-0.377 -0.186  0.041 132 79 65
-0.376 -0.186  0.039 125 112 72
-0.375 -0.186  0.038 133 152 91
-0.374 -0.185  0.037 148 146 105
-0.372 -0.185  0.036 166 74 72
-0.371 -0.184  0.034 181 81 84
-0.370 -0.183  0.033 196 124 112
-0.369 -0.184  0.031 179 86 90
-0.368 -0.185  0.030 119 92 100
-0.366 -0.185  0.029 115 100 102
-0.365 -0.184  0.028 145 95 97
-0.364 -0.185  0.027 164 85 90
-0.363 -0.183  0.025 176 87 85
-0.361 -0.180  0.023 183 92 89
-0.360 -0.177  0.021 189 89 92
-0.358 -0.174  0.018 191 99 99
-0.357 -0.173  0.017 172 116 119
-0.356 -0.170  0.014 133 144 153
-0.354 -0.167  0.012 134 161 169
-0.353 -0.166  0.011 164 180 175
-0.391 -0.139  0.047 164 142 115
-0.390 -0.141  0.046 162 119 95
-0.388 -0.144  0.045 162 110 91
-0.387 -0.147  0.045 160 92 78
-0.386 -0.150  0.044 160 86 74
-0.384 -0.154  0.044 158 79 73
-0.383 -0.162  0.044 160 84 78
-0.382 -0.166  0.044 148 81 75
-0.381 -0.170  0.043 105 76 74
-0.379 -0.176  0.043 86 79 88
-0.378 -0.180  0.043 88 84 91
-0.377 -0.183  0.042 110 82 77
-0.376 -0.183  0.041 133 73 66
-0.375 -0.184  0.040 139 77 66
-0.374 -0.183  0.039 141 116 87
-0.372 -0.183  0.037 148 92 91
-0.371 -0.181  0.036 168 68 66
-0.370 -0.181  0.034 180 77 75
-0.369 -0.181  0.033 188 83 89
-0.367 -0.181  0.032 157 99 104
-0.366 -0.181  0.031 108 116 127
-0.365 -0.181  0.029 98 128 140
-0.364 -0.182  0.028 112 128 145
-0.363 -0.182  0.027 128 122 132
-0.361 -0.180  0.025 146 111 124
-0.360 -0.179  0.024 158 107 124
-0.358 -0.175  0.021 162 110 127
-0.357 -0.172  0.019 155 134 135
-0.356 -0.170  0.017 135 140 154
-0.354 -0.167  0.015 128 151 164
-0.353 -0.165  0.013 137 162 168
-0.351 -0.162  0.011 164 180 170
-0.390 -0.138  0.048 164 140 114
-0.388 -0.139  0.047 160 125 96
-0.387 -0.143  0.047 166 115 92
-0.386 -0.146  0.046 161 97 82
-0.384 -0.150  0.045 160 89 76
-0.383 -0.153  0.045 163 82 72
-0.382 -0.159  0.045 157 79 70
-0.381 -0.163  0.044 124 80 71
-0.379 -0.167  0.044 96 84 81
-0.378 -0.171  0.043 87 83 89
-0.377 -0.175  0.043 92 84 85
-0.376 -0.176  0.042 101 92 86
-0.375 -0.177  0.041 107 82 77
-0.373 -0.179  0.040 130 74 63
-0.372 -0.178  0.039 148 76 69
-0.371 -0.178  0.037 156 71 67
-0.370 -0.178  0.036 168 71 66
-0.369 -0.178  0.035 179 76 74
-0.367 -0.178  0.034 162 91 94
-0.366 -0.178  0.032 120 115 126
-0.365 -0.179  0.031 104 140 152
-0.364 -0.178  0.030 120 159 172
-0.362 -0.178  0.028 116 164 179
-0.361 -0.179  0.027 106 160 184
-0.360 -0.177  0.026 111 163 193
-0.359 -0.176  0.024 129 168 203
-0.357 -0.173  0.022 128 176 203
-0.356 -0.170  0.020 123 176 197
-0.354 -0.168  0.018 121 162 181
-0.353 -0.165  0.016 126 161 176
-0.351 -0.159  0.013 140 164 170
-0.388 -0.136  0.049 164 142 115
-0.387 -0.137  0.048 151 129 101
-0.386 -0.141  0.047 141 113 97
-0.384 -0.144  0.047 143 103 84
-0.383 -0.147  0.046 155 96 76
-0.382 -0.151  0.046 159 90 71
-0.381 -0.155  0.045 146 83 71
-0.379 -0.159  0.044 108 81 73
-0.378 -0.162  0.044 91 78 74
-0.377 -0.167  0.044 89 76 70
-0.376 -0.169  0.043 94 77 69
-0.374 -0.170  0.042 120 80 69
-0.373 -0.172  0.041 114 80 65
-0.372 -0.173  0.040 108 82 66
-0.371 -0.173  0.039 118 88 69
-0.370 -0.173  0.037 126 91 71
-0.368 -0.175  0.037 130 90 79
-0.367 -0.176  0.036 127 98 93
-0.366 -0.176  0.034 114 109 114
-0.365 -0.176  0.033 97 133 143
-0.364 -0.176  0.032 96 147 167
-0.362 -0.175  0.030 103 161 181
-0.361 -0.175  0.029 103 168 189
-0.360 -0.176  0.028 100 171 204
-0.358 -0.174  0.026 130 189 226
-0.357 -0.173  0.024 149 218 248
-0.356 -0.170  0.022 122 192 230
-0.354 -0.167  0.020 116 186 215
-0.353 -0.165  0.018 122 175 195
-0.351 -0.162  0.016 129 176 191
-0.349 -0.154  0.013 142 176 182
-0.387 -0.133  0.050 163 144 119
-0.386 -0.135  0.049 144 133 104
-0.384 -0.138  0.048 126 114 101
-0.383 -0.141  0.048 122 104 93
-0.382 -0.144  0.047 124 93 79
-0.380 -0.148  0.046 146 87 72
-0.379 -0.152  0.046 150 89 72
-0.378 -0.156  0.045 138 86 70
-0.377 -0.160  0.045 116 81 69
-0.376 -0.163  0.044 98 76 68
-0.374 -0.166  0.043 128 75 64
-0.373 -0.168  0.043 152 85 64
-0.372 -0.169  0.042 151 82 62
-0.371 -0.171  0.041 136 82 61
-0.370 -0.171  0.039 111 91 66
-0.368 -0.171  0.038 107 106 80
-0.367 -0.173  0.037 104 102 94
-0.366 -0.173  0.036 99 113 113
-0.365 -0.174  0.035 89 122 130
-0.363 -0.173  0.034 87 139 152
-0.362 -0.173  0.032 90 149 173
-0.361 -0.173  0.031 95 162 186
-0.360 -0.173  0.030 102 169 197
-0.358 -0.174  0.029 102 178 214
-0.357 -0.171  0.027 117 196 238
-0.356 -0.170  0.025 119 192 232
-0.354 -0.166  0.023 112 185 222
-0.353 -0.164  0.021 120 185 209
-0.351 -0.160  0.018 128 153 164
-0.350 -0.158  0.016 139 158 167
-0.348 -0.149  0.012 150 159 167
-0.386 -0.129  0.051 161 142 117
-0.384 -0.131  0.050 147 132 103
-0.383 -0.134  0.049 124 113 104
-0.382 -0.138  0.048 113 105 95
-0.380 -0.141  0.047 106 94 85
-0.379 -0.145  0.047 113 85 78
-0.378 -0.149  0.046 123 86 71
-0.377 -0.153  0.046 146 86 71
-0.375 -0.156  0.045 149 86 68
-0.374 -0.160  0.045 143 82 67
-0.373 -0.162  0.044 167 87 64
-0.372 -0.165  0.043 179 89 65
-0.371 -0.167  0.042 179 87 63
-0.369 -0.169  0.041 171 85 60
-0.368 -0.168  0.040 148 84 62
-0.367 -0.170  0.039 116 94 71
-0.366 -0.170  0.038 106 100 86
-0.365 -0.170  0.037 103 109 109
-0.363 -0.171  0.036 94 124 132
-0.362 -0.171  0.034 89 137 153
-0.361 -0.172  0.033 90 149 171
-0.360 -0.171  0.032 93 160 184
-0.358 -0.171  0.030 97 165 195
-0.357 -0.172  0.029 97 171 203
-0.356 -0.169  0.027 100 177 212
-0.354 -0.167  0.026 100 181 215
-0.353 -0.164  0.023 107 181 216
-0.351 -0.161  0.021 113 169 198
-0.350 -0.156  0.019 123 137 159
-0.348 -0.154  0.017 139 155 170
-0.346 -0.143  0.012 159 158 160
-0.384 -0.126  0.051 162 142 117
-0.383 -0.128  0.050 145 136 106
-0.382 -0.131  0.050 124 115 106
-0.380 -0.135  0.049 112 105 98
-0.379 -0.138  0.048 105 96 91
-0.378 -0.142  0.048 100 90 81
-0.377 -0.146  0.047 102 84 74
-0.375 -0.149  0.046 115 83 74
-0.374 -0.153  0.046 141 82 68
-0.373 -0.156  0.045 175 88 65
-0.372 -0.159  0.045 190 94 66
-0.371 -0.162  0.044 193 94 64
-0.369 -0.164  0.043 197 92 63
-0.368 -0.165  0.042 190 90 65
-0.367 -0.166  0.041 175 85 63
-0.366 -0.166  0.040 147 86 68
-0.364 -0.167  0.039 117 87 74
-0.363 -0.167  0.037 104 91 91
-0.362 -0.168  0.036 106 110 117
-0.361 -0.169  0.035 99 130 143
-0.360 -0.169  0.034 95 142 163
-0.358 -0.170  0.033 95 152 177
-0.357 -0.168  0.031 96 160 188
-0.356 -0.169  0.030 95 167 196
-0.354 -0.166  0.028 96 170 202
-0.353 -0.165  0.026 100 176 205
-0.351 -0.161  0.024 114 178 199
-0.350 -0.157  0.021 115 146 170
-0.348 -0.152  0.019 123 129 147
-0.346 -0.149  0.017 138 144 155
-0.344 -0.139  0.012 166 162 158
-0.383 -0.122  0.052 157 144 119
-0.382 -0.125  0.051 141 139 116
-0.380 -0.128  0.050 125 124 114
-0.379 -0.132  0.050 113 112 102
-0.378 -0.136  0.049 104 102 93
-0.376 -0.139  0.048 104 92 86
-0.375 -0.143  0.048 105 87 77
-0.374 -0.146  0.047 115 81 73
-0.373 -0.149  0.046 145 77 67
-0.371 -0.152  0.046 184 99 70
-0.370 -0.155  0.045 197 99 68
-0.369 -0.158  0.044 205 93 65
-0.368 -0.161  0.044 217 100 70
-0.367 -0.162  0.043 210 104 77
-0.366 -0.164  0.042 196 90 70
-0.364 -0.164  0.040 179 86 66
-0.363 -0.165  0.039 123 81 69
-0.362 -0.166  0.038 114 77 77
-0.361 -0.167  0.037 123 83 84
-0.359 -0.167  0.036 128 99 108
-0.358 -0.167  0.035 114 124 136
-0.357 -0.166  0.033 108 140 157
-0.356 -0.166  0.032 109 156 173
-0.354 -0.166  0.030 106 161 180
-0.353 -0.163  0.028 108 164 185
-0.351 -0.161  0.027 111 167 187
-0.350 -0.158  0.024 114 143 172
-0.348 -0.154  0.022 116 129 153
-0.346 -0.145  0.018 127 136 152
-0.344 -0.143  0.016 142 146 156
-0.342 -0.133  0.012 176 170 158
-0.382 -0.119  0.053 151 144 121
-0.380 -0.122  0.052 138 139 116
-0.379 -0.125  0.051 121 130 120
-0.378 -0.129  0.051 110 116 108
-0.376 -0.133  0.050 107 105 94
-0.375 -0.136  0.049 111 92 80
-0.374 -0.140  0.049 128 88 72
-0.373 -0.143  0.048 140 84 66
-0.371 -0.147  0.047 164 88 65
-0.370 -0.149  0.046 188 92 66
-0.369 -0.153  0.046 198 91 64
-0.368 -0.156  0.045 206 91 62
-0.367 -0.158  0.044 216 96 66
-0.365 -0.161  0.044 216 98 77
-0.364 -0.162  0.043 226 102 81
-0.363 -0.162  0.041 209 99 75
-0.362 -0.163  0.040 132 85 74
-0.360 -0.164  0.039 125 72 73
-0.359 -0.165  0.038 143 76 73
-0.358 -0.165  0.037 166 86 86
-0.357 -0.164  0.035 166 96 100
-0.355 -0.163  0.034 156 99 108
-0.354 -0.163  0.032 135 112 125
-0.353 -0.162  0.031 126 119 136
-0.351 -0.160  0.029 147 119 139
-0.350 -0.158  0.027 126 125 144
-0.348 -0.149  0.023 120 132 150
-0.346 -0.145  0.021 120 125 145
-0.344 -0.140  0.018 128 135 155
-0.342 -0.134  0.015 150 150 157
-0.380 -0.117  0.054 153 145 120
-0.379 -0.120  0.053 136 133 108
-0.378 -0.123  0.052 123 126 115
-0.376 -0.127  0.052 112 120 107
-0.375 -0.131  0.051 106 102 92
-0.374 -0.134  0.050 134 92 75
-0.372 -0.137  0.049 151 90 70
-0.371 -0.141  0.049 156 88 67
-0.370 -0.144  0.048 174 91 65
-0.369 -0.147  0.047 186 92 68
-0.368 -0.151  0.047 196 92 62
-0.366 -0.154  0.046 205 93 61
-0.365 -0.156  0.045 213 94 63
-0.364 -0.158  0.044 223 99 76
-0.363 -0.160  0.043 231 128 99
-0.362 -0.161  0.042 218 107 84
-0.360 -0.161  0.041 149 84 76
-0.359 -0.161  0.040 146 75 73
-0.358 -0.161  0.038 146 75 70
-0.357 -0.162  0.037 156 83 77
-0.355 -0.161  0.036 173 85 82
-0.354 -0.160  0.034 173 89 87
-0.352 -0.158  0.032 155 93 93
-0.351 -0.151  0.029 144 93 96
-0.349 -0.148  0.027 175 101 106
-0.347 -0.144  0.025 139 115 128
-0.346 -0.141  0.023 141 125 143
-0.344 -0.136  0.020 135 126 138
-0.342 -0.132  0.018 136 136 147
-0.341 -0.128  0.015 162 156 152
-0.379 -0.115  0.055 157 148 117
-0.377 -0.117  0.054 139 132 101
-0.376 -0.122  0.053 126 121 100
-0.375 -0.125  0.053 114 108 96
-0.374 -0.129  0.052 106 97 88
-0.372 -0.132  0.051 149 96 79
-0.371 -0.135  0.050 162 93 71
-0.370 -0.138  0.049 168 90 70
-0.369 -0.141  0.049 185 98 72
-0.367 -0.144  0.048 185 95 73
-0.366 -0.148  0.047 193 94 67
-0.365 -0.152  0.047 202 89 64
-0.364 -0.154  0.046 210 93 66
-0.363 -0.156  0.045 223 95 69
-0.361 -0.157  0.044 231 106 80
-0.360 -0.157  0.043 216 95 77
-0.359 -0.158  0.042 188 89 72
-0.358 -0.158  0.040 179 83 74
-0.356 -0.158  0.039 156 77 72
-0.355 -0.158  0.038 147 79 73
-0.354 -0.157  0.036 157 83 79
-0.352 -0.156  0.035 161 86 85
-0.351 -0.152  0.032 158 89 86
-0.349 -0.148  0.030 156 88 88
-0.347 -0.144  0.028 183 102 103
-0.346 -0.141  0.025 148 119 126
-0.344 -0.136  0.023 176 131 128
-0.342 -0.131  0.020 186 137 127
-0.341 -0.128  0.018 171 141 141
-0.339 -0.125  0.016 184 159 149
-0.377 -0.112  0.056 157 151 116
-0.376 -0.116  0.055 144 136 99
-0.375 -0.120  0.054 129 126 96
-0.373 -0.124  0.054 113 105 96
-0.372 -0.127  0.053 106 97 92
-0.371 -0.129  0.052 148 93 83
-0.370 -0.133  0.051 167 95 73
-0.368 -0.135  0.050 174 90 69
-0.367 -0.139  0.050 185 103 74
-0.366 -0.142  0.049 186 98 76
-0.365 -0.146  0.048 191 95 72
-0.364 -0.150  0.048 195 90 65
-0.362 -0.151  0.047 192 90 64
-0.361 -0.153  0.046 204 92 66
-0.360 -0.154  0.045 217 88 69
-0.359 -0.155  0.044 221 90 69
-0.358 -0.155  0.042 223 95 73
-0.356 -0.155  0.041 212 93 77
-0.355 -0.155  0.040 179 81 76
-0.354 -0.155  0.038 155 83 78
-0.352 -0.153  0.037 151 85 81
-0.351 -0.153  0.035 154 87 84
-0.349 -0.151  0.033 160 90 86
-0.348 -0.144  0.030 177 90 92
-0.346 -0.141  0.028 165 108 115
-0.344 -0.138  0.026 149 125 137
-0.342 -0.132  0.023 204 150 131
-0.341 -0.128  0.021 218 142 119
-0.339 -0.123  0.018 196 141 131
-0.376 -0.109  0.057 158 153 117
-0.375 -0.114  0.056 147 141 99
-0.373 -0.118  0.055 132 130 97
-0.372 -0.121  0.055 115 105 100
-0.371 -0.124  0.054 103 97 97
-0.369 -0.126  0.053 128 91 87
-0.368 -0.130  0.052 164 94 74
-0.367 -0.132  0.051 177 92 68
-0.366 -0.136  0.050 182 94 69
-0.365 -0.139  0.050 187 95 72
-0.363 -0.143  0.049 193 100 73
-0.362 -0.146  0.048 184 96 73
-0.361 -0.148  0.047 172 77 64
-0.360 -0.150  0.046 189 84 63
-0.359 -0.151  0.045 209 85 67
-0.357 -0.152  0.044 223 93 76
-0.356 -0.151  0.043 243 105 84
-0.355 -0.151  0.041 230 107 92
-0.353 -0.151  0.040 169 86 86
-0.352 -0.151  0.039 151 88 85
-0.351 -0.149  0.037 162 91 86
-0.349 -0.148  0.035 169 91 87
-0.348 -0.146  0.034 177 92 88
-0.346 -0.140  0.031 168 100 101
-0.344 -0.137  0.029 141 112 127
-0.343 -0.133  0.026 171 127 142
-0.340 -0.126  0.023 218 154 140
-0.339 -0.123  0.021 225 144 119
-0.337 -0.118  0.018 206 143 128
-0.374 -0.108  0.058 157 149 114
-0.373 -0.113  0.057 149 145 99
-0.372 -0.116  0.056 133 133 98
-0.371 -0.119  0.056 116 113 100
-0.369 -0.122  0.055 101 98 100
-0.368 -0.124  0.054 105 93 95
-0.367 -0.126  0.053 130 94 87
-0.365 -0.129  0.052 168 96 74
-0.364 -0.132  0.051 181 93 69
-0.363 -0.136  0.050 187 96 70
-0.362 -0.140  0.050 190 97 73
-0.361 -0.143  0.049 148 94 85
-0.360 -0.145  0.048 139 77 77
-0.358 -0.146  0.047 176 80 69
-0.357 -0.147  0.046 208 87 65
-0.356 -0.149  0.045 225 95 69
-0.355 -0.149  0.043 241 107 82
-0.353 -0.148  0.042 211 117 97
-0.352 -0.148  0.041 138 104 113
-0.351 -0.147  0.039 128 96 94
-0.349 -0.145  0.037 154 101 91
-0.348 -0.144  0.036 171 97 89
-0.346 -0.141  0.034 185 98 88
-0.344 -0.136  0.031 150 110 105
-0.343 -0.134  0.029 131 121 130
-0.341 -0.129  0.027 192 133 124
-0.339 -0.122  0.023 226 142 119
-0.337 -0.118  0.021 222 140 117
-0.335 -0.115  0.019 208 148 129
-0.373 -0.106  0.059 156 148 113
-0.372 -0.111  0.058 150 145 100
-0.370 -0.115  0.058 137 136 97
-0.369 -0.117  0.057 125 124 98
-0.368 -0.119  0.055 111 105 96
-0.367 -0.121  0.055 103 95 94
-0.365 -0.124  0.054 106 93 94
-0.364 -0.126  0.053 137 89 82
-0.363 -0.129  0.052 166 90 70
-0.362 -0.133  0.051 180 96 72
-0.360 -0.136  0.050 167 101 79
-0.359 -0.139  0.050 117 94 102
-0.358 -0.141  0.049 111 91 105
-0.357 -0.143  0.048 132 87 91
-0.356 -0.145  0.047 172 90 78
-0.354 -0.146  0.045 203 99 74
-0.353 -0.145  0.044 217 104 80
-0.352 -0.145  0.043 187 120 108
-0.350 -0.144  0.041 127 122 144
-0.349 -0.142  0.039 115 104 112
-0.347 -0.141  0.038 131 106 97
-0.346 -0.140  0.036 162 102 91
-0.344 -0.138  0.034 187 104 89
-0.343 -0.134  0.032 175 111 102
-0.341 -0.132  0.030 173 119 120
-0.339 -0.126  0.027 211 130 108
-0.337 -0.119  0.024 223 138 113
-0.335 -0.115  0.022 216 138 120
-0.333 -0.112  0.019 208 157 136
-0.372 -0.105  0.060 152 146 117
-0.370 -0.111  0.060 149 142 102
-0.369 -0.114  0.059 141 141 99
-0.368 -0.115  0.058 137 130 93
-0.366 -0.117  0.056 134 103 83
-0.365 -0.119  0.056 127 96 81
-0.364 -0.121  0.054 122 93 81
-0.362 -0.122  0.053 130 89 77
-0.361 -0.127  0.053 151 85 72
-0.360 -0.129  0.052 167 87 72
-0.359 -0.133  0.051 161 88 79
-0.358 -0.136  0.050 136 87 96
-0.357 -0.138  0.049 113 93 112
-0.355 -0.140  0.048 101 94 111
-0.354 -0.141  0.047 118 90 102
-0.353 -0.142  0.046 144 94 91
-0.351 -0.142  0.045 181 96 81
-0.350 -0.141  0.043 191 110 92
-0.349 -0.141  0.042 174 119 115
-0.347 -0.140  0.040 137 113 122
-0.346 -0.138  0.038 119 115 114
-0.344 -0.137  0.037 143 118 99
-0.343 -0.135  0.035 172 120 96
-0.341 -0.132  0.033 192 115 98
-0.340 -0.130  0.031 207 118 104
-0.338 -0.124  0.028 220 128 105
-0.335 -0.116  0.025 218 138 123
-0.334 -0.112  0.022 212 137 126
-0.332 -0.108  0.020 209 162 141
-0.370 -0.102  0.061 152 144 118
-0.369 -0.109  0.061 146 138 104
-0.368 -0.111  0.060 144 140 101
-0.366 -0.113  0.059 146 118 87
-0.365 -0.115  0.058 149 101 76
-0.364 -0.117  0.057 144 95 73
-0.362 -0.119  0.055 137 92 73
-0.361 -0.120  0.054 133 90 73
-0.360 -0.124  0.054 149 85 76
-0.359 -0.127  0.053 165 86 75
-0.358 -0.131  0.052 171 85 81
-0.356 -0.134  0.051 175 98 95
-0.355 -0.136  0.050 132 87 94
-0.354 -0.138  0.049 94 89 102
-0.353 -0.139  0.048 90 89 104
-0.351 -0.140  0.047 97 91 105
-0.350 -0.139  0.045 125 90 99
-0.349 -0.139  0.044 152 101 96
-0.347 -0.137  0.042 188 112 105
-0.346 -0.136  0.041 147 123 131
-0.344 -0.136  0.039 114 123 129
-0.343 -0.134  0.038 125 133 103
-0.341 -0.132  0.036 146 141 104
-0.340 -0.130  0.034 177 153 113
-0.338 -0.127  0.032 192 143 117
-0.336 -0.121  0.029 203 122 108
-0.334 -0.113  0.025 208 127 121
-0.332 -0.108  0.023 209 138 128
-0.330 -0.104  0.021 208 166 142
-0.369 -0.100  0.062 157 143 115
-0.367 -0.106  0.062 143 135 103
-0.366 -0.109  0.061 135 137 105
-0.365 -0.111  0.060 136 115 88
-0.363 -0.113  0.059 150 103 77
-0.362 -0.115  0.058 151 96 72
-0.361 -0.116  0.056 144 94 72
-0.360 -0.117  0.055 132 94 75
-0.358 -0.121  0.054 142 101 81
-0.357 -0.124  0.054 163 86 78
-0.356 -0.129  0.053 178 84 80
-0.355 -0.132  0.052 179 95 92
-0.354 -0.134  0.051 128 99 87
-0.352 -0.135  0.050 90 89 97
-0.351 -0.137  0.049 85 88 95
-0.350 -0.137  0.048 86 91 99
-0.348 -0.136  0.046 93 91 104
-0.347 -0.136  0.045 110 98 118
-0.346 -0.135  0.043 144 117 135
-0.344 -0.133  0.041 126 126 146
-0.343 -0.132  0.040 110 129 135
-0.341 -0.131  0.038 121 143 107
-0.340 -0.129  0.036 132 164 118
-0.338 -0.126  0.034 161 192 144
-0.336 -0.124  0.032 172 178 136
-0.334 -0.118  0.030 186 122 112
-0.332 -0.109  0.026 198 124 117
-0.330 -0.104  0.023 206 141 129
-0.328 -0.100  0.021 210 173 144
-0.368 -0.086  0.063 172 151 115
-0.367 -0.096  0.063 160 141 112
-0.366 -0.103  0.063 144 141 101
-0.365 -0.105  0.062 133 138 103
-0.363 -0.108  0.061 129 121 91
-0.362 -0.110  0.060 151 104 79
-0.361 -0.112  0.058 147 98 76
-0.359 -0.113  0.057 135 92 73
-0.358 -0.114  0.056 126 97 79
-0.357 -0.118  0.055 131 129 90
-0.356 -0.121  0.054 142 116 87
-0.355 -0.126  0.054 154 114 88
-0.353 -0.128  0.053 149 124 94
-0.352 -0.130  0.052 120 130 98
-0.351 -0.131  0.051 96 117 111
-0.350 -0.133  0.050 87 91 103
-0.348 -0.133  0.048 86 93 102
-0.347 -0.132  0.047 86 96 113
-0.345 -0.132  0.045 94 108 138
-0.344 -0.131  0.044 105 120 151
-0.343 -0.130  0.042 108 126 151
-0.341 -0.129  0.041 108 133 135
-0.340 -0.128  0.039 124 151 113
-0.338 -0.126  0.037 134 176 125
-0.336 -0.123  0.035 151 199 149
-0.335 -0.120  0.033 166 192 143
-0.332 -0.112  0.030 181 125 116
-0.330 -0.104  0.026 193 129 119
-0.328 -0.099  0.024 201 152 134
-0.368 -0.076  0.065 176 149 111
-0.367 -0.081  0.064 170 145 109
-0.365 -0.091  0.064 160 140 110
-0.364 -0.100  0.064 146 146 99
-0.363 -0.102  0.063 136 141 97
-0.362 -0.105  0.062 132 125 89
-0.360 -0.107  0.060 154 103 78
-0.359 -0.109  0.059 136 103 78
-0.358 -0.110  0.058 116 94 76
-0.356 -0.111  0.057 113 100 82
-0.355 -0.114  0.056 123 142 92
-0.354 -0.118  0.055 125 139 93
-0.353 -0.122  0.055 128 145 96
-0.352 -0.125  0.054 127 153 102
-0.351 -0.127  0.053 127 163 119
-0.349 -0.128  0.051 117 163 142
-0.348 -0.129  0.050 105 127 120
-0.347 -0.130  0.049 94 105 114
-0.345 -0.129  0.048 88 105 129
-0.344 -0.129  0.046 91 117 144
-0.342 -0.128  0.045 96 127 156
-0.341 -0.127  0.043 104 141 160
-0.340 -0.126  0.041 117 142 142
-0.338 -0.125  0.040 130 153 118
-0.336 -0.122  0.038 137 176 124
-0.335 -0.119  0.036 148 193 138
-0.333 -0.116  0.034 163 177 139
-0.330 -0.106  0.030 182 131 119
-0.328 -0.098  0.026 191 145 128
-0.368 -0.067  0.066 177 148 112
-0.366 -0.073  0.066 169 140 107
-0.365 -0.078  0.065 167 141 106
-0.364 -0.089  0.065 155 142 108
-0.363 -0.097  0.065 144 145 96
-0.362 -0.100  0.064 137 142 95
-0.360 -0.103  0.063 145 122 86
-0.359 -0.105  0.062 158 104 76
-0.358 -0.107  0.060 124 105 81
-0.356 -0.107  0.059 102 101 85
-0.355 -0.109  0.058 103 108 90
-0.354 -0.112  0.057 119 141 94
-0.352 -0.115  0.056 118 143 95
-0.351 -0.119  0.055 118 155 98
-0.350 -0.121  0.054 121 163 106
-0.349 -0.123  0.053 131 178 123
-0.348 -0.125  0.052 133 186 142
-0.346 -0.126  0.051 123 167 130
-0.345 -0.126  0.050 104 126 116
-0.344 -0.126  0.048 95 122 132
-0.342 -0.126  0.047 100 129 147
-0.341 -0.125  0.045 101 146 170
-0.339 -0.124  0.044 105 165 186
-0.338 -0.124  0.042 137 151 167
-0.336 -0.122  0.040 146 144 117
-0.335 -0.118  0.038 137 165 126
-0.333 -0.115  0.036 142 186 144
-0.331 -0.112  0.034 161 155 140
-0.328 -0.102  0.030 183 137 126
-0.367 -0.059  0.068 178 149 111
-0.366 -0.063  0.067 170 141 107
-0.365 -0.069  0.067 164 135 102
-0.363 -0.076  0.066 162 139 103
-0.362 -0.086  0.066 150 144 105
-0.361 -0.095  0.066 140 140 93
-0.360 -0.098  0.065 136 136 93
-0.359 -0.101  0.064 156 115 86
-0.357 -0.103  0.063 153 105 79
-0.356 -0.105  0.061 114 106 88
-0.355 -0.105  0.060 98 110 101
-0.353 -0.107  0.059 99 116 104
-0.352 -0.109  0.058 112 138 104
-0.351 -0.112  0.057 116 146 99
-0.350 -0.116  0.056 118 154 98
-0.349 -0.119  0.055 122 165 106
-0.347 -0.120  0.054 130 179 118
-0.346 -0.122  0.053 138 185 128
-0.345 -0.123  0.052 128 172 127
-0.343 -0.123  0.050 114 144 117
-0.342 -0.123  0.049 102 132 128
-0.341 -0.123  0.048 104 137 147
-0.339 -0.123  0.046 102 159 182
-0.338 -0.122  0.045 112 185 209
-0.336 -0.121  0.043 163 153 179
-0.335 -0.119  0.041 176 134 121
-0.333 -0.115  0.039 141 151 143
-0.331 -0.112  0.037 130 175 170
-0.329 -0.109  0.035 142 154 165
-0.326 -0.097  0.031 169 146 146
-0.366 -0.055  0.069 172 145 109
-0.364 -0.060  0.069 164 137 101
-0.363 -0.067  0.068 161 133 97
-0.362 -0.073  0.067 159 135 99
-0.361 -0.084  0.067 147 142 103
-0.360 -0.091  0.067 137 137 92
-0.358 -0.094  0.066 135 133 91
-0.357 -0.097  0.065 151 116 86
-0.356 -0.100  0.064 135 106 84
-0.355 -0.102  0.063 107 113 100
-0.353 -0.103  0.061 96 119 118
-0.352 -0.105  0.060 102 125 120
-0.351 -0.107  0.059 111 141 124
-0.349 -0.110  0.058 110 147 114
-0.348 -0.114  0.057 115 151 106
-0.347 -0.116  0.056 122 159 107
-0.346 -0.117  0.055 135 179 115
-0.344 -0.118  0.054 127 159 118
-0.343 -0.120  0.053 116 146 117
-0.342 -0.120  0.051 109 132 115
-0.340 -0.120  0.050 103 120 121
-0.339 -0.119  0.048 107 131 141
-0.338 -0.119  0.047 111 156 178
-0.336 -0.117  0.045 138 174 196
-0.335 -0.117  0.044 201 148 153
-0.333 -0.115  0.042 205 138 131
-0.331 -0.110  0.039 145 146 161
-0.329 -0.107  0.037 120 163 182
-0.327 -0.104  0.035 122 164 188
-0.324 -0.091  0.031 145 156 165
-0.322 -0.084  0.028 163 171 168
-0.364 -0.052  0.071 168 142 107
-0.363 -0.058  0.070 161 135 98
-0.361 -0.063  0.069 159 131 96
-0.360 -0.070  0.068 157 131 98
-0.359 -0.080  0.068 146 133 102
-0.358 -0.088  0.068 136 131 93
-0.357 -0.091  0.067 134 136 93
-0.356 -0.094  0.066 133 124 91
-0.354 -0.097  0.065 113 105 90
-0.353 -0.099  0.063 104 119 110
-0.352 -0.100  0.062 96 127 128
-0.350 -0.102  0.061 103 133 134
-0.349 -0.104  0.060 106 144 144
-0.348 -0.107  0.059 100 144 138
-0.347 -0.111  0.058 102 141 122
-0.345 -0.113  0.057 114 146 110
-0.344 -0.114  0.056 139 180 115
-0.343 -0.115  0.055 111 129 112
-0.342 -0.116  0.053 98 115 108
-0.340 -0.117  0.052 95 108 112
-0.339 -0.116  0.051 98 104 115
-0.337 -0.116  0.049 120 115 122
-0.336 -0.115  0.047 146 133 137
-0.334 -0.113  0.046 179 139 142
-0.333 -0.112  0.044 231 139 118
-0.331 -0.110  0.042 214 144 131
-0.329 -0.106  0.040 143 140 159
-0.327 -0.103  0.038 116 150 168
-0.325 -0.100  0.036 116 163 185
-0.323 -0.088  0.032 136 161 171
-0.320 -0.081  0.029 158 175 173
-0.362 -0.049  0.072 166 140 106
-0.361 -0.055  0.071 160 135 99
-0.360 -0.060  0.070 157 130 96
-0.359 -0.067  0.069 155 129 98
-0.358 -0.078  0.069 145 124 102
-0.357 -0.085  0.069 135 122 93
-0.355 -0.088  0.068 131 137 96
-0.354 -0.091  0.067 117 127 94
-0.353 -0.094  0.066 103 101 92
-0.351 -0.096  0.064 102 116 111
-0.350 -0.097  0.063 97 133 131
-0.349 -0.099  0.062 96 138 143
-0.347 -0.101  0.061 95 144 156
-0.346 -0.104  0.060 94 146 156
-0.345 -0.107  0.059 94 138 139
-0.344 -0.109  0.058 104 137 117
-0.342 -0.110  0.057 136 179 117
-0.341 -0.111  0.055 107 133 121
-0.340 -0.113  0.054 93 102 110
-0.338 -0.113  0.053 91 107 120
-0.337 -0.112  0.051 98 107 127
-0.336 -0.112  0.050 121 114 122
-0.334 -0.111  0.048 160 114 109
-0.332 -0.109  0.046 200 120 101
-0.331 -0.108  0.045 223 131 108
-0.329 -0.105  0.043 186 137 128
-0.327 -0.101  0.040 131 131 146
-0.325 -0.098  0.038 114 143 160
-0.323 -0.094  0.036 115 158 178
-0.320 -0.083  0.032 138 169 178
-0.318 -0.076  0.029 161 176 173
-0.361 -0.049  0.073 168 142 107
-0.360 -0.054  0.072 163 137 103
-0.358 -0.059  0.071 155 131 99
-0.357 -0.065  0.071 152 130 99
-0.356 -0.074  0.070 144 124 101
-0.355 -0.082  0.070 134 118 93
-0.354 -0.086  0.069 128 135 98
-0.352 -0.089  0.068 112 123 96
-0.351 -0.092  0.067 101 101 92
-0.350 -0.094  0.065 101 110 105
-0.348 -0.095  0.064 100 135 125
-0.347 -0.097  0.063 97 140 141
-0.346 -0.098  0.062 99 146 155
-0.345 -0.101  0.061 99 149 159
-0.343 -0.103  0.060 98 142 145
-0.342 -0.105  0.059 100 131 119
-0.341 -0.106  0.057 130 172 115
-0.339 -0.108  0.056 113 153 133
-0.338 -0.108  0.055 95 103 116
-0.337 -0.109  0.053 89 110 130
-0.335 -0.109  0.052 100 120 146
-0.334 -0.108  0.050 110 131 155
-0.332 -0.108  0.049 131 124 134
-0.331 -0.105  0.047 168 129 121
-0.329 -0.104  0.045 173 126 122
-0.327 -0.101  0.043 137 125 136
-0.325 -0.097  0.041 113 133 151
-0.323 -0.093  0.039 117 155 168
-0.321 -0.089  0.036 127 170 180
-0.319 -0.079  0.033 147 177 182
-0.358 -0.054  0.074 168 140 105
-0.357 -0.059  0.073 158 134 100
-0.355 -0.065  0.072 152 130 100
-0.354 -0.072  0.071 143 125 101
-0.353 -0.078  0.071 132 118 94
-0.352 -0.081  0.070 124 121 99
-0.351 -0.085  0.069 109 114 100
-0.349 -0.088  0.068 103 102 95
-0.348 -0.091  0.066 100 106 101
-0.347 -0.092  0.065 107 137 109
-0.346 -0.094  0.064 110 136 121
-0.344 -0.096  0.063 124 129 129
-0.343 -0.098  0.062 122 136 136
-0.342 -0.100  0.061 114 128 130
-0.340 -0.102  0.059 105 117 108
-0.339 -0.102  0.058 126 157 110
-0.338 -0.104  0.057 116 153 132
-0.336 -0.104  0.055 98 101 120
-0.335 -0.105  0.054 87 105 133
-0.334 -0.105  0.053 98 121 152
-0.332 -0.104  0.051 103 129 166
-0.331 -0.104  0.050 108 130 152
-0.329 -0.101  0.048 120 138 148
-0.327 -0.100  0.046 120 134 154
-0.325 -0.097  0.044 110 139 161
-0.323 -0.091  0.041 112 154 175
-0.321 -0.087  0.039 126 178 179
-0.319 -0.083  0.037 143 180 172
-0.317 -0.076  0.034 159 178 168
-0.355 -0.058  0.074 165 139 103
-0.354 -0.063  0.073 155 132 101
-0.353 -0.070  0.073 144 127 101
-0.352 -0.074  0.072 131 119 97
-0.350 -0.078  0.071 117 109 100
-0.349 -0.081  0.070 108 105 102
-0.348 -0.084  0.068 105 104 103
-0.347 -0.087  0.067 102 111 103
-0.345 -0.089  0.066 114 140 99
-0.344 -0.091  0.065 127 132 95
-0.342 -0.092  0.064 154 107 96
-0.341 -0.094  0.063 157 114 104
-0.340 -0.096  0.061 145 103 103
-0.339 -0.098  0.060 130 98 92
-0.337 -0.098  0.059 131 124 101
-0.336 -0.099  0.057 115 123 115
-0.335 -0.100  0.056 107 95 110
-0.333 -0.101  0.055 98 103 130
-0.332 -0.101  0.054 98 114 142
-0.330 -0.100  0.052 102 122 149
-0.329 -0.099  0.050 100 126 151
-0.327 -0.096  0.048 108 142 158
-0.325 -0.094  0.046 113 159 174
-0.323 -0.089  0.044 119 173 185
-0.321 -0.084  0.042 129 186 188
-0.319 -0.080  0.039 132 181 169
-0.317 -0.076  0.037 155 184 149
-0.315 -0.073  0.035 168 181 153
-0.352 -0.061  0.075 160 137 104
-0.351 -0.066  0.074 148 128 98
-0.350 -0.070  0.073 138 123 97
-0.349 -0.074  0.072 124 115 99
-0.347 -0.077  0.070 117 109 103
-0.346 -0.081  0.069 104 108 106
-0.345 -0.083  0.068 101 108 105
-0.343 -0.085  0.067 112 135 101
-0.342 -0.086  0.066 127 144 97
-0.341 -0.088  0.064 148 136 100
-0.339 -0.090  0.063 164 128 107
-0.338 -0.092  0.062 170 100 99
-0.337 -0.094  0.061 174 99 90
-0.335 -0.094  0.060 159 93 90
-0.334 -0.096  0.058 138 87 91
-0.333 -0.096  0.057 129 87 89
-0.331 -0.097  0.056 120 94 108
-0.330 -0.097  0.054 119 131 126
-0.328 -0.095  0.052 112 134 140
-0.327 -0.094  0.051 105 124 146
-0.325 -0.091  0.049 112 135 153
-0.323 -0.088  0.047 123 160 165
-0.321 -0.084  0.045 130 172 171
-0.319 -0.078  0.042 142 180 156
-0.317 -0.074  0.040 144 172 139
-0.315 -0.072  0.038 159 179 141
-0.313 -0.069  0.035 176 181 150
-0.349 -0.063  0.075 154 133 101
-0.348 -0.067  0.074 140 123 97
-0.347 -0.070  0.073 134 121 96
-0.346 -0.073  0.071 126 115 100
-0.344 -0.077  0.070 112 109 104
-0.343 -0.080  0.069 104 111 106
-0.342 -0.081  0.068 107 127 101
-0.340 -0.082  0.067 124 149 98
-0.339 -0.083  0.065 137 166 111
-0.338 -0.086  0.064 148 160 115
-0.336 -0.088  0.063 142 111 94
-0.335 -0.089  0.062 165 93 85
-0.334 -0.090  0.060 172 94 89
-0.332 -0.091  0.059 164 87 87
-0.331 -0.092  0.058 151 81 80
-0.330 -0.093  0.056 147 90 88
-0.328 -0.093  0.055 141 150 109
-0.326 -0.091  0.053 134 160 136
-0.325 -0.089  0.051 116 125 138
-0.323 -0.086  0.049 114 130 145
-0.321 -0.081  0.047 136 165 148
-0.319 -0.077  0.045 132 154 145
-0.317 -0.073  0.043 142 157 131
-0.315 -0.071  0.040 155 169 135
-0.313 -0.067  0.038 166 178 146
-0.347 -0.065  0.075 147 130 99
-0.345 -0.069  0.074 139 125 96
-0.344 -0.072  0.073 134 122 99
-0.343 -0.074  0.072 128 119 100
-0.341 -0.076  0.070 119 127 99
-0.340 -0.078  0.069 116 135 97
-0.339 -0.079  0.068 124 139 92
-0.337 -0.079  0.066 126 155 106
-0.336 -0.081  0.065 129 142 103
-0.335 -0.084  0.064 126 109 88
-0.333 -0.085  0.063 160 94 76
-0.332 -0.086  0.061 163 90 79
-0.330 -0.086  0.060 159 81 77
-0.329 -0.087  0.058 160 78 80
-0.328 -0.089  0.057 174 92 90
-0.326 -0.089  0.056 166 139 106
-0.325 -0.088  0.054 160 156 128
-0.323 -0.085  0.052 128 118 126
-0.321 -0.083  0.050 111 124 139
-0.319 -0.076  0.048 116 127 144
-0.317 -0.073  0.045 124 134 151
-0.315 -0.069  0.043 146 153 144
-0.313 -0.067  0.041 162 166 146
-0.311 -0.064  0.039 174 175 151
-0.344 -0.066  0.075 145 130 98
-0.342 -0.069  0.074 140 127 97
-0.341 -0.072  0.073 136 125 98
-0.340 -0.074  0.071 128 141 94
-0.338 -0.075  0.070 122 146 96
-0.337 -0.075  0.069 119 143 95
-0.335 -0.077  0.067 121 149 97
-0.334 -0.078  0.066 122 124 91
-0.333 -0.079  0.065 129 106 84
-0.331 -0.081  0.063 165 99 77
-0.330 -0.081  0.062 172 93 78
-0.328 -0.082  0.061 167 83 77
-0.327 -0.082  0.059 180 82 80
-0.326 -0.085  0.058 196 94 93
-0.324 -0.085  0.057 199 108 102
-0.323 -0.083  0.055 185 116 107
-0.321 -0.082  0.053 138 112 119
-0.319 -0.079  0.051 113 120 133
-0.316 -0.071  0.048 116 129 148
-0.314 -0.067  0.046 125 140 162
-0.313 -0.065  0.044 148 153 153
-0.311 -0.064  0.042 168 164 148
-0.309 -0.061  0.040 187 173 149
-0.341 -0.067  0.075 141 129 100
-0.339 -0.070  0.074 134 130 99
-0.338 -0.071  0.073 127 142 95
-0.337 -0.073  0.071 127 153 95
-0.335 -0.073  0.070 127 154 101
-0.334 -0.074  0.068 121 147 99
-0.332 -0.075  0.067 125 129 95
-0.331 -0.076  0.066 135 105 87
-0.329 -0.077  0.064 173 103 79
-0.328 -0.077  0.063 188 97 78
-0.327 -0.078  0.061 197 96 78
-0.325 -0.078  0.060 210 97 81
-0.324 -0.080  0.059 223 105 92
-0.322 -0.081  0.057 227 128 109
-0.321 -0.080  0.056 185 127 114
-0.319 -0.078  0.054 140 119 125
-0.317 -0.076  0.052 116 123 142
-0.315 -0.070  0.050 114 131 155
-0.313 -0.067  0.047 121 140 161
-0.311 -0.064  0.045 149 155 154
-0.309 -0.061  0.043 175 166 150
-0.338 -0.069  0.075 144 132 100
-0.336 -0.071  0.074 134 136 103
-0.335 -0.071  0.073 135 154 101
-0.334 -0.071  0.071 141 169 113
-0.332 -0.072  0.070 141 173 121
-0.331 -0.072  0.068 137 126 107
-0.329 -0.073  0.067 139 113 94
-0.328 -0.074  0.065 175 103 85
-0.326 -0.074  0.064 195 101 78
-0.325 -0.074  0.062 211 101 78
-0.323 -0.075  0.061 224 108 82
-0.322 -0.076  0.060 235 117 91
-0.320 -0.076  0.058 225 130 104
-0.319 -0.076  0.057 177 127 116
-0.317 -0.074  0.055 149 128 129
-0.315 -0.072  0.053 131 129 140
-0.313 -0.067  0.050 125 131 150
-0.311 -0.064  0.048 140 143 152
-0.309 -0.061  0.046 168 162 150
-0.335 -0.070  0.075 153 140 115
-0.333 -0.071  0.074 145 143 113
-0.332 -0.071  0.072 151 146 112
-0.331 -0.071  0.071 154 148 115
-0.329 -0.072  0.070 152 139 113
-0.328 -0.072  0.068 149 134 109
-0.326 -0.072  0.067 172 118 103
-0.324 -0.072  0.065 195 105 89
-0.323 -0.072  0.064 215 103 83
-0.321 -0.071  0.062 229 109 85
-0.320 -0.072  0.061 228 123 97
-0.318 -0.073  0.059 199 133 111
-0.317 -0.072  0.057 172 138 124
-0.315 -0.070  0.056 161 143 135
-0.313 -0.069  0.054 156 149 142
-0.311 -0.063  0.051 162 151 146
-0.330 -0.070  0.074 164 147 120
-0.329 -0.071  0.072 153 147 116
-0.328 -0.071  0.071 157 140 118
-0.326 -0.071  0.069 157 141 117
-0.324 -0.071  0.068 161 136 118
-0.323 -0.070  0.066 177 134 114
-0.321 -0.069  0.065 193 130 106
-0.320 -0.069  0.063 199 129 107
-0.318 -0.070  0.062 194 137 120
-0.317 -0.069  0.060 183 144 128

