-0.466 -0.006 -0.215 226 189 125
-0.464 -0.008 -0.219 228 189 111
-0.461 -0.009 -0.219 222 185 105
-0.458 -0.010 -0.219 223 183 107
-0.455 -0.010 -0.219 224 184 106
-0.452 -0.011 -0.219 224 181 102
-0.449 -0.012 -0.219 219 178 100
-0.447 -0.013 -0.219 218 177 100
-0.427  0.114  0.076 223 179 99
-0.425  0.115  0.079 224 181 103
-0.423  0.116  0.081 223 183 106
-0.422  0.116  0.082 224 184 107
-0.420  0.116  0.083 226 188 109
-0.419  0.117  0.086 229 189 115
-0.442  0.118  0.072 220 182 110
-0.441  0.118  0.072 221 179 98
-0.439  0.118  0.072 230 175 85
-0.437  0.117  0.073 233 174 72
-0.436  0.117  0.073 230 173 68
-0.434  0.117  0.073 231 174 68
-0.433  0.117  0.074 232 179 70
-0.431  0.117  0.075 232 176 70
-0.429  0.117  0.076 231 177 69
-0.428  0.117  0.077 230 176 70
-0.426  0.116  0.077 230 178 70
-0.425  0.117  0.079 231 178 71
-0.423  0.117  0.081 232 179 72
-0.421  0.118  0.083 233 176 71
-0.420  0.118  0.084 234 178 73
-0.418  0.119  0.086 232 176 78
-0.417  0.119  0.087 228 179 91
-0.415  0.118  0.088 224 182 104
-0.414  0.118  0.088 224 185 114
-0.444  0.122  0.076 223 182 102
-0.443  0.121  0.074 222 179 90
-0.442  0.120  0.073 228 172 69
-0.440  0.120  0.074 231 175 67
-0.439  0.120  0.073 233 174 69
-0.437  0.120  0.074 232 175 69
-0.435  0.120  0.075 231 176 69
-0.434  0.119  0.075 231 174 67
-0.432  0.119  0.076 232 177 69
-0.431  0.119  0.076 232 175 67
-0.429  0.119  0.077 233 178 67
-0.427  0.119  0.078 233 177 69
-0.426  0.119  0.078 232 178 70
-0.424  0.119  0.080 232 178 69
-0.423  0.119  0.082 233 179 69
-0.421  0.120  0.083 232 179 70
-0.420  0.120  0.084 233 179 70
-0.418  0.120  0.086 234 178 69
-0.416  0.120  0.087 233 178 69
-0.415  0.120  0.087 232 175 71
-0.413  0.120  0.088 229 175 76
-0.412  0.119  0.088 228 179 89
-0.410  0.119  0.088 225 184 106
-0.409  0.118  0.086 225 190 123
-0.450  0.126  0.078 211 141 115
-0.448  0.126  0.077 224 169 110
-0.447  0.125  0.077 225 182 105
-0.445  0.125  0.077 228 175 86
-0.444  0.124  0.076 233 178 68
-0.443  0.123  0.075 230 179 71
-0.441  0.123  0.075 232 176 70
-0.440  0.122  0.075 233 176 68
-0.438  0.122  0.075 232 176 68
-0.436  0.122  0.076 233 174 68
-0.435  0.122  0.076 232 177 70
-0.433  0.121  0.076 230 177 69
-0.432  0.121  0.077 232 177 68
-0.430  0.121  0.077 231 176 68
-0.428  0.121  0.078 231 180 69
-0.427  0.121  0.079 232 178 69
-0.425  0.121  0.079 234 175 69
-0.424  0.121  0.081 233 179 68
-0.422  0.121  0.083 232 178 67
-0.421  0.121  0.084 231 179 71
-0.419  0.121  0.085 232 179 69
-0.418  0.122  0.086 233 179 70
-0.416  0.121  0.087 232 179 68
-0.415  0.121  0.087 232 177 71
-0.413  0.121  0.087 232 176 71
-0.412  0.121  0.087 232 177 72
-0.410  0.120  0.087 229 176 74
-0.409  0.119  0.086 226 176 87
-0.407  0.119  0.086 223 181 106
-0.451  0.128  0.078 196 125 91
-0.450  0.128  0.078 207 142 83
-0.448  0.127  0.077 228 166 73
-0.447  0.127  0.077 233 174 71
-0.445  0.126  0.077 234 175 68
-0.444  0.126  0.076 235 179 69
-0.442  0.125  0.075 232 175 69
-0.441  0.124  0.075 232 176 70
-0.439  0.124  0.076 230 174 68
-0.437  0.124  0.076 234 178 68
-0.436  0.124  0.077 234 175 67
-0.434  0.124  0.077 234 174 68
-0.433  0.124  0.078 230 178 68
-0.431  0.123  0.078 233 176 66
-0.430  0.123  0.079 232 175 67
-0.428  0.123  0.079 231 180 69
-0.426  0.123  0.080 233 178 67
-0.425  0.123  0.080 234 177 68
-0.423  0.123  0.082 234 180 67
-0.422  0.123  0.084 233 178 68
-0.420  0.123  0.085 232 179 69
-0.419  0.123  0.085 233 179 70
-0.417  0.123  0.086 232 179 70
-0.416  0.123  0.086 232 178 69
-0.414  0.122  0.086 231 178 72
-0.413  0.122  0.086 233 177 69
-0.411  0.122  0.086 234 178 69
-0.410  0.121  0.086 231 177 71
-0.408  0.121  0.085 229 174 73
-0.407  0.121  0.086 226 173 77
-0.405  0.120  0.085 225 180 92
-0.404  0.120  0.085 225 185 112
-0.451  0.130  0.078 201 134 70
-0.449  0.130  0.078 220 167 71
-0.448  0.129  0.077 231 174 69
-0.446  0.128  0.077 233 176 70
-0.445  0.128  0.077 235 173 69
-0.443  0.128  0.077 234 178 71
-0.442  0.127  0.076 232 175 68
-0.440  0.127  0.076 232 174 68
-0.439  0.126  0.077 230 173 67
-0.437  0.126  0.077 233 175 67
-0.435  0.126  0.078 234 178 67
-0.434  0.126  0.079 234 176 68
-0.432  0.126  0.079 233 177 67
-0.431  0.126  0.080 233 178 67
-0.429  0.126  0.081 233 178 68
-0.428  0.125  0.081 234 180 68
-0.426  0.126  0.082 234 178 67
-0.424  0.126  0.083 234 179 69
-0.423  0.125  0.084 234 179 68
-0.421  0.125  0.085 234 178 69
-0.420  0.125  0.086 234 179 68
-0.418  0.125  0.086 234 178 71
-0.417  0.125  0.087 233 178 70
-0.415  0.125  0.086 232 177 70
-0.414  0.124  0.086 232 178 71
-0.412  0.124  0.086 233 178 69
-0.411  0.123  0.086 235 179 70
-0.409  0.123  0.085 234 179 71
-0.408  0.122  0.085 232 178 72
-0.406  0.122  0.085 231 176 74
-0.405  0.121  0.085 230 176 72
-0.403  0.121  0.085 229 176 79
-0.402  0.120  0.084 224 182 105
-0.452  0.132  0.079 205 157 101
-0.450  0.132  0.079 222 163 65
-0.449  0.131  0.078 228 173 67
-0.447  0.131  0.078 230 171 68
-0.446  0.130  0.077 233 178 70
-0.444  0.130  0.077 234 174 69
-0.443  0.129  0.077 233 177 73
-0.441  0.129  0.077 234 174 66
-0.440  0.129  0.078 236 176 67
-0.438  0.129  0.079 234 175 67
-0.436  0.129  0.079 234 178 67
-0.435  0.128  0.080 235 180 67
-0.433  0.128  0.080 236 177 66
-0.432  0.128  0.081 234 177 66
-0.430  0.128  0.082 234 178 67
-0.429  0.128  0.082 233 178 68
-0.427  0.128  0.083 234 179 69
-0.425  0.128  0.084 235 178 69
-0.424  0.128  0.085 235 182 69
-0.422  0.128  0.086 235 179 68
-0.421  0.128  0.087 235 179 69
-0.419  0.127  0.087 235 179 70
-0.418  0.127  0.087 234 177 71
-0.416  0.127  0.087 233 178 71
-0.415  0.126  0.087 232 177 69
-0.413  0.126  0.086 234 179 70
-0.412  0.125  0.086 235 179 70
-0.411  0.125  0.085 235 179 72
-0.409  0.124  0.085 234 181 72
-0.408  0.123  0.084 234 181 72
-0.406  0.123  0.085 235 178 72
-0.405  0.123  0.084 234 177 69
-0.403  0.122  0.085 231 176 69
-0.402  0.122  0.084 229 175 77
-0.400  0.122  0.085 227 182 104
-0.451  0.134  0.080 213 161 82
-0.450  0.134  0.080 230 173 66
-0.448  0.133  0.079 233 173 68
-0.447  0.133  0.079 233 175 67
-0.445  0.132  0.079 235 176 69
-0.444  0.132  0.079 234 175 69
-0.442  0.132  0.079 234 175 69
-0.440  0.131  0.079 235 176 67
-0.439  0.131  0.080 237 179 68
-0.437  0.131  0.081 234 177 66
-0.436  0.131  0.081 234 181 68
-0.434  0.131  0.082 235 178 67
-0.433  0.131  0.083 235 176 67
-0.431  0.131  0.084 234 178 67
-0.430  0.130  0.084 235 179 67
-0.428  0.130  0.085 234 178 66
-0.427  0.130  0.085 234 176 68
-0.425  0.130  0.086 235 176 67
-0.423  0.130  0.086 235 179 70
-0.422  0.130  0.087 236 177 69
-0.420  0.130  0.088 235 178 69
-0.419  0.129  0.088 233 178 70
-0.417  0.129  0.088 232 176 69
-0.416  0.129  0.088 233 178 70
-0.415  0.128  0.087 234 179 68
-0.413  0.128  0.087 236 178 70
-0.412  0.127  0.086 235 178 71
-0.410  0.126  0.085 235 180 73
-0.409  0.126  0.085 235 181 72
-0.407  0.125  0.084 236 182 71
-0.406  0.125  0.084 236 180 71
-0.404  0.124  0.084 235 178 69
-0.403  0.124  0.084 234 178 69
-0.401  0.124  0.084 233 177 71
-0.400  0.123  0.084 234 178 79
-0.398  0.123  0.084 232 185 106
-0.455  0.137  0.080 200 123 105
-0.454  0.137  0.080 193 135 94
-0.452  0.136  0.080 202 143 85
-0.451  0.136  0.080 230 172 67
-0.449  0.136  0.080 234 174 65
-0.448  0.135  0.080 234 176 67
-0.446  0.135  0.080 236 176 69
-0.445  0.134  0.080 236 176 68
-0.443  0.134  0.081 233 177 68
-0.441  0.134  0.081 232 175 65
-0.440  0.134  0.081 235 178 66
-0.438  0.134  0.082 235 176 67
-0.437  0.134  0.083 235 176 65
-0.435  0.133  0.083 233 177 67
-0.434  0.133  0.084 234 176 67
-0.432  0.133  0.085 234 175 66
-0.431  0.133  0.085 236 177 66
-0.429  0.133  0.085 235 177 65
-0.428  0.133  0.086 234 176 65
-0.426  0.132  0.087 234 178 69
-0.425  0.132  0.087 235 177 69
-0.423  0.132  0.087 236 181 69
-0.422  0.132  0.088 237 178 67
-0.420  0.132  0.089 233 177 69
-0.419  0.131  0.089 232 174 69
-0.417  0.131  0.089 231 172 68
-0.416  0.131  0.089 234 179 69
-0.414  0.130  0.088 234 179 67
-0.413  0.129  0.087 236 178 71
-0.411  0.129  0.086 235 177 72
-0.410  0.128  0.086 235 178 73
-0.408  0.127  0.085 235 179 72
-0.407  0.126  0.084 236 181 70
-0.405  0.126  0.084 235 181 71
-0.404  0.126  0.084 235 180 71
-0.402  0.125  0.084 235 178 70
-0.401  0.125  0.083 234 179 71
-0.399  0.125  0.084 237 179 72
-0.398  0.124  0.084 237 181 82
-0.396  0.124  0.084 232 186 111
-0.455  0.139  0.081 188 146 111
-0.453  0.139  0.081 180 138 91
-0.452  0.138  0.081 217 160 68
-0.450  0.138  0.081 234 177 68
-0.449  0.137  0.081 234 172 67
-0.447  0.137  0.081 234 180 69
-0.446  0.137  0.081 234 176 69
-0.444  0.136  0.081 233 177 68
-0.442  0.136  0.082 233 176 65
-0.441  0.136  0.082 233 180 67
-0.439  0.136  0.083 234 177 66
-0.438  0.136  0.083 233 175 65
-0.436  0.136  0.084 233 176 63
-0.435  0.136  0.085 234 174 65
-0.433  0.136  0.086 234 180 67
-0.432  0.135  0.086 233 178 67
-0.430  0.135  0.087 235 179 65
-0.429  0.135  0.088 235 176 65
-0.427  0.135  0.088 234 178 67
-0.426  0.135  0.089 232 179 69
-0.424  0.135  0.089 234 176 70
-0.423  0.134  0.089 235 181 68
-0.421  0.134  0.089 236 176 66
-0.420  0.134  0.090 233 177 68
-0.418  0.133  0.090 232 177 69
-0.417  0.133  0.090 232 175 68
-0.415  0.133  0.089 236 177 68
-0.414  0.132  0.088 234 179 70
-0.412  0.131  0.087 233 178 71
-0.411  0.130  0.086 234 177 73
-0.409  0.130  0.086 234 177 70
-0.408  0.129  0.085 234 181 71
-0.406  0.128  0.084 235 181 71
-0.405  0.128  0.084 235 180 70
-0.403  0.127  0.084 235 181 71
-0.402  0.127  0.083 235 179 70
-0.400  0.126  0.083 235 177 69
-0.399  0.126  0.084 238 179 70
-0.397  0.126  0.083 238 179 73
-0.396  0.125  0.083 238 182 85
-0.453  0.141  0.082 198 143 87
-0.451  0.140  0.082 227 170 63
-0.450  0.140  0.082 235 179 68
-0.448  0.139  0.082 236 176 68
-0.446  0.139  0.082 233 176 67
-0.445  0.139  0.083 233 178 69
-0.443  0.139  0.083 231 173 67
-0.442  0.138  0.083 233 178 67
-0.440  0.138  0.084 235 177 66
-0.439  0.138  0.084 234 178 65
-0.437  0.138  0.085 235 175 63
-0.436  0.138  0.086 234 177 65
-0.434  0.138  0.086 235 176 67
-0.433  0.138  0.087 235 180 68
-0.431  0.138  0.088 236 176 65
-0.430  0.138  0.089 237 182 65
-0.428  0.137  0.089 238 178 63
-0.427  0.137  0.090 235 176 66
-0.425  0.137  0.090 233 178 68
-0.424  0.137  0.090 233 178 69
-0.422  0.136  0.090 234 177 67
-0.421  0.136  0.091 235 175 65
-0.419  0.136  0.091 233 177 68
-0.418  0.135  0.090 234 179 68
-0.416  0.135  0.090 234 177 66
-0.415  0.134  0.089 237 176 67
-0.413  0.133  0.088 235 177 70
-0.412  0.133  0.088 234 179 70
-0.411  0.132  0.087 233 177 70
-0.409  0.131  0.086 234 178 70
-0.408  0.131  0.085 233 181 71
-0.406  0.130  0.083 234 181 71
-0.405  0.129  0.084 235 180 69
-0.403  0.129  0.083 236 181 70
-0.402  0.128  0.083 236 181 69
-0.400  0.128  0.083 236 179 70
-0.399  0.128  0.083 238 179 69
-0.397  0.127  0.083 238 179 69
-0.396  0.127  0.083 239 180 74
-0.394  0.127  0.084 235 190 102
-0.452  0.143  0.083 213 162 86
-0.450  0.142  0.083 232 175 64
-0.449  0.142  0.083 237 177 65
-0.447  0.142  0.083 235 177 68
-0.446  0.141  0.084 235 178 67
-0.444  0.141  0.084 235 178 69
-0.443  0.141  0.085 233 177 69
-0.441  0.141  0.085 235 176 66
-0.440  0.141  0.086 234 175 65
-0.438  0.140  0.086 236 178 63
-0.437  0.140  0.087 234 177 63
-0.435  0.140  0.088 234 176 65
-0.434  0.140  0.088 237 176 67
-0.432  0.140  0.089 236 177 68
-0.431  0.140  0.090 238 173 64
-0.429  0.140  0.090 237 181 63
-0.428  0.139  0.091 236 181 64
-0.426  0.139  0.091 235 178 64
-0.425  0.139  0.091 234 177 65
-0.423  0.139  0.092 236 177 68
-0.422  0.138  0.091 235 176 68
-0.420  0.138  0.091 234 177 66
-0.419  0.138  0.091 234 178 68
-0.417  0.137  0.091 235 180 68
-0.416  0.136  0.090 236 178 66
-0.414  0.136  0.090 239 179 68
-0.413  0.135  0.089 236 178 69
-0.412  0.135  0.088 236 180 70
-0.410  0.134  0.087 234 177 68
-0.409  0.133  0.086 235 179 70
-0.407  0.132  0.085 234 182 71
-0.406  0.131  0.084 233 182 71
-0.404  0.131  0.084 234 180 68
-0.403  0.130  0.083 238 181 70
-0.401  0.130  0.083 238 181 71
-0.400  0.129  0.083 237 181 70
-0.398  0.129  0.083 238 179 68
-0.397  0.129  0.083 238 179 67
-0.395  0.128  0.083 239 179 69
-0.394  0.128  0.084 239 186 86
-0.451  0.145  0.084 219 164 88
-0.450  0.144  0.084 235 177 65
-0.448  0.144  0.084 237 179 66
-0.447  0.144  0.084 237 178 65
-0.445  0.144  0.085 238 175 66
-0.444  0.143  0.086 235 173 66
-0.442  0.143  0.086 235 179 69
-0.441  0.143  0.087 236 174 66
-0.439  0.143  0.088 233 174 68
-0.438  0.142  0.088 234 176 65
-0.436  0.143  0.089 235 177 65
-0.435  0.142  0.089 233 176 65
-0.433  0.142  0.090 235 179 70
-0.432  0.142  0.090 236 177 69
-0.430  0.142  0.091 236 176 66
-0.429  0.142  0.092 236 176 65
-0.427  0.141  0.092 235 178 66
-0.426  0.141  0.092 236 178 66
-0.424  0.141  0.092 234 177 67
-0.423  0.141  0.092 234 180 70
-0.421  0.140  0.092 236 178 67
-0.420  0.139  0.091 233 178 67
-0.418  0.139  0.091 234 176 69
-0.417  0.138  0.090 236 181 71
-0.416  0.138  0.090 238 178 68
-0.414  0.137  0.089 238 182 71
-0.413  0.137  0.089 235 182 70
-0.411  0.136  0.089 236 178 68
-0.410  0.136  0.088 237 176 67
-0.408  0.135  0.087 236 179 69
-0.407  0.134  0.086 234 179 69
-0.405  0.133  0.085 234 180 69
-0.404  0.132  0.084 234 180 70
-0.402  0.132  0.084 237 179 70
-0.401  0.131  0.083 236 179 69
-0.399  0.131  0.083 236 180 69
-0.398  0.131  0.083 237 179 68
-0.396  0.130  0.083 238 180 68
-0.395  0.130  0.083 238 179 70
-0.393  0.130  0.084 241 182 78
-0.392  0.130  0.085 234 187 106
-0.451  0.146  0.085 221 163 86
-0.449  0.146  0.085 234 177 67
-0.448  0.146  0.085 236 178 64
-0.446  0.145  0.085 237 174 62
-0.445  0.146  0.087 238 176 65
-0.443  0.145  0.087 235 176 66
-0.442  0.145  0.088 236 177 67
-0.440  0.145  0.089 236 177 69
-0.439  0.145  0.089 234 176 66
-0.437  0.145  0.089 236 175 65
-0.436  0.145  0.090 235 176 66
-0.434  0.144  0.091 234 177 66
-0.433  0.144  0.091 234 177 69
-0.431  0.144  0.092 235 178 68
-0.430  0.144  0.093 237 178 67
-0.428  0.144  0.093 235 179 68
-0.427  0.144  0.093 235 176 65
-0.425  0.143  0.094 235 177 65
-0.424  0.143  0.093 233 177 65
-0.422  0.142  0.093 236 179 70
-0.421  0.142  0.093 236 177 68
-0.420  0.141  0.092 234 177 68
-0.418  0.141  0.091 235 175 66
-0.417  0.140  0.091 235 179 69
-0.415  0.140  0.090 236 182 70
-0.414  0.139  0.090 236 181 70
-0.412  0.138  0.089 236 180 68
-0.411  0.138  0.089 237 179 67
-0.409  0.137  0.088 237 178 68
-0.408  0.137  0.088 236 179 69
-0.406  0.136  0.087 236 179 70
-0.405  0.135  0.085 236 180 70
-0.404  0.134  0.084 235 181 70
-0.402  0.134  0.084 237 182 69
-0.401  0.133  0.083 236 181 68
-0.399  0.133  0.083 235 180 69
-0.398  0.132  0.084 237 181 70
-0.396  0.132  0.083 238 179 68
-0.395  0.132  0.083 237 179 69
-0.393  0.132  0.084 242 182 74
-0.392  0.132  0.085 238 186 95
-0.450  0.148  0.085 224 161 80
-0.449  0.148  0.086 232 176 69
-0.447  0.148  0.086 233 171 63
-0.446  0.147  0.086 236 175 63
-0.444  0.148  0.088 238 176 66
-0.443  0.147  0.089 237 179 64
-0.441  0.147  0.090 239 179 67
-0.440  0.147  0.090 237 175 66
-0.438  0.147  0.091 234 178 66
-0.437  0.147  0.091 236 175 65
-0.435  0.147  0.093 235 177 66
-0.434  0.147  0.093 236 177 65
-0.432  0.146  0.093 235 177 69
-0.431  0.146  0.094 234 175 66
-0.429  0.146  0.094 235 178 67
-0.428  0.146  0.095 236 179 66
-0.426  0.146  0.095 237 176 65
-0.425  0.145  0.095 235 176 65
-0.423  0.145  0.095 234 177 67
-0.422  0.144  0.094 234 178 70
-0.421  0.144  0.094 235 179 71
-0.419  0.143  0.093 232 177 68
-0.418  0.143  0.092 234 177 65
-0.416  0.142  0.092 236 179 68
-0.415  0.141  0.091 236 177 67
-0.413  0.141  0.090 237 176 67
-0.412  0.140  0.090 238 179 69
-0.410  0.140  0.089 238 180 68
-0.409  0.139  0.089 237 180 71
-0.408  0.138  0.088 238 178 70
-0.406  0.138  0.087 238 177 69
-0.405  0.137  0.085 235 181 69
-0.403  0.136  0.085 236 180 67
-0.402  0.135  0.084 236 183 69
-0.400  0.135  0.084 236 182 69
-0.399  0.134  0.083 236 182 68
-0.397  0.134  0.084 237 182 70
-0.396  0.134  0.083 238 179 68
-0.394  0.134  0.084 237 180 71
-0.393  0.134  0.085 242 182 74
-0.391  0.133  0.086 240 185 95
-0.450  0.150  0.086 218 162 81
-0.448  0.149  0.086 230 171 64
-0.447  0.149  0.086 234 174 66
-0.445  0.149  0.087 238 171 63
-0.444  0.149  0.089 241 177 65
-0.442  0.149  0.090 237 180 66
-0.441  0.149  0.091 237 177 65
-0.439  0.149  0.091 238 176 64
-0.438  0.149  0.092 235 178 65
-0.436  0.149  0.093 236 177 65
-0.435  0.149  0.094 238 179 61
-0.433  0.149  0.094 236 178 66
-0.432  0.148  0.095 233 177 67
-0.430  0.148  0.095 234 179 68
-0.429  0.148  0.095 236 177 65
-0.427  0.148  0.096 237 181 66
-0.426  0.147  0.096 238 178 64
-0.424  0.147  0.096 237 178 64
-0.423  0.147  0.096 237 177 67
-0.422  0.146  0.096 235 177 65
-0.420  0.146  0.095 237 178 65
-0.419  0.145  0.094 235 179 67
-0.417  0.144  0.093 235 176 69
-0.416  0.144  0.092 236 182 71
-0.414  0.143  0.091 235 178 67
-0.413  0.142  0.090 236 178 67
-0.412  0.142  0.090 237 178 68
-0.410  0.141  0.089 237 178 68
-0.409  0.141  0.089 236 179 69
-0.407  0.140  0.088 236 178 68
-0.406  0.139  0.087 238 178 70
-0.404  0.138  0.085 236 179 69
-0.403  0.138  0.085 237 180 67
-0.401  0.137  0.084 238 182 70
-0.400  0.136  0.084 238 182 68
-0.398  0.136  0.083 238 183 68
-0.397  0.136  0.084 237 181 67
-0.395  0.135  0.084 237 181 69
-0.394  0.135  0.084 238 179 71
-0.392  0.135  0.085 243 182 73
-0.391  0.135  0.086 240 187 93
-0.450  0.151  0.086 215 159 85
-0.448  0.151  0.086 229 169 60
-0.446  0.151  0.087 234 176 66
-0.445  0.151  0.087 238 170 61
-0.443  0.151  0.089 239 172 63
-0.442  0.151  0.091 240 176 64
-0.440  0.151  0.092 240 179 65
-0.439  0.151  0.092 239 178 63
-0.437  0.151  0.093 238 181 66
-0.436  0.151  0.094 237 179 65
-0.434  0.151  0.095 237 178 66
-0.433  0.151  0.096 236 181 67
-0.431  0.151  0.096 237 178 66
-0.430  0.150  0.096 237 180 68
-0.428  0.150  0.097 239 179 67
-0.427  0.150  0.098 239 177 64
-0.425  0.149  0.097 237 181 66
-0.424  0.149  0.098 237 178 66
-0.423  0.149  0.097 238 175 66
-0.421  0.148  0.097 235 178 66
-0.420  0.148  0.096 237 177 64
-0.418  0.147  0.095 238 180 68
-0.417  0.146  0.094 237 178 68
-0.416  0.145  0.093 237 178 68
-0.414  0.145  0.092 235 176 68
-0.413  0.144  0.091 236 180 67
-0.411  0.143  0.090 236 181 67
-0.410  0.143  0.089 238 181 68
-0.408  0.142  0.089 237 180 70
-0.407  0.141  0.088 236 180 70
-0.405  0.141  0.087 237 179 69
-0.404  0.140  0.086 236 180 69
-0.402  0.139  0.085 238 179 68
-0.401  0.139  0.084 238 180 68
-0.399  0.138  0.084 239 182 68
-0.398  0.138  0.084 238 183 70
-0.397  0.137  0.084 238 181 68
-0.395  0.137  0.084 237 180 69
-0.394  0.137  0.084 237 180 70
-0.392  0.137  0.085 242 183 73
-0.391  0.137  0.086 239 188 94
-0.449  0.153  0.085 211 156 89
-0.448  0.153  0.086 221 161 59
-0.446  0.153  0.087 231 173 69
-0.444  0.153  0.088 226 165 61
-0.443  0.153  0.090 233 170 62
-0.441  0.153  0.092 237 175 64
-0.440  0.153  0.093 239 178 65
-0.438  0.153  0.094 239 177 64
-0.437  0.153  0.095 238 178 64
-0.435  0.153  0.096 236 180 66
-0.434  0.153  0.097 238 178 68
-0.432  0.153  0.097 238 182 69
-0.431  0.153  0.098 240 180 65
-0.429  0.152  0.098 241 178 63
-0.428  0.152  0.099 239 180 68
-0.426  0.152  0.098 238 178 65
-0.425  0.151  0.098 236 179 66
-0.424  0.151  0.098 236 182 69
-0.422  0.150  0.097 238 178 66
-0.421  0.150  0.097 236 179 66
-0.419  0.149  0.096 237 179 67
-0.418  0.149  0.095 238 177 66
-0.417  0.148  0.094 239 177 66
-0.415  0.147  0.093 240 176 66
-0.414  0.146  0.092 238 179 68
-0.412  0.146  0.091 238 178 65
-0.411  0.145  0.091 237 181 69
-0.409  0.144  0.089 237 178 69
-0.408  0.144  0.089 236 177 70
-0.407  0.143  0.087 235 177 67
-0.405  0.142  0.086 236 179 68
-0.404  0.141  0.085 236 180 70
-0.402  0.141  0.084 238 180 71
-0.401  0.140  0.084 239 180 67
-0.399  0.140  0.084 238 182 70
-0.398  0.139  0.084 237 179 69
-0.396  0.139  0.084 238 178 68
-0.395  0.139  0.084 238 179 68
-0.393  0.138  0.084 237 180 70
-0.392  0.138  0.085 242 183 75
-0.390  0.138  0.085 238 186 97
-0.449  0.154  0.084 212 154 89
-0.447  0.154  0.085 212 151 65
-0.446  0.154  0.087 231 169 67
-0.444  0.154  0.088 227 168 68
-0.442  0.155  0.091 227 164 61
-0.441  0.155  0.093 234 177 68
-0.439  0.155  0.094 237 175 64
-0.438  0.155  0.096 240 175 65
-0.436  0.155  0.097 240 178 67
-0.435  0.155  0.097 238 179 66
-0.433  0.155  0.098 238 179 67
-0.432  0.155  0.098 239 180 66
-0.430  0.154  0.099 242 180 62
-0.429  0.154  0.099 241 179 63
-0.427  0.154  0.099 239 183 68
-0.426  0.153  0.099 238 180 64
-0.425  0.153  0.099 238 182 67
-0.423  0.152  0.098 237 180 66
-0.422  0.152  0.098 237 179 64
-0.420  0.151  0.097 235 179 64
-0.419  0.151  0.097 238 175 65
-0.418  0.150  0.096 236 179 66
-0.416  0.150  0.095 238 180 69
-0.415  0.149  0.094 237 178 66
-0.413  0.148  0.093 238 181 67
-0.412  0.148  0.092 238 179 67
-0.410  0.147  0.091 237 180 68
-0.409  0.146  0.090 237 178 68
-0.408  0.145  0.089 237 179 68
-0.406  0.144  0.087 236 180 67
-0.405  0.143  0.086 237 181 67
-0.403  0.143  0.085 239 182 67
-0.402  0.142  0.084 238 183 68
-0.400  0.142  0.084 238 182 69
-0.399  0.141  0.083 239 181 67
-0.397  0.141  0.084 238 179 68
-0.396  0.141  0.084 238 178 68
-0.394  0.140  0.084 238 179 67
-0.393  0.140  0.084 240 181 70
-0.391  0.140  0.084 247 188 79
-0.390  0.139  0.084 239 184 97
-0.449  0.155  0.082 209 154 87
-0.447  0.155  0.083 205 149 70
-0.445  0.155  0.085 222 159 56
-0.444  0.155  0.087 231 173 68
-0.442  0.156  0.090 231 169 65
-0.440  0.156  0.093 233 170 64
-0.439  0.157  0.095 238 178 64
-0.437  0.157  0.097 237 179 64
-0.436  0.157  0.098 236 178 64
-0.434  0.157  0.099 238 182 69
-0.433  0.157  0.100 238 175 66
-0.431  0.156  0.099 241 178 65
-0.430  0.156  0.100 239 181 65
-0.428  0.156  0.100 240 180 63
-0.427  0.156  0.100 239 180 66
-0.426  0.155  0.099 239 179 63
-0.424  0.155  0.099 239 182 65
-0.423  0.154  0.099 240 180 63
-0.421  0.154  0.098 237 178 65
-0.420  0.153  0.098 234 180 68
-0.419  0.153  0.097 236 179 67
-0.417  0.152  0.096 236 179 64
-0.416  0.151  0.095 236 179 67
-0.414  0.151  0.094 235 177 69
-0.413  0.150  0.094 237 179 67
-0.412  0.149  0.093 238 177 66
-0.410  0.149  0.092 238 181 65
-0.409  0.148  0.091 237 179 67
-0.407  0.147  0.090 235 180 68
-0.406  0.146  0.088 237 180 68
-0.404  0.145  0.086 237 182 70
-0.403  0.144  0.085 238 181 67
-0.401  0.144  0.084 239 180 67
-0.400  0.143  0.084 238 183 71
-0.398  0.143  0.084 239 181 69
-0.397  0.142  0.084 240 179 67
-0.395  0.142  0.084 239 180 67
-0.394  0.142  0.084 237 179 68
-0.393  0.141  0.084 244 183 74
-0.391  0.141  0.083 245 188 86
-0.390  0.140  0.083 237 185 103
-0.452  0.156  0.078 173 172 139
-0.450  0.156  0.079 162 147 117
-0.449  0.156  0.080 192 143 81
-0.447  0.156  0.082 202 147 76
-0.445  0.157  0.085 211 147 58
-0.443  0.157  0.086 225 163 57
-0.442  0.158  0.090 234 174 68
-0.440  0.158  0.093 233 173 67
-0.438  0.159  0.096 236 175 63
-0.437  0.159  0.098 238 178 66
-0.435  0.159  0.099 239 174 65
-0.434  0.159  0.100 239 177 64
-0.432  0.159  0.101 238 179 66
-0.431  0.159  0.101 243 181 64
-0.429  0.158  0.101 240 180 64
-0.428  0.158  0.101 240 179 67
-0.426  0.157  0.101 240 176 64
-0.425  0.157  0.100 239 179 66
-0.424  0.156  0.100 238 181 64
-0.422  0.156  0.099 237 178 64
-0.421  0.155  0.099 237 178 65
-0.420  0.155  0.098 237 180 69
-0.418  0.154  0.098 237 177 68
-0.417  0.154  0.097 238 180 65
-0.415  0.153  0.096 238 179 67
-0.414  0.153  0.096 238 176 66
-0.413  0.152  0.095 239 180 66
-0.411  0.151  0.094 236 181 66
-0.410  0.151  0.093 237 181 63
-0.408  0.150  0.091 237 181 66
-0.407  0.149  0.090 236 180 65
-0.405  0.148  0.088 237 179 67
-0.404  0.146  0.086 240 183 68
-0.402  0.146  0.085 237 182 67
-0.401  0.145  0.085 239 180 69
-0.400  0.145  0.084 239 179 68
-0.398  0.144  0.083 239 181 70
-0.397  0.144  0.084 239 180 69
-0.395  0.144  0.084 238 179 70
-0.394  0.143  0.084 239 180 74
-0.392  0.143  0.083 251 191 87
-0.391  0.142  0.082 241 186 95
-0.389  0.142  0.082 231 186 119
-0.452  0.157  0.076 172 139 115
-0.450  0.157  0.077 156 100 68
-0.448  0.157  0.078 190 138 78
-0.447  0.157  0.079 201 145 77
-0.445  0.157  0.083 202 146 66
-0.443  0.158  0.084 210 150 57
-0.441  0.159  0.089 225 165 59
-0.440  0.160  0.093 233 176 69
-0.438  0.160  0.096 236 174 68
-0.436  0.161  0.098 239 180 68
-0.435  0.161  0.100 239 175 67
-0.433  0.161  0.101 240 180 68
-0.432  0.161  0.102 239 179 65
-0.430  0.160  0.102 238 174 63
-0.429  0.160  0.102 240 181 66
-0.427  0.160  0.102 240 177 65
-0.426  0.159  0.102 240 180 65
-0.425  0.159  0.101 238 179 63
-0.423  0.158  0.101 240 180 63
-0.422  0.158  0.100 238 179 67
-0.421  0.157  0.099 237 178 66
-0.419  0.157  0.099 238 180 65
-0.418  0.156  0.098 237 178 66
-0.416  0.155  0.098 237 177 65
-0.415  0.155  0.097 238 180 68
-0.414  0.154  0.096 238 178 66
-0.412  0.154  0.095 237 177 64
-0.411  0.153  0.094 235 179 65
-0.409  0.152  0.094 239 182 66
-0.408  0.151  0.092 238 180 67
-0.407  0.151  0.091 237 180 68
-0.405  0.149  0.088 239 179 65
-0.404  0.148  0.086 240 180 66
-0.402  0.148  0.085 236 182 68
-0.401  0.147  0.084 237 180 67
-0.399  0.146  0.084 237 181 70
-0.398  0.146  0.084 237 181 71
-0.396  0.146  0.084 239 181 69
-0.395  0.145  0.084 240 182 72
-0.393  0.145  0.083 251 190 87
-0.392  0.144  0.083 249 200 102
-0.390  0.143  0.081 233 179 102
-0.452  0.158  0.073 172 136 111
-0.450  0.158  0.074 153 106 71
-0.448  0.157  0.075 182 128 77
-0.447  0.158  0.077 198 147 80
-0.445  0.158  0.080 200 140 67
-0.443  0.159  0.083 201 138 56
-0.441  0.160  0.087 209 150 53
-0.439  0.161  0.092 222 164 60
-0.437  0.162  0.095 235 176 64
-0.436  0.162  0.098 238 175 66
-0.434  0.162  0.100 238 181 69
-0.433  0.162  0.101 239 177 64
-0.431  0.162  0.102 240 176 64
-0.430  0.162  0.102 237 177 63
-0.428  0.162  0.102 242 176 66
-0.427  0.161  0.102 237 177 65
-0.426  0.161  0.102 239 180 66
-0.424  0.160  0.101 239 176 65
-0.423  0.160  0.101 238 177 62
-0.422  0.159  0.100 239 179 64
-0.420  0.159  0.100 239 178 64
-0.419  0.158  0.099 240 181 65
-0.417  0.158  0.099 239 179 65
-0.416  0.157  0.098 238 176 65
-0.415  0.156  0.097 239 173 64
-0.413  0.156  0.097 238 178 64
-0.412  0.155  0.096 240 180 65
-0.410  0.155  0.095 240 180 66
-0.409  0.154  0.094 240 178 65
-0.408  0.153  0.092 240 178 65
-0.406  0.152  0.091 239 180 68
-0.405  0.151  0.089 241 182 67
-0.403  0.150  0.086 241 180 66
-0.402  0.149  0.085 239 181 67
-0.400  0.149  0.085 237 179 66
-0.399  0.148  0.084 238 184 69
-0.397  0.147  0.083 238 180 68
-0.396  0.147  0.084 239 180 72
-0.394  0.147  0.083 251 191 88
-0.393  0.146  0.082 249 208 103
-0.391  0.145  0.081 234 182 91
-0.390  0.144  0.079 222 172 103
-0.452  0.158  0.071 167 127 107
-0.450  0.158  0.072 149 107 76
-0.448  0.158  0.073 162 118 77
-0.446  0.159  0.075 194 148 78
-0.445  0.159  0.078 196 143 68
-0.443  0.159  0.080 196 136 62
-0.441  0.161  0.086 200 137 52
-0.439  0.162  0.091 207 148 50
-0.437  0.163  0.095 220 163 57
-0.435  0.163  0.098 232 172 63
-0.434  0.164  0.100 236 175 68
-0.432  0.164  0.101 240 180 70
-0.431  0.164  0.102 239 179 68
-0.429  0.163  0.102 236 176 65
-0.428  0.163  0.103 240 176 66
-0.427  0.163  0.103 239 177 66
-0.425  0.162  0.103 238 180 67
-0.424  0.162  0.102 238 179 67
-0.423  0.161  0.102 238 179 66
-0.421  0.161  0.101 238 178 64
-0.420  0.160  0.100 240 177 62
-0.418  0.160  0.100 240 179 64
-0.417  0.159  0.099 239 178 66
-0.416  0.159  0.098 237 177 63
-0.414  0.158  0.098 238 176 65
-0.413  0.158  0.097 238 173 64
-0.412  0.157  0.096 238 177 67
-0.410  0.156  0.096 239 178 63
-0.409  0.156  0.095 241 182 66
-0.407  0.155  0.093 241 178 67
-0.406  0.154  0.091 240 182 68
-0.404  0.153  0.089 239 178 66
-0.403  0.151  0.086 240 180 67
-0.401  0.151  0.085 240 177 66
-0.400  0.150  0.085 239 178 67
-0.398  0.149  0.083 238 179 70
-0.397  0.149  0.083 240 180 78
-0.396  0.148  0.083 252 196 90
-0.394  0.148  0.082 250 198 97
-0.392  0.147  0.081 233 179 80
-0.391  0.146  0.079 222 165 85
-0.389  0.145  0.078 217 172 114
-0.451  0.160  0.070 171 114 90
-0.450  0.159  0.070 151 109 81
-0.448  0.159  0.072 152 114 80
-0.446  0.160  0.073 179 132 79
-0.444  0.160  0.077 194 139 71
-0.443  0.161  0.079 192 135 64
-0.441  0.162  0.084 192 131 58
-0.439  0.163  0.090 196 134 53
-0.437  0.164  0.095 204 143 51
-0.435  0.165  0.098 214 156 53
-0.433  0.165  0.100 226 168 62
-0.432  0.165  0.102 236 173 66
-0.430  0.165  0.103 238 177 68
-0.429  0.165  0.103 239 173 65
-0.428  0.165  0.103 239 175 67
-0.426  0.164  0.103 238 174 64
-0.425  0.164  0.103 237 178 66
-0.424  0.163  0.102 238 177 67
-0.422  0.163  0.102 239 176 66
-0.421  0.163  0.102 237 179 64
-0.419  0.162  0.101 237 178 63
-0.418  0.161  0.100 237 178 64
-0.417  0.161  0.100 240 176 64
-0.415  0.160  0.099 237 176 65
-0.414  0.160  0.099 237 177 66
-0.413  0.159  0.098 239 177 63
-0.411  0.158  0.096 237 178 63
-0.410  0.158  0.096 238 178 62
-0.408  0.157  0.095 238 179 63
-0.407  0.156  0.093 239 181 66
-0.405  0.155  0.091 241 180 64
-0.404  0.154  0.089 240 180 68
-0.403  0.153  0.086 236 178 65
-0.401  0.152  0.085 236 178 65
-0.400  0.152  0.084 236 177 68
-0.398  0.151  0.083 245 180 79
-0.397  0.150  0.082 251 211 100
-0.395  0.150  0.082 246 189 98
-0.394  0.149  0.081 234 174 77
-0.392  0.148  0.079 222 166 78
-0.391  0.147  0.078 216 165 93
-0.389  0.146  0.076 218 181 122
-0.451  0.161  0.069 170 111 80
-0.449  0.161  0.069 150 115 86
-0.448  0.161  0.071 147 110 79
-0.446  0.161  0.072 165 131 86
-0.444  0.162  0.076 187 136 68
-0.442  0.162  0.079 193 134 65
-0.440  0.163  0.083 188 131 63
-0.438  0.164  0.088 190 132 58
-0.436  0.165  0.093 194 130 52
-0.435  0.166  0.097 201 138 47
-0.433  0.166  0.099 209 149 50
-0.432  0.167  0.101 220 160 58
-0.430  0.167  0.102 232 172 63
-0.429  0.167  0.103 235 178 66
-0.427  0.166  0.104 235 173 66
-0.426  0.166  0.104 224 167 63
-0.425  0.166  0.104 232 176 63
-0.423  0.165  0.103 240 176 68
-0.422  0.165  0.103 240 176 64
-0.420  0.164  0.103 237 176 62
-0.419  0.164  0.102 238 179 65
-0.418  0.163  0.101 238 177 66
-0.416  0.163  0.100 239 179 67
-0.415  0.162  0.100 241 177 65
-0.414  0.161  0.099 238 177 65
-0.412  0.161  0.098 237 173 64
-0.411  0.160  0.097 238 178 66
-0.409  0.159  0.096 238 179 64
-0.408  0.159  0.095 239 180 64
-0.407  0.158  0.093 239 180 66
-0.405  0.157  0.092 238 180 66
-0.404  0.156  0.089 235 178 66
-0.402  0.155  0.087 238 181 69
-0.401  0.154  0.086 244 178 71
-0.399  0.153  0.085 247 190 81
-0.398  0.152  0.083 239 187 90
-0.396  0.152  0.082 240 178 79
-0.395  0.151  0.082 229 167 75
-0.393  0.150  0.080 218 156 76
-0.392  0.149  0.078 214 159 83
-0.390  0.148  0.076 215 166 102
-0.389  0.147  0.075 220 183 129
-0.451  0.162  0.068 198 155 98
-0.449  0.162  0.068 154 120 96
-0.447  0.162  0.069 143 107 79
-0.446  0.162  0.071 161 120 88
-0.444  0.163  0.074 172 131 83
-0.442  0.163  0.076 186 136 66
-0.440  0.163  0.079 187 132 63
-0.438  0.164  0.084 189 131 58
-0.436  0.166  0.091 187 127 55
-0.435  0.167  0.094 190 127 51
-0.433  0.167  0.097 194 132 49
-0.431  0.167  0.099 203 138 45
-0.430  0.167  0.100 213 152 55
-0.428  0.168  0.102 219 164 63
-0.427  0.168  0.103 228 174 67
-0.426  0.167  0.104 229 169 67
-0.424  0.167  0.104 234 179 67
-0.423  0.167  0.104 238 179 69
-0.421  0.167  0.104 237 176 66
-0.420  0.166  0.104 239 176 62
-0.419  0.165  0.103 240 178 66
-0.417  0.165  0.103 239 172 67
-0.416  0.164  0.101 239 175 69
-0.415  0.164  0.100 236 173 67
-0.413  0.163  0.099 236 177 69
-0.412  0.162  0.098 235 177 68
-0.410  0.162  0.097 236 175 67
-0.409  0.161  0.095 239 178 67
-0.408  0.160  0.094 239 180 67
-0.406  0.159  0.093 242 181 70
-0.405  0.158  0.092 242 180 69
-0.403  0.157  0.089 239 180 70
-0.402  0.156  0.088 238 185 74
-0.400  0.156  0.087 237 180 75
-0.399  0.155  0.085 235 172 71
-0.397  0.154  0.083 226 165 72
-0.396  0.153  0.082 220 159 75
-0.394  0.152  0.080 214 154 74
-0.393  0.151  0.079 210 153 77
-0.391  0.150  0.076 212 160 86
-0.390  0.149  0.074 208 168 111
-0.449  0.164  0.068 187 152 124
-0.447  0.163  0.069 157 109 84
-0.445  0.163  0.070 152 114 83
-0.444  0.164  0.072 164 119 90
-0.442  0.164  0.075 176 122 71
-0.440  0.164  0.077 185 133 63
-0.438  0.166  0.083 185 132 60
-0.436  0.167  0.088 187 129 55
-0.434  0.167  0.091 188 128 51
-0.433  0.168  0.094 188 127 50
-0.431  0.168  0.096 190 130 49
-0.430  0.168  0.098 193 133 48
-0.428  0.168  0.100 201 135 47
-0.427  0.169  0.102 208 145 51
-0.425  0.169  0.103 213 154 58
-0.424  0.169  0.104 218 163 62
-0.422  0.168  0.104 227 171 64
-0.421  0.168  0.104 232 176 67
-0.420  0.167  0.104 234 175 65
-0.418  0.167  0.102 235 176 67
-0.417  0.166  0.101 236 177 68
-0.416  0.165  0.100 236 174 68
-0.414  0.165  0.099 232 172 72
-0.413  0.164  0.098 220 159 66
-0.412  0.164  0.097 225 165 66
-0.410  0.163  0.096 235 176 68
-0.409  0.162  0.095 240 181 72
-0.407  0.161  0.093 241 181 72
-0.406  0.160  0.092 242 181 74
-0.404  0.159  0.090 241 180 73
-0.403  0.159  0.088 231 178 74
-0.402  0.158  0.087 223 170 75
-0.400  0.157  0.086 220 162 70
-0.399  0.156  0.085 217 156 67
-0.397  0.156  0.084 213 151 67
-0.396  0.155  0.082 209 147 70
-0.394  0.153  0.079 209 151 73
-0.392  0.153  0.078 210 157 79
-0.391  0.151  0.074 208 160 93
-0.389  0.150  0.072 205 170 121
-0.448  0.165  0.066 194 168 137
-0.447  0.165  0.067 164 114 84
-0.445  0.164  0.068 152 107 80
-0.443  0.165  0.070 179 117 86
-0.442  0.165  0.072 190 112 77
-0.440  0.165  0.074 186 121 64
-0.438  0.166  0.080 187 128 58
-0.436  0.167  0.084 185 128 56
-0.434  0.168  0.088 187 126 51
-0.433  0.168  0.091 184 128 54
-0.431  0.169  0.094 184 123 53
-0.430  0.169  0.095 186 130 53
-0.428  0.169  0.098 189 128 47
-0.426  0.170  0.100 191 125 47
-0.425  0.170  0.102 195 128 46
-0.423  0.170  0.103 198 136 47
-0.422  0.170  0.103 206 140 49
-0.421  0.169  0.103 212 147 51
-0.419  0.169  0.103 216 151 51
-0.418  0.168  0.101 218 155 54
-0.417  0.167  0.101 219 161 57
-0.415  0.167  0.100 221 163 59
-0.414  0.166  0.098 221 163 62
-0.413  0.165  0.097 217 161 62
-0.411  0.165  0.096 219 165 65
-0.410  0.164  0.095 221 170 68
-0.408  0.163  0.093 220 167 66
-0.407  0.162  0.092 220 163 65
-0.406  0.161  0.090 220 161 65
-0.404  0.160  0.088 222 158 60
-0.403  0.160  0.087 218 157 66
-0.401  0.159  0.085 214 154 71
-0.400  0.158  0.084 210 149 69
-0.398  0.157  0.082 206 146 66
-0.397  0.157  0.082 205 149 68
-0.395  0.156  0.081 206 149 70
-0.394  0.154  0.077 208 154 76
-0.392  0.153  0.075 206 158 86
-0.390  0.152  0.072 198 159 108
-0.448  0.166  0.064 191 164 141
-0.447  0.166  0.065 187 125 84
-0.445  0.166  0.066 176 114 84
-0.443  0.166  0.068 191 116 82
-0.441  0.166  0.070 195 107 75
-0.440  0.166  0.072 194 105 71
-0.438  0.166  0.073 189 115 61
-0.436  0.166  0.076 184 127 57
-0.435  0.167  0.078 184 128 53
-0.433  0.167  0.082 183 125 51
-0.431  0.168  0.084 184 125 53
-0.430  0.168  0.087 188 130 56
-0.428  0.170  0.096 187 129 51
-0.426  0.171  0.099 184 126 50
-0.425  0.171  0.100 186 123 47
-0.423  0.171  0.102 184 125 46
-0.422  0.171  0.102 187 130 48
-0.420  0.170  0.102 192 129 46
-0.419  0.170  0.102 200 137 46
-0.418  0.169  0.100 198 135 48
-0.416  0.169  0.101 199 137 48
-0.415  0.168  0.098 202 142 51
-0.414  0.167  0.096 205 142 52
-0.412  0.166  0.096 203 145 54
-0.411  0.166  0.095 204 145 53
-0.409  0.165  0.094 208 145 55
-0.408  0.164  0.092 207 145 56
-0.407  0.164  0.091 205 145 58
-0.405  0.162  0.089 200 142 62
-0.404  0.161  0.087 205 147 60
-0.402  0.161  0.086 204 146 64
-0.401  0.160  0.083 205 141 66
-0.399  0.159  0.083 206 145 64
-0.398  0.158  0.082 205 146 70
-0.396  0.157  0.080 205 149 73
-0.395  0.156  0.078 205 150 74
-0.393  0.155  0.075 205 157 83
-0.392  0.154  0.073 192 157 101
-0.448  0.167  0.062 191 164 141
-0.446  0.167  0.063 194 131 93
-0.445  0.167  0.064 184 122 99
-0.443  0.167  0.066 195 115 83
-0.441  0.167  0.068 195 108 72
-0.440  0.167  0.070 194 103 69
-0.438  0.167  0.070 195 101 65
-0.436  0.167  0.072 188 109 57
-0.435  0.167  0.075 183 117 52
-0.433  0.168  0.079 183 129 54
-0.431  0.169  0.082 186 125 50
-0.429  0.169  0.085 187 123 53
-0.427  0.171  0.094 186 128 54
-0.426  0.172  0.097 186 126 51
-0.424  0.172  0.099 185 126 49
-0.423  0.172  0.100 185 125 50
-0.421  0.172  0.101 186 121 49
-0.420  0.171  0.100 186 129 51
-0.419  0.171  0.099 188 128 49
-0.417  0.170  0.098 191 127 49
-0.416  0.169  0.097 191 130 45
-0.415  0.169  0.096 191 130 49
-0.413  0.168  0.095 192 134 52
-0.412  0.167  0.094 192 132 53
-0.411  0.167  0.093 196 133 52
-0.409  0.166  0.092 199 136 56
-0.408  0.165  0.090 197 137 55
-0.406  0.164  0.090 198 137 60
-0.405  0.163  0.087 194 136 61
-0.403  0.162  0.085 199 144 62
-0.402  0.162  0.083 200 139 64
-0.400  0.160  0.081 201 145 69
-0.399  0.160  0.080 205 146 70
-0.397  0.160  0.081 203 147 73
-0.396  0.158  0.078 201 150 75
-0.394  0.157  0.076 198 152 83
-0.393  0.156  0.072 189 152 101
-0.391  0.155  0.070 177 165 130
-0.448  0.168  0.060 185 159 140
-0.446  0.168  0.061 195 133 97
-0.445  0.168  0.062 192 130 102
-0.443  0.168  0.064 197 114 82
-0.441  0.168  0.066 196 108 76
-0.439  0.168  0.067 198 101 69
-0.438  0.168  0.068 198 97 64
-0.436  0.168  0.071 193 95 61
-0.434  0.168  0.072 188 95 58
-0.433  0.169  0.076 177 111 56
-0.431  0.169  0.079 180 123 55
-0.429  0.170  0.084 185 130 57
-0.427  0.172  0.091 186 128 52
-0.426  0.173  0.095 186 128 51
-0.424  0.173  0.097 183 127 50
-0.423  0.173  0.099 185 122 46
-0.421  0.173  0.100 183 124 48
-0.420  0.172  0.099 184 125 49
-0.419  0.171  0.097 185 129 50
-0.417  0.171  0.096 188 127 50
-0.416  0.170  0.095 188 128 48
-0.414  0.169  0.094 192 132 51
-0.413  0.169  0.093 191 131 52
-0.412  0.168  0.092 190 134 53
-0.410  0.168  0.092 190 135 56
-0.409  0.167  0.091 191 134 55
-0.407  0.166  0.089 191 137 58
-0.406  0.165  0.088 195 139 63
-0.404  0.165  0.086 192 138 63
-0.403  0.163  0.083 198 145 66
-0.401  0.162  0.080 200 141 62
-0.400  0.160  0.074 200 142 68
-0.398  0.159  0.073 201 143 69
-0.397  0.159  0.075 199 150 77
-0.395  0.156  0.066 188 152 89
-0.394  0.155  0.064 174 147 104
-0.392  0.154  0.061 178 163 133
-0.390  0.153  0.060 161 170 150
-0.448  0.169  0.058 180 158 135
-0.446  0.169  0.058 191 141 107
-0.444  0.168  0.059 194 130 102
-0.443  0.168  0.060 199 113 83
-0.441  0.168  0.061 198 105 74
-0.439  0.168  0.062 198 101 67
-0.438  0.168  0.064 196 92 62
-0.436  0.168  0.066 192 92 60
-0.434  0.169  0.069 189 93 58
-0.433  0.169  0.073 184 93 60
-0.431  0.170  0.076 177 93 58
-0.429  0.170  0.079 174 107 52
-0.427  0.172  0.088 174 120 51
-0.425  0.173  0.092 179 129 55
-0.424  0.174  0.094 182 128 51
-0.422  0.174  0.096 184 125 48
-0.421  0.174  0.097 182 124 50
-0.420  0.173  0.095 184 123 45
-0.418  0.172  0.094 186 129 48
-0.417  0.171  0.092 186 127 46
-0.416  0.171  0.092 187 129 48
-0.414  0.170  0.091 189 131 50
-0.413  0.170  0.091 190 136 53
-0.411  0.169  0.091 190 134 51
-0.410  0.169  0.090 190 133 55
-0.408  0.168  0.089 192 136 58
-0.407  0.167  0.086 192 134 57
-0.406  0.166  0.086 194 136 59
-0.404  0.165  0.084 193 134 61
-0.403  0.164  0.080 198 144 67
-0.401  0.163  0.078 197 143 67
-0.400  0.162  0.074 195 147 75
-0.398  0.160  0.071 190 144 81
-0.396  0.159  0.068 162 138 92
-0.395  0.157  0.063 137 122 115
-0.393  0.156  0.060 132 128 132
-0.391  0.155  0.058 163 154 141
-0.390  0.154  0.057 150 154 149
-0.448  0.170  0.054 182 163 136
-0.446  0.169  0.055 187 141 109
-0.444  0.169  0.055 192 128 104
-0.443  0.169  0.057 196 115 87
-0.441  0.169  0.058 196 106 74
-0.439  0.169  0.059 194 102 72
-0.438  0.169  0.061 192 93 62
-0.436  0.169  0.063 189 93 62
-0.434  0.169  0.065 191 88 54
-0.432  0.170  0.069 189 89 58
-0.431  0.171  0.074 186 91 60
-0.429  0.171  0.077 183 91 61
-0.427  0.173  0.085 183 93 59
-0.425  0.174  0.088 176 102 55
-0.424  0.174  0.091 162 111 55
-0.422  0.174  0.092 168 122 59
-0.421  0.174  0.095 174 127 58
-0.419  0.174  0.094 179 129 52
-0.418  0.173  0.091 181 127 48
-0.417  0.172  0.091 184 129 47
-0.415  0.171  0.089 188 127 48
-0.414  0.171  0.089 185 130 49
-0.412  0.171  0.089 188 130 50
-0.411  0.170  0.088 188 132 51
-0.410  0.170  0.088 189 131 53
-0.408  0.169  0.087 189 133 56
-0.407  0.168  0.085 190 137 56
-0.405  0.167  0.084 191 138 61
-0.404  0.166  0.081 192 137 61
-0.402  0.165  0.078 192 151 80
-0.401  0.164  0.076 168 140 83
-0.399  0.162  0.070 141 129 93
-0.397  0.161  0.067 134 116 107
-0.396  0.160  0.066 119 116 116
-0.394  0.157  0.059 112 116 130
-0.393  0.157  0.057 120 120 132
-0.391  0.156  0.056 150 143 136
-0.389  0.155  0.054 168 154 138
-0.448  0.170  0.051 174 162 142
-0.446  0.170  0.051 184 139 108
-0.444  0.170  0.052 189 129 104
-0.443  0.170  0.053 193 113 85
-0.441  0.170  0.054 195 107 76
-0.439  0.170  0.056 192 101 73
-0.437  0.170  0.058 192 93 65
-0.436  0.170  0.060 190 91 63
-0.434  0.170  0.063 193 90 56
-0.432  0.171  0.067 195 89 56
-0.430  0.172  0.071 192 92 59
-0.429  0.172  0.075 193 94 61
-0.427  0.174  0.081 191 92 61
-0.425  0.174  0.085 169 92 64
-0.423  0.175  0.088 121 79 67
-0.422  0.175  0.090 111 78 72
-0.420  0.175  0.091 114 86 66
-0.419  0.174  0.090 120 100 63
-0.418  0.173  0.088 129 112 65
-0.416  0.173  0.087 139 116 64
-0.415  0.172  0.086 152 123 62
-0.414  0.171  0.085 160 127 63
-0.412  0.171  0.084 168 126 59
-0.411  0.170  0.084 171 132 64
-0.409  0.170  0.084 168 131 65
-0.408  0.170  0.084 159 130 67
-0.406  0.169  0.081 153 128 69
-0.405  0.168  0.080 150 125 74
-0.403  0.167  0.079 148 121 78
-0.402  0.166  0.075 125 103 92
-0.400  0.164  0.072 116 100 101
-0.399  0.163  0.067 106 110 110
-0.397  0.161  0.064 102 105 119
-0.395  0.160  0.062 101 112 124
-0.394  0.158  0.056 112 123 133
-0.392  0.157  0.054 119 129 139
-0.390  0.156  0.052 137 139 137
-0.389  0.156  0.051 184 160 141
-0.447  0.171  0.049 179 161 142
-0.446  0.171  0.049 181 142 109
-0.444  0.171  0.050 171 131 105
-0.442  0.171  0.051 186 113 86
-0.441  0.170  0.051 188 103 77
-0.439  0.171  0.053 190 103 75
-0.437  0.171  0.055 192 94 67
-0.436  0.171  0.058 191 93 66
-0.434  0.171  0.060 192 92 59
-0.432  0.172  0.064 193 89 58
-0.430  0.172  0.068 193 89 58
-0.428  0.173  0.072 176 100 62
-0.427  0.174  0.077 165 96 64
-0.425  0.174  0.079 144 80 63
-0.423  0.175  0.083 117 94 72
-0.422  0.175  0.083 119 87 71
-0.420  0.175  0.086 122 97 71
-0.419  0.174  0.085 105 89 73
-0.418  0.174  0.084 93 75 77
-0.416  0.173  0.083 86 71 78
-0.415  0.172  0.082 96 75 80
-0.413  0.172  0.082 114 82 78
-0.412  0.171  0.081 116 93 75
-0.410  0.171  0.081 131 94 77
-0.409  0.171  0.081 140 97 77
-0.407  0.170  0.080 129 91 79
-0.406  0.169  0.078 132 103 82
-0.404  0.169  0.078 124 111 88
-0.403  0.167  0.074 104 97 92
-0.401  0.166  0.071 109 96 97
-0.400  0.165  0.069 120 115 104
-0.398  0.163  0.064 101 101 110
-0.397  0.162  0.060 98 103 118
-0.395  0.161  0.059 102 112 125
-0.393  0.159  0.052 131 130 139
-0.392  0.158  0.050 126 136 148
-0.390  0.157  0.049 135 139 143
-0.447  0.172  0.045 179 164 141
-0.446  0.172  0.046 178 148 115
-0.444  0.172  0.047 154 134 110
-0.442  0.172  0.049 157 114 89
-0.440  0.172  0.050 178 111 81
-0.439  0.172  0.052 187 103 76
-0.437  0.172  0.055 188 100 69
-0.435  0.172  0.055 186 96 65
-0.434  0.172  0.057 188 94 60
-0.432  0.172  0.059 191 92 60
-0.430  0.173  0.062 190 96 61
-0.428  0.173  0.065 163 98 63
-0.427  0.173  0.067 151 100 66
-0.425  0.173  0.069 138 97 65
-0.424  0.173  0.072 134 100 69
-0.422  0.174  0.077 129 94 71
-0.420  0.174  0.079 129 89 66
-0.419  0.174  0.079 113 98 69
-0.417  0.174  0.080 111 87 76
-0.416  0.174  0.079 81 75 76
-0.414  0.173  0.078 72 73 83
-0.413  0.172  0.078 90 72 80
-0.411  0.172  0.077 95 87 82
-0.410  0.172  0.077 114 86 82
-0.409  0.171  0.077 124 89 77
-0.407  0.171  0.077 128 109 85
-0.406  0.170  0.075 129 111 86
-0.404  0.169  0.074 103 88 91
-0.403  0.168  0.073 110 94 92
-0.401  0.168  0.071 124 110 100
-0.399  0.166  0.068 108 102 102
-0.398  0.164  0.062 93 101 110
-0.396  0.163  0.059 98 105 119
-0.395  0.162  0.055 108 111 127
-0.393  0.160  0.050 124 128 141
-0.391  0.159  0.048 124 133 141
-0.389  0.158  0.047 133 140 145
-0.447  0.173  0.043 175 159 139
-0.445  0.173  0.044 174 148 119
-0.444  0.173  0.045 146 138 115
-0.442  0.173  0.046 129 113 94
-0.440  0.173  0.047 132 104 86
-0.439  0.173  0.049 145 102 82
-0.437  0.173  0.051 171 103 69
-0.435  0.173  0.054 178 101 61
-0.433  0.173  0.056 179 99 58
-0.432  0.173  0.058 173 101 62
-0.430  0.174  0.061 171 100 63
-0.428  0.174  0.063 167 103 59
-0.427  0.173  0.063 156 103 63
-0.425  0.174  0.066 131 95 68
-0.423  0.174  0.067 120 89 65
-0.422  0.174  0.068 126 98 69
-0.420  0.173  0.069 122 91 70
-0.419  0.173  0.068 124 99 68
-0.417  0.172  0.066 124 95 71
-0.416  0.171  0.065 105 87 78
-0.414  0.170  0.063 83 70 77
-0.413  0.170  0.061 83 75 73
-0.411  0.169  0.061 118 83 76
-0.410  0.169  0.061 118 83 71
-0.408  0.168  0.061 122 106 71
-0.407  0.168  0.062 110 95 79
-0.405  0.168  0.062 103 86 83
-0.404  0.168  0.062 104 86 87
-0.402  0.167  0.063 121 113 96
-0.401  0.167  0.062 107 99 102
-0.399  0.166  0.062 95 97 104
-0.397  0.165  0.059 93 102 112
-0.396  0.164  0.056 96 104 119
-0.394  0.163  0.054 101 110 124
-0.392  0.161  0.048 110 118 130
-0.391  0.160  0.047 122 129 136
-0.389  0.159  0.045 134 141 146
-0.447  0.174  0.040 173 156 141
-0.445  0.174  0.041 172 147 116
-0.444  0.174  0.042 148 139 113
-0.442  0.174  0.043 127 116 96
-0.440  0.174  0.044 116 107 89
-0.438  0.174  0.046 127 104 84
-0.437  0.174  0.049 164 117 73
-0.435  0.174  0.051 175 118 68
-0.433  0.174  0.054 178 116 64
-0.431  0.174  0.055 180 124 67
-0.430  0.174  0.057 182 123 66
-0.428  0.175  0.059 186 130 64
-0.426  0.175  0.061 184 134 64
-0.425  0.175  0.063 180 135 64
-0.423  0.174  0.063 176 132 67
-0.422  0.174  0.063 176 121 71
-0.420  0.173  0.062 149 103 68
-0.419  0.173  0.061 113 93 68
-0.417  0.172  0.060 95 93 72
-0.416  0.172  0.060 91 86 71
-0.414  0.171  0.058 81 66 64
-0.413  0.170  0.057 82 64 58
-0.411  0.170  0.057 106 66 56
-0.409  0.169  0.057 124 74 53
-0.408  0.169  0.057 146 96 61
-0.406  0.169  0.058 163 108 65
-0.405  0.168  0.058 167 117 72
-0.403  0.168  0.059 165 112 77
-0.402  0.168  0.059 129 106 84
-0.400  0.168  0.059 103 94 95
-0.399  0.167  0.058 97 98 103
-0.397  0.166  0.057 94 101 115
-0.395  0.165  0.053 94 104 118
-0.394  0.164  0.051 101 110 123
-0.392  0.162  0.046 110 119 129
-0.390  0.161  0.043 127 131 134
-0.388  0.160  0.041 148 146 141
-0.447  0.176  0.038 177 169 147
-0.445  0.175  0.038 171 148 120
-0.443  0.175  0.039 148 137 111
-0.442  0.175  0.040 126 117 99
-0.440  0.175  0.042 114 109 93
-0.438  0.175  0.043 137 110 84
-0.436  0.175  0.045 169 126 73
-0.435  0.175  0.048 175 126 70
-0.433  0.175  0.050 180 125 66
-0.431  0.175  0.053 190 133 66
-0.429  0.175  0.054 194 136 69
-0.428  0.175  0.056 195 135 64
-0.426  0.175  0.057 199 139 62
-0.425  0.175  0.058 201 144 64
-0.423  0.175  0.058 195 139 66
-0.421  0.174  0.058 198 147 74
-0.420  0.174  0.057 172 128 64
-0.418  0.173  0.056 134 95 54
-0.417  0.172  0.055 99 61 51
-0.415  0.171  0.053 83 62 52
-0.414  0.171  0.052 84 62 55
-0.412  0.171  0.052 108 65 43
-0.411  0.170  0.053 138 86 48
-0.409  0.170  0.053 166 113 57
-0.407  0.170  0.054 181 121 62
-0.406  0.170  0.055 194 131 63
-0.404  0.170  0.056 203 138 64
-0.403  0.169  0.057 205 144 72
-0.401  0.169  0.057 191 141 80
-0.400  0.168  0.056 159 120 93
-0.398  0.167  0.054 115 97 102
-0.396  0.166  0.050 99 102 112
-0.395  0.165  0.048 97 108 116
-0.393  0.164  0.044 103 114 124
-0.391  0.163  0.042 115 122 130
-0.390  0.162  0.041 135 135 138
-0.388  0.161  0.039 170 154 144
-0.447  0.177  0.036 177 171 145
-0.445  0.176  0.036 169 155 124
-0.443  0.176  0.037 147 138 109
-0.441  0.176  0.038 125 119 103
-0.440  0.176  0.040 116 116 97
-0.438  0.176  0.041 148 117 86
-0.436  0.176  0.043 170 124 73
-0.434  0.176  0.045 178 128 68
-0.433  0.176  0.047 182 132 66
-0.431  0.176  0.050 198 140 68
-0.429  0.176  0.051 201 148 75
-0.428  0.176  0.053 199 139 66
-0.426  0.176  0.054 207 150 68
-0.424  0.176  0.055 210 152 74
-0.423  0.176  0.055 204 143 66
-0.421  0.175  0.054 203 145 73
-0.420  0.174  0.054 187 132 61
-0.418  0.174  0.053 154 103 55
-0.417  0.173  0.051 116 61 47
-0.415  0.172  0.049 101 63 49
-0.413  0.172  0.049 119 69 51
-0.412  0.171  0.049 153 103 49
-0.410  0.171  0.049 175 114 55
-0.409  0.171  0.050 191 129 56
-0.407  0.171  0.051 203 136 60
-0.406  0.171  0.052 209 139 63
-0.404  0.170  0.053 214 147 64
-0.402  0.170  0.054 221 154 71
-0.401  0.170  0.054 221 157 80
-0.399  0.169  0.053 210 152 90
-0.398  0.169  0.052 142 130 103
-0.396  0.167  0.049 105 112 118
-0.394  0.166  0.046 105 114 125
-0.393  0.165  0.043 110 120 137
-0.391  0.164  0.041 121 135 146
-0.389  0.163  0.039 151 165 156
-0.446  0.178  0.033 179 168 144
-0.445  0.178  0.034 169 151 121
-0.443  0.177  0.035 146 141 113
-0.441  0.177  0.036 125 124 107
-0.439  0.177  0.037 116 119 101
-0.438  0.177  0.039 150 121 88
-0.436  0.177  0.041 174 129 72
-0.434  0.177  0.043 181 130 66
-0.432  0.177  0.045 184 132 65
-0.431  0.177  0.047 196 147 72
-0.429  0.177  0.049 201 152 77
-0.427  0.177  0.051 201 141 66
-0.426  0.177  0.052 207 152 73
-0.424  0.177  0.052 209 151 76
-0.422  0.177  0.052 206 149 75
-0.421  0.176  0.052 214 157 94
-0.419  0.175  0.050 198 134 62
-0.418  0.175  0.049 151 106 61
-0.416  0.174  0.048 121 63 48
-0.415  0.173  0.046 138 74 47
-0.413  0.172  0.045 165 111 53
-0.412  0.172  0.045 183 122 54
-0.410  0.172  0.046 194 126 58
-0.408  0.172  0.047 203 135 55
-0.407  0.172  0.049 210 141 60
-0.405  0.172  0.050 216 142 63
-0.404  0.172  0.051 220 152 67
-0.402  0.171  0.052 224 157 72
-0.400  0.171  0.052 225 159 79
-0.399  0.170  0.051 226 163 93
-0.397  0.170  0.050 174 151 108
-0.396  0.169  0.048 123 136 128
-0.394  0.168  0.045 116 143 137
-0.392  0.166  0.041 136 162 158
-0.390  0.165  0.039 135 175 179
-0.389  0.164  0.037 150 171 175
-0.444  0.179  0.032 169 152 122
-0.443  0.179  0.032 143 139 117
-0.441  0.178  0.033 124 126 109
-0.439  0.178  0.035 111 119 104
-0.437  0.178  0.036 147 121 89
-0.436  0.178  0.039 174 135 73
-0.434  0.178  0.041 181 130 66
-0.432  0.178  0.043 185 134 64
-0.430  0.179  0.046 192 139 66
-0.429  0.179  0.047 197 141 67
-0.427  0.179  0.049 199 142 66
-0.425  0.178  0.050 207 148 67
-0.424  0.178  0.050 207 145 70
-0.422  0.178  0.050 221 158 84
-0.421  0.177  0.049 212 167 106
-0.419  0.176  0.048 197 133 63
-0.417  0.176  0.047 137 100 62
-0.416  0.175  0.047 124 71 52
-0.414  0.175  0.045 165 110 50
-0.413  0.174  0.045 185 122 51
-0.411  0.174  0.045 195 131 57
-0.410  0.173  0.046 204 135 57
-0.408  0.173  0.047 207 139 59
-0.406  0.173  0.048 215 144 61
-0.405  0.173  0.049 219 147 64
-0.403  0.173  0.051 223 156 72
-0.402  0.173  0.051 234 167 86
-0.400  0.172  0.051 233 164 83
-0.398  0.172  0.050 233 168 94
-0.397  0.171  0.049 201 163 101
-0.395  0.170  0.046 144 138 99
-0.393  0.169  0.043 129 146 112
-0.392  0.168  0.040 137 156 135
-0.390  0.166  0.037 143 172 162
-0.388  0.165  0.035 155 176 162
-0.444  0.180  0.029 168 151 122
-0.443  0.180  0.030 144 143 118
-0.441  0.180  0.032 123 129 113
-0.439  0.180  0.033 112 120 106
-0.437  0.180  0.035 139 116 90
-0.435  0.180  0.037 172 136 73
-0.434  0.179  0.038 179 131 66
-0.432  0.180  0.041 184 133 65
-0.430  0.180  0.044 188 134 63
-0.428  0.180  0.046 193 139 63
-0.427  0.180  0.047 198 140 63
-0.425  0.180  0.049 202 145 63
-0.423  0.179  0.049 204 148 71
-0.422  0.179  0.049 221 167 89
-0.420  0.178  0.048 208 151 84
-0.419  0.178  0.047 194 130 60
-0.417  0.177  0.046 130 91 56
-0.416  0.177  0.046 161 97 44
-0.414  0.176  0.045 188 125 49
-0.412  0.176  0.044 197 131 53
-0.411  0.175  0.044 204 134 58
-0.409  0.175  0.045 207 138 60
-0.408  0.175  0.047 212 146 63
-0.406  0.175  0.048 217 149 69
-0.404  0.175  0.049 220 149 69
-0.403  0.174  0.050 227 166 81
-0.401  0.174  0.050 228 172 95
-0.400  0.174  0.050 235 171 92
-0.398  0.173  0.049 232 176 106
-0.396  0.172  0.048 205 169 99
-0.395  0.171  0.045 151 142 100
-0.393  0.170  0.043 135 157 108
-0.391  0.169  0.039 143 168 118
-0.390  0.168  0.036 155 178 135
-0.388  0.167  0.033 170 179 146
-0.444  0.181  0.026 168 156 126
-0.442  0.181  0.028 145 143 119
-0.440  0.181  0.029 124 130 117
-0.439  0.181  0.031 112 120 110
-0.437  0.181  0.032 122 115 96
-0.435  0.181  0.035 166 135 76
-0.433  0.181  0.036 179 130 65
-0.431  0.181  0.040 183 131 63
-0.430  0.181  0.043 187 132 61
-0.428  0.181  0.045 191 139 62
-0.426  0.181  0.046 196 141 60
-0.425  0.181  0.047 203 141 62
-0.423  0.181  0.048 204 150 72
-0.421  0.180  0.048 210 151 73
-0.420  0.180  0.047 207 145 64
-0.418  0.179  0.046 181 125 59
-0.417  0.178  0.045 145 82 53
-0.415  0.178  0.044 181 120 50
-0.414  0.177  0.043 195 131 53
-0.412  0.177  0.043 202 134 55
-0.410  0.177  0.043 205 137 59
-0.409  0.176  0.044 211 145 64
-0.407  0.176  0.046 222 162 79
-0.406  0.176  0.047 220 155 75
-0.404  0.176  0.048 221 151 71
-0.402  0.176  0.048 224 156 74
-0.401  0.175  0.049 226 163 85
-0.399  0.175  0.048 238 177 100
-0.398  0.174  0.048 232 170 98
-0.396  0.174  0.046 199 170 102
-0.394  0.173  0.044 151 148 98
-0.393  0.172  0.042 139 162 110
-0.391  0.170  0.038 145 174 120
-0.389  0.169  0.035 158 181 133
-0.387  0.168  0.031 181 185 144
-0.444  0.182  0.024 168 160 128
-0.442  0.182  0.025 144 143 120
-0.440  0.182  0.027 125 131 117
-0.438  0.182  0.029 112 122 109
-0.437  0.182  0.031 110 120 97
-0.435  0.182  0.033 158 124 78
-0.433  0.182  0.034 177 131 67
-0.431  0.182  0.038 182 128 61
-0.429  0.183  0.041 187 133 65
-0.428  0.183  0.043 193 135 62
-0.426  0.183  0.045 196 138 61
-0.424  0.182  0.046 203 143 66
-0.423  0.182  0.046 207 150 78
-0.421  0.182  0.046 206 146 66
-0.419  0.181  0.046 199 139 59
-0.418  0.181  0.045 170 106 52
-0.416  0.180  0.044 164 100 47
-0.415  0.179  0.044 186 130 55
-0.413  0.179  0.043 198 132 55
-0.412  0.179  0.043 202 137 59
-0.410  0.178  0.043 203 136 62
-0.408  0.178  0.044 211 151 69
-0.407  0.178  0.045 214 150 70
-0.405  0.178  0.046 216 146 68
-0.404  0.177  0.046 219 156 71
-0.402  0.177  0.047 222 157 74
-0.400  0.177  0.047 224 161 87
-0.399  0.176  0.047 231 174 101
-0.397  0.176  0.046 229 170 93
-0.396  0.175  0.044 183 169 102
-0.394  0.174  0.043 145 154 101
-0.392  0.173  0.040 156 166 115
-0.390  0.172  0.037 157 175 125
-0.389  0.171  0.035 161 178 136
-0.444  0.184  0.022 165 154 125
-0.442  0.183  0.023 143 142 119
-0.440  0.183  0.025 125 129 110
-0.438  0.183  0.027 113 121 100
-0.436  0.183  0.029 107 111 88
-0.434  0.183  0.032 138 116 74
-0.433  0.183  0.033 171 130 69
-0.431  0.184  0.037 181 130 64
-0.429  0.184  0.040 184 131 62
-0.427  0.184  0.042 188 133 60
-0.426  0.184  0.043 195 139 63
-0.424  0.184  0.044 202 147 66
-0.422  0.183  0.044 203 145 67
-0.421  0.183  0.044 203 144 65
-0.419  0.183  0.044 190 132 60
-0.418  0.182  0.044 179 111 45
-0.416  0.181  0.043 181 112 47
-0.414  0.181  0.042 193 129 55
-0.413  0.181  0.043 199 133 55
-0.411  0.180  0.043 202 137 60
-0.410  0.180  0.042 204 141 65
-0.408  0.180  0.044 207 145 67
-0.406  0.179  0.044 209 145 67
-0.405  0.179  0.045 211 150 69
-0.403  0.179  0.045 218 152 71
-0.402  0.178  0.046 222 159 78
-0.400  0.178  0.045 222 164 86
-0.398  0.177  0.044 225 161 87
-0.397  0.177  0.044 224 168 93
-0.395  0.176  0.043 168 157 101
-0.393  0.175  0.041 141 157 105
-0.392  0.174  0.039 150 175 122
-0.390  0.173  0.035 163 186 133
-0.388  0.172  0.032 167 184 143
-0.443  0.185  0.018 169 152 121
-0.442  0.184  0.019 142 128 106
-0.440  0.184  0.022 127 121 94
-0.438  0.185  0.025 120 121 88
-0.436  0.185  0.027 113 116 81
-0.434  0.185  0.030 116 113 76
-0.432  0.185  0.032 159 122 70
-0.430  0.185  0.035 177 129 66
-0.429  0.185  0.038 182 130 62
-0.427  0.185  0.040 186 136 59
-0.425  0.185  0.041 195 136 60
-0.424  0.185  0.042 204 143 66
-0.422  0.185  0.042 206 146 65
-0.420  0.184  0.042 200 142 64
-0.419  0.184  0.042 194 122 50
-0.417  0.183  0.042 194 123 48
-0.416  0.183  0.041 195 126 50
-0.414  0.182  0.041 197 125 51
-0.412  0.182  0.042 198 132 55
-0.411  0.182  0.042 198 138 61
-0.409  0.181  0.042 202 143 65
-0.408  0.181  0.043 207 139 62
-0.406  0.181  0.044 210 145 64
-0.404  0.181  0.044 213 149 70
-0.403  0.180  0.044 217 154 74
-0.401  0.180  0.044 223 164 84
-0.400  0.179  0.044 224 161 81
-0.398  0.178  0.042 226 164 85
-0.396  0.178  0.042 218 170 94
-0.395  0.177  0.041 178 164 102
-0.393  0.176  0.038 145 157 106
-0.391  0.175  0.036 142 169 122
-0.389  0.174  0.033 164 196 145
-0.388  0.173  0.028 166 184 145
-0.443  0.186  0.015 170 154 120
-0.441  0.186  0.016 151 130 101
-0.440  0.186  0.019 134 130 96
-0.438  0.186  0.023 123 129 91
-0.436  0.186  0.026 113 122 83
-0.434  0.186  0.029 108 120 78
-0.432  0.186  0.030 124 120 73
-0.430  0.186  0.034 158 121 68
-0.428  0.187  0.037 174 128 66
-0.427  0.186  0.038 182 130 62
-0.425  0.186  0.039 193 135 59
-0.423  0.186  0.040 200 141 66
-0.422  0.186  0.040 202 137 62
-0.420  0.185  0.040 194 125 55
-0.418  0.185  0.040 198 131 52
-0.417  0.184  0.040 205 135 53
-0.415  0.184  0.040 203 135 55
-0.414  0.184  0.040 202 132 55
-0.412  0.183  0.041 201 129 55
-0.410  0.183  0.042 198 137 62
-0.409  0.183  0.042 200 139 61
-0.407  0.183  0.043 206 143 63
-0.406  0.182  0.043 210 148 66
-0.404  0.182  0.043 213 148 72
-0.402  0.182  0.043 217 157 78
-0.401  0.181  0.043 219 159 82
-0.399  0.180  0.041 224 159 82
-0.397  0.180  0.040 225 163 85
-0.396  0.179  0.039 187 160 94
-0.394  0.178  0.037 151 150 99
-0.392  0.177  0.035 141 155 106
-0.391  0.176  0.033 144 172 120
-0.389  0.175  0.029 154 183 141
-0.387  0.174  0.025 173 180 143
-0.443  0.187  0.011 169 152 118
-0.441  0.186  0.012 159 136 102
-0.439  0.187  0.016 140 139 97
-0.437  0.187  0.020 124 134 91
-0.435  0.187  0.023 113 127 83
-0.434  0.187  0.026 112 124 78
-0.432  0.187  0.028 110 124 76
-0.430  0.188  0.031 122 115 74
-0.428  0.188  0.034 121 107 67
-0.426  0.188  0.036 132 113 68
-0.425  0.188  0.038 166 123 59
-0.423  0.187  0.038 184 126 60
-0.421  0.187  0.038 197 125 50
-0.420  0.187  0.038 202 132 54
-0.418  0.186  0.039 203 141 59
-0.416  0.186  0.039 208 144 60
-0.415  0.185  0.039 209 143 62
-0.413  0.185  0.039 209 141 61
-0.412  0.185  0.040 205 137 58
-0.410  0.185  0.041 200 135 59
-0.408  0.184  0.041 200 137 61
-0.407  0.184  0.042 206 137 64
-0.405  0.184  0.043 208 150 70
-0.404  0.183  0.042 213 154 76
-0.402  0.183  0.042 218 157 79
-0.400  0.182  0.040 220 159 82
-0.399  0.181  0.039 220 160 86
-0.397  0.181  0.037 200 165 95
-0.395  0.180  0.035 154 130 91
-0.394  0.179  0.034 135 140 97
-0.392  0.178  0.032 137 154 107
-0.390  0.177  0.029 144 167 118
-0.388  0.176  0.026 157 180 132
-0.387  0.175  0.022 180 186 146
-0.443  0.187  0.004 167 153 121
-0.441  0.187  0.008 154 138 105
-0.439  0.188  0.010 140 142 96
-0.437  0.188  0.016 128 137 90
-0.435  0.188  0.019 120 133 81
-0.433  0.189  0.023 127 131 80
-0.431  0.189  0.026 122 128 82
-0.430  0.189  0.030 102 106 73
-0.428  0.189  0.033 95 92 63
-0.426  0.189  0.034 119 89 58
-0.424  0.189  0.037 167 125 60
-0.423  0.189  0.037 186 126 55
-0.421  0.188  0.037 198 132 52
-0.419  0.188  0.037 204 140 62
-0.418  0.188  0.037 215 147 68
-0.416  0.187  0.038 222 153 71
-0.414  0.187  0.038 215 147 63
-0.413  0.187  0.038 214 144 61
-0.411  0.186  0.039 215 147 64
-0.410  0.186  0.040 212 144 66
-0.408  0.186  0.041 208 140 66
-0.406  0.186  0.041 199 139 68
-0.405  0.185  0.042 193 134 76
-0.403  0.185  0.041 207 157 84
-0.402  0.184  0.040 213 160 86
-0.400  0.183  0.038 216 159 85
-0.398  0.182  0.036 205 154 91
-0.397  0.182  0.034 155 120 93
-0.395  0.181  0.032 126 123 88
-0.393  0.180  0.030 128 136 98
-0.391  0.179  0.028 137 149 107
-0.390  0.178  0.026 146 165 121
-0.388  0.177  0.023 159 186 141
-0.443  0.188 -0.001 166 152 121
-0.441  0.188  0.003 149 134 105
-0.439  0.188  0.005 140 141 97
-0.437  0.189  0.013 133 138 89
-0.435  0.189  0.016 124 135 80
-0.433  0.190  0.020 123 132 84
-0.431  0.190  0.024 109 123 83
-0.429  0.190  0.027 95 103 67
-0.427  0.191  0.031 94 101 61
-0.426  0.191  0.033 122 105 58
-0.424  0.191  0.035 169 128 63
-0.422  0.190  0.036 185 131 58
-0.421  0.190  0.036 195 136 61
-0.419  0.189  0.036 200 148 72
-0.417  0.189  0.036 205 154 81
-0.416  0.189  0.037 210 153 73
-0.414  0.188  0.037 211 150 62
-0.412  0.188  0.037 216 149 62
-0.411  0.188  0.038 216 149 65
-0.409  0.188  0.039 217 153 69
-0.408  0.187  0.040 218 152 75
-0.406  0.187  0.041 218 158 84
-0.404  0.187  0.041 173 98 80
-0.403  0.186  0.040 166 109 75
-0.401  0.186  0.039 179 128 89
-0.399  0.184  0.035 184 132 94
-0.398  0.183  0.033 176 99 89
-0.396  0.183  0.030 159 97 83
-0.394  0.182  0.028 137 119 93
-0.393  0.181  0.026 132 139 100
-0.391  0.180  0.025 138 154 108
-0.389  0.179  0.022 149 169 124
-0.387  0.178  0.019 163 184 142
-0.443  0.189 -0.006 167 151 120
-0.441  0.189 -0.003 148 128 102
-0.439  0.189 -0.003 140 134 95
-0.437  0.189  0.000 134 139 94
-0.435  0.189  0.003 122 134 87
-0.433  0.189  0.007 123 133 84
-0.431  0.192  0.023 100 98 76
-0.429  0.192  0.026 92 97 66
-0.427  0.192  0.029 96 107 64
-0.425  0.192  0.032 116 114 64
-0.424  0.192  0.033 165 127 63
-0.422  0.192  0.034 187 129 58
-0.420  0.191  0.034 194 132 59
-0.419  0.191  0.034 200 139 62
-0.417  0.190  0.034 202 143 62
-0.415  0.190  0.035 204 140 62
-0.414  0.190  0.036 208 145 61
-0.412  0.190  0.036 213 150 64
-0.410  0.189  0.037 217 151 65
-0.409  0.189  0.038 221 154 70
-0.407  0.189  0.039 221 163 81
-0.406  0.189  0.040 219 165 94
-0.404  0.188  0.040 175 115 89
-0.402  0.188  0.039 161 78 73
-0.401  0.187  0.037 172 83 74
-0.399  0.186  0.034 180 81 76
-0.397  0.185  0.031 181 86 77
-0.396  0.184  0.028 178 94 82
-0.394  0.183  0.026 169 104 95
-0.392  0.182  0.022 150 142 107
-0.390  0.181  0.020 146 157 117
-0.389  0.180  0.018 158 170 136
-0.387  0.179  0.016 174 183 152
-0.443  0.191 -0.007 168 148 118
-0.441  0.190 -0.007 155 127 99
-0.439  0.190 -0.006 146 122 90
-0.437  0.190 -0.002 137 139 91
-0.435  0.190  0.001 123 135 88
-0.433  0.191  0.006 118 131 86
-0.430  0.193  0.021 100 92 69
-0.429  0.193  0.024 93 91 66
-0.427  0.193  0.028 92 96 64
-0.425  0.193  0.030 104 111 64
-0.423  0.193  0.032 157 118 59
-0.422  0.193  0.032 183 127 59
-0.420  0.193  0.032 191 135 60
-0.418  0.192  0.032 196 140 60
-0.417  0.192  0.032 197 139 59
-0.415  0.191  0.033 202 140 62
-0.413  0.191  0.033 206 146 64
-0.412  0.191  0.035 210 146 64
-0.410  0.191  0.035 216 150 67
-0.408  0.190  0.036 219 154 72
-0.407  0.190  0.037 219 162 80
-0.405  0.190  0.038 216 157 81
-0.404  0.189  0.038 184 129 96
-0.402  0.189  0.037 172 81 75
-0.400  0.188  0.036 179 81 74
-0.399  0.187  0.031 184 82 78
-0.397  0.186  0.028 190 87 81
-0.395  0.185  0.025 196 96 90
-0.393  0.184  0.023 193 100 91
-0.392  0.183  0.019 173 121 100
-0.390  0.182  0.017 167 136 119
-0.388  0.181  0.015 173 153 145
-0.386  0.180  0.013 185 171 157
-0.443  0.192 -0.009 169 148 115
-0.441  0.192 -0.007 162 123 97
-0.439  0.192 -0.005 152 110 90
-0.437  0.192 -0.003 139 124 86
-0.435  0.192  0.001 125 138 92
-0.433  0.192  0.004 110 127 91
-0.430  0.194  0.018 101 96 68
-0.428  0.194  0.022 94 92 65
-0.426  0.195  0.025 93 91 65
-0.425  0.195  0.028 98 100 59
-0.423  0.195  0.031 125 111 62
-0.421  0.194  0.031 169 126 65
-0.420  0.194  0.032 184 131 63
-0.418  0.194  0.032 190 134 60
-0.416  0.193  0.032 194 134 62
-0.415  0.193  0.033 198 140 64
-0.413  0.193  0.033 202 144 63
-0.411  0.192  0.033 206 146 63
-0.410  0.192  0.033 211 147 69
-0.408  0.191  0.034 212 151 74
-0.406  0.191  0.034 214 155 81
-0.405  0.191  0.035 213 153 84
-0.403  0.191  0.035 185 124 94
-0.402  0.190  0.035 177 82 73
-0.400  0.189  0.033 189 90 81
-0.398  0.188  0.030 190 93 91
-0.396  0.187  0.025 198 101 97
-0.395  0.186  0.022 210 109 110
-0.393  0.185  0.020 206 100 93
-0.391  0.184  0.016 192 110 100
-0.389  0.183  0.014 185 119 116
-0.387  0.182  0.012 188 135 132
-0.386  0.181  0.010 197 160 146
-0.442  0.194 -0.011 168 145 115
-0.440  0.194 -0.009 163 123 98
-0.438  0.193 -0.008 158 109 90
-0.436  0.194 -0.003 148 100 80
-0.434  0.194 -0.001 131 122 85
-0.432  0.194  0.004 119 132 89
-0.430  0.195  0.015 104 105 71
-0.428  0.196  0.020 97 100 64
-0.426  0.196  0.024 97 100 67
-0.424  0.196  0.027 96 101 66
-0.422  0.196  0.030 106 103 66
-0.421  0.196  0.031 130 105 65
-0.419  0.196  0.031 159 121 62
-0.417  0.195  0.032 178 126 61
-0.416  0.195  0.032 187 131 65
-0.414  0.195  0.033 194 138 68
-0.413  0.194  0.033 199 141 67
-0.411  0.194  0.032 203 145 72
-0.409  0.193  0.031 203 147 77
-0.408  0.193  0.031 204 148 83
-0.406  0.192  0.032 198 146 89
-0.404  0.192  0.032 179 131 93
-0.403  0.192  0.032 166 95 84
-0.401  0.191  0.032 175 80 76
-0.399  0.190  0.030 185 81 82
-0.398  0.189  0.026 191 91 95
-0.396  0.188  0.022 208 131 121
-0.394  0.187  0.019 202 115 129
-0.392  0.186  0.017 207 107 101
-0.391  0.185  0.014 179 118 113
-0.389  0.184  0.012 158 143 146
-0.387  0.184  0.010 170 169 163
-0.442  0.195 -0.013 164 144 117
-0.440  0.195 -0.012 163 122 97
-0.438  0.195 -0.010 161 107 87
-0.436  0.195 -0.006 156 96 80
-0.434  0.195 -0.002 155 105 84
-0.432  0.195  0.000 138 120 83
-0.430  0.197  0.013 120 121 80
-0.428  0.197  0.017 109 110 74
-0.426  0.197  0.021 107 109 71
-0.424  0.198  0.026 108 105 71
-0.422  0.198  0.029 99 96 68
-0.420  0.198  0.031 127 83 62
-0.419  0.197  0.031 130 103 68
-0.417  0.197  0.031 133 126 70
-0.415  0.196  0.030 141 130 74
-0.414  0.196  0.030 154 131 83
-0.412  0.195  0.030 170 110 75
-0.411  0.195  0.029 189 114 80
-0.409  0.194  0.028 196 110 87
-0.407  0.194  0.028 182 95 85
-0.406  0.194  0.029 146 87 84
-0.404  0.193  0.029 152 84 81
-0.402  0.193  0.029 162 84 82
-0.401  0.192  0.029 172 81 80
-0.399  0.191  0.026 180 83 84
-0.397  0.190  0.023 186 89 94
-0.395  0.189  0.019 197 93 96
-0.394  0.188  0.016 199 99 99
-0.392  0.187  0.014 200 104 104
-0.390  0.186  0.011 153 132 131
-0.388  0.186  0.009 139 157 164
-0.386  0.185  0.007 164 181 175
-0.441  0.197 -0.014 165 145 116
-0.440  0.197 -0.012 161 120 94
-0.438  0.196 -0.011 160 108 90
-0.436  0.197 -0.007 157 95 81
-0.434  0.197 -0.004 159 86 78
-0.432  0.197 -0.001 153 83 73
-0.429  0.198  0.010 150 100 78
-0.427  0.198  0.014 134 110 87
-0.425  0.198  0.018 109 97 79
-0.424  0.199  0.023 94 87 79
-0.422  0.199  0.026 92 81 80
-0.420  0.199  0.029 125 77 66
-0.418  0.199  0.029 132 79 65
-0.417  0.198  0.029 125 112 72
-0.415  0.198  0.029 133 152 91
-0.413  0.197  0.028 148 146 105
-0.412  0.197  0.028 166 74 72
-0.410  0.196  0.026 181 81 84
-0.409  0.195  0.025 196 124 112
-0.407  0.195  0.025 179 86 90
-0.405  0.195  0.026 119 92 100
-0.404  0.194  0.026 115 100 102
-0.402  0.194  0.025 145 95 97
-0.400  0.193  0.026 164 85 90
-0.399  0.193  0.023 176 87 85
-0.397  0.192  0.020 183 92 89
-0.395  0.191  0.017 189 89 92
-0.393  0.190  0.014 191 99 99
-0.391  0.189  0.012 172 116 119
-0.390  0.188  0.008 133 144 153
-0.388  0.187  0.005 134 161 169
-0.386  0.186  0.004 164 180 175
-0.441  0.199 -0.014 164 142 115
-0.439  0.198 -0.013 162 119 95
-0.437  0.198 -0.010 162 110 91
-0.435  0.198 -0.007 160 92 78
-0.433  0.198 -0.004 160 86 74
-0.431  0.199 -0.001 158 79 73
-0.429  0.199  0.007 160 84 78
-0.427  0.199  0.011 148 81 75
-0.425  0.200  0.015 105 76 74
-0.423  0.200  0.020 86 79 88
-0.421  0.200  0.025 88 84 91
-0.420  0.200  0.026 110 82 77
-0.418  0.200  0.027 133 73 66
-0.416  0.200  0.028 139 77 66
-0.415  0.199  0.026 141 116 87
-0.413  0.198  0.026 148 92 91
-0.411  0.198  0.024 168 68 66
-0.410  0.197  0.023 180 77 75
-0.408  0.197  0.022 188 83 89
-0.406  0.196  0.022 157 99 104
-0.405  0.196  0.022 108 116 127
-0.403  0.195  0.022 98 128 140
-0.401  0.195  0.022 112 128 145
-0.400  0.195  0.023 128 122 132
-0.398  0.194  0.020 146 111 124
-0.396  0.193  0.018 158 107 124
-0.395  0.192  0.014 162 110 127
-0.393  0.191  0.011 155 134 135
-0.391  0.190  0.009 135 140 154
-0.389  0.189  0.006 128 151 164
-0.387  0.188  0.003 137 162 168
-0.385  0.187 -0.000 164 180 170
-0.441  0.200 -0.016 164 140 114
-0.439  0.200 -0.014 160 125 96
-0.437  0.200 -0.011 166 115 92
-0.435  0.200 -0.008 161 97 82
-0.433  0.200 -0.005 160 89 76
-0.431  0.200 -0.002 163 82 72
-0.429  0.201  0.004 157 79 70
-0.427  0.201  0.008 124 80 71
-0.425  0.201  0.011 96 84 81
-0.423  0.201  0.016 87 83 89
-0.421  0.201  0.019 92 84 85
-0.419  0.201  0.020 101 92 86
-0.418  0.201  0.021 107 82 77
-0.416  0.200  0.022 130 74 63
-0.414  0.200  0.021 148 76 69
-0.413  0.199  0.021 156 71 67
-0.411  0.199  0.021 168 71 66
-0.409  0.198  0.020 179 76 74
-0.408  0.198  0.020 162 91 94
-0.406  0.197  0.019 120 115 126
-0.404  0.197  0.020 104 140 152
-0.403  0.197  0.019 120 159 172
-0.401  0.196  0.019 116 164 179
-0.399  0.196  0.019 106 160 184
-0.398  0.195  0.017 111 163 193
-0.396  0.194  0.016 129 168 203
-0.394  0.193  0.012 128 176 203
-0.392  0.192  0.009 123 176 197
-0.390  0.191  0.006 121 162 181
-0.389  0.190  0.003 126 161 176
-0.386  0.189 -0.003 140 164 170
-0.440  0.202 -0.018 164 142 115
-0.438  0.202 -0.016 151 129 101
-0.436  0.202 -0.013 141 113 97
-0.434  0.202 -0.010 143 103 84
-0.432  0.202 -0.007 155 96 76
-0.430  0.202 -0.004 159 90 71
-0.428  0.202  0.000 146 83 71
-0.427  0.202  0.003 108 81 73
-0.425  0.202  0.007 91 78 74
-0.423  0.202  0.011 89 76 70
-0.421  0.202  0.013 94 77 69
-0.419  0.202  0.014 120 80 69
-0.417  0.201  0.015 114 80 65
-0.416  0.201  0.017 108 82 66
-0.414  0.201  0.016 118 88 69
-0.412  0.200  0.016 126 91 71
-0.411  0.200  0.017 130 90 79
-0.409  0.200  0.018 127 98 93
-0.407  0.199  0.018 114 109 114
-0.406  0.199  0.017 97 133 143
-0.404  0.198  0.017 96 147 167
-0.402  0.198  0.016 103 161 181
-0.401  0.197  0.016 103 168 189
-0.399  0.197  0.016 100 171 204
-0.397  0.196  0.014 130 189 226
-0.395  0.195  0.012 149 218 248
-0.394  0.194  0.009 122 192 230
-0.392  0.193  0.006 116 186 215
-0.390  0.193  0.003 122 175 195
-0.388  0.192  0.000 129 176 191
-0.386  0.190 -0.008 142 176 182
-0.440  0.203 -0.020 163 144 119
-0.438  0.203 -0.019 144 133 104
-0.436  0.203 -0.016 126 114 101
-0.434  0.203 -0.013 122 104 93
-0.432  0.203 -0.010 124 93 79
-0.430  0.203 -0.006 146 87 72
-0.428  0.203 -0.003 150 89 72
-0.426  0.203  0.001 138 86 70
-0.424  0.203  0.004 116 81 69
-0.422  0.203  0.008 98 76 68
-0.421  0.203  0.010 128 75 64
-0.419  0.203  0.011 152 85 64
-0.417  0.203  0.013 151 82 62
-0.415  0.203  0.014 136 82 61
-0.414  0.202  0.013 111 91 66
-0.412  0.202  0.013 107 106 80
-0.410  0.201  0.015 104 102 94
-0.409  0.201  0.015 99 113 113
-0.407  0.201  0.015 89 122 130
-0.405  0.200  0.015 87 139 152
-0.404  0.200  0.015 90 149 173
-0.402  0.199  0.014 95 162 186
-0.400  0.199  0.013 102 169 197
-0.398  0.198  0.014 102 178 214
-0.397  0.197  0.011 117 196 238
-0.395  0.197  0.009 119 192 232
-0.393  0.196  0.006 112 185 222
-0.391  0.195  0.003 120 185 209
-0.389  0.193 -0.001 128 153 164
-0.387  0.193 -0.004 139 158 167
-0.385  0.190 -0.014 150 159 167
-0.440  0.205 -0.024 161 142 117
-0.438  0.204 -0.023 147 132 103
-0.436  0.204 -0.020 124 113 104
-0.434  0.204 -0.017 113 105 95
-0.432  0.204 -0.014 106 94 85
-0.430  0.204 -0.010 113 85 78
-0.428  0.204 -0.006 123 86 71
-0.426  0.204 -0.003 146 86 71
-0.424  0.204  0.001 149 86 68
-0.422  0.205  0.004 143 82 67
-0.420  0.204  0.006 167 87 64
-0.419  0.204  0.008 179 89 65
-0.417  0.204  0.010 179 87 63
-0.415  0.204  0.012 171 85 60
-0.413  0.203  0.011 148 84 62
-0.412  0.203  0.012 116 94 71
-0.410  0.203  0.012 106 100 86
-0.408  0.202  0.012 103 109 109
-0.406  0.202  0.012 94 124 132
-0.405  0.201  0.013 89 137 153
-0.403  0.201  0.013 90 149 171
-0.401  0.200  0.012 93 160 184
-0.400  0.200  0.011 97 165 195
-0.398  0.200  0.012 97 171 203
-0.396  0.199  0.009 100 177 212
-0.394  0.198  0.007 100 181 215
-0.393  0.197  0.003 107 181 216
-0.391  0.196 -0.000 113 169 198
-0.389  0.195 -0.006 123 137 159
-0.387  0.194 -0.008 139 155 170
-0.384  0.191 -0.020 159 158 160
-0.440  0.206 -0.028 162 142 117
-0.438  0.206 -0.025 145 136 106
-0.436  0.206 -0.023 124 115 106
-0.434  0.206 -0.019 112 105 98
-0.432  0.206 -0.016 105 96 91
-0.429  0.206 -0.013 100 90 81
-0.428  0.206 -0.009 102 84 74
-0.426  0.206 -0.006 115 83 74
-0.424  0.206 -0.003 141 82 68
-0.422  0.206  0.000 175 88 65
-0.420  0.206  0.003 190 94 66
-0.418  0.206  0.006 193 94 64
-0.416  0.205  0.007 197 92 63
-0.415  0.205  0.008 190 90 65
-0.413  0.205  0.008 175 85 63
-0.411  0.204  0.008 147 86 68
-0.409  0.204  0.009 117 87 74
-0.408  0.203  0.009 104 91 91
-0.406  0.203  0.010 106 110 117
-0.404  0.203  0.010 99 130 143
-0.403  0.202  0.010 95 142 163
-0.401  0.202  0.010 95 152 177
-0.399  0.201  0.009 96 160 188
-0.397  0.201  0.009 95 167 196
-0.396  0.200  0.006 96 170 202
-0.394  0.199  0.004 100 176 205
-0.392  0.198 -0.000 114 178 199
-0.390  0.197 -0.005 115 146 170
-0.388  0.196 -0.010 123 129 147
-0.386  0.195 -0.013 138 144 155
-0.384  0.193 -0.024 166 162 158
-0.439  0.207 -0.032 157 144 119
-0.437  0.207 -0.029 141 139 116
-0.435  0.207 -0.026 125 124 114
-0.433  0.207 -0.022 113 112 102
-0.431  0.207 -0.019 104 102 93
-0.429  0.207 -0.016 104 92 86
-0.427  0.207 -0.012 105 87 77
-0.425  0.207 -0.009 115 81 73
-0.423  0.207 -0.007 145 77 67
-0.422  0.207 -0.004 184 99 70
-0.420  0.207 -0.001 197 99 68
-0.418  0.207  0.002 205 93 65
-0.416  0.207  0.004 217 100 70
-0.414  0.206  0.005 210 104 77
-0.413  0.206  0.007 196 90 70
-0.411  0.206  0.007 179 86 66
-0.409  0.205  0.007 123 81 69
-0.407  0.205  0.008 114 77 77
-0.406  0.205  0.008 123 83 84
-0.404  0.204  0.008 128 99 108
-0.402  0.204  0.008 114 124 136
-0.400  0.203  0.007 108 140 157
-0.399  0.203  0.006 109 156 173
-0.397  0.202  0.006 106 161 180
-0.395  0.201  0.003 108 164 185
-0.393  0.200  0.001 111 167 187
-0.391  0.199 -0.004 114 143 172
-0.390  0.198 -0.008 116 129 153
-0.387  0.196 -0.017 127 136 152
-0.385  0.196 -0.020 142 146 156
-0.383  0.193 -0.030 176 170 158
-0.439  0.209 -0.035 151 144 121
-0.437  0.209 -0.032 138 139 116
-0.435  0.209 -0.029 121 130 120
-0.433  0.209 -0.025 110 116 108
-0.431  0.209 -0.022 107 105 94
-0.429  0.209 -0.019 111 92 80
-0.427  0.209 -0.015 128 88 72
-0.425  0.209 -0.012 140 84 66
-0.423  0.208 -0.009 164 88 65
-0.421  0.208 -0.007 188 92 66
-0.419  0.208 -0.004 198 91 64
-0.417  0.208 -0.001 206 91 62
-0.416  0.208  0.001 216 96 66
-0.414  0.208  0.003 216 98 77
-0.412  0.208  0.005 226 102 81
-0.410  0.207  0.005 209 99 75
-0.409  0.207  0.005 132 85 74
-0.407  0.206  0.005 125 72 73
-0.405  0.206  0.006 143 76 73
-0.403  0.206  0.006 166 86 86
-0.402  0.205  0.005 166 96 100
-0.400  0.204  0.004 156 99 108
-0.398  0.204  0.003 135 112 125
-0.397  0.203  0.002 126 119 136
-0.395  0.203 -0.000 147 119 139
-0.393  0.202 -0.003 126 125 144
-0.391  0.200 -0.012 120 132 150
-0.389  0.199 -0.017 120 125 145
-0.387  0.198 -0.022 128 135 155
-0.385  0.196 -0.028 150 150 157
-0.439  0.211 -0.037 153 145 120
-0.437  0.210 -0.034 136 133 108
-0.435  0.210 -0.031 123 126 115
-0.433  0.210 -0.027 112 120 107
-0.431  0.210 -0.024 106 102 92
-0.429  0.210 -0.021 134 92 75
-0.427  0.210 -0.018 151 90 70
-0.425  0.210 -0.015 156 88 67
-0.423  0.210 -0.012 174 91 65
-0.421  0.210 -0.009 186 92 68
-0.419  0.210 -0.005 196 92 62
-0.417  0.210 -0.003 205 93 61
-0.415  0.209 -0.001 213 94 63
-0.413  0.209  0.001 223 99 76
-0.412  0.209  0.002 231 128 99
-0.410  0.209  0.003 218 107 84
-0.408  0.208  0.003 149 84 76
-0.407  0.208  0.003 146 75 73
-0.405  0.207  0.003 146 75 70
-0.403  0.207  0.003 156 83 77
-0.401  0.206  0.001 173 85 82
-0.400  0.206  0.001 173 89 87
-0.398  0.205 -0.002 155 93 93
-0.396  0.203 -0.010 144 93 96
-0.394  0.202 -0.013 175 101 106
-0.392  0.201 -0.017 139 115 128
-0.390  0.200 -0.021 141 125 143
-0.388  0.199 -0.026 135 126 138
-0.386  0.198 -0.030 136 136 147
-0.384  0.197 -0.034 162 156 152
-0.438  0.212 -0.039 157 148 117
-0.436  0.212 -0.036 139 132 101
-0.434  0.212 -0.032 126 121 100
-0.432  0.212 -0.029 114 108 96
-0.430  0.212 -0.026 106 97 88
-0.428  0.212 -0.023 149 96 79
-0.426  0.212 -0.021 162 93 71
-0.424  0.211 -0.018 168 90 70
-0.422  0.211 -0.015 185 98 72
-0.420  0.211 -0.012 185 95 73
-0.419  0.211 -0.008 193 94 67
-0.417  0.211 -0.005 202 89 64
-0.415  0.211 -0.003 210 93 66
-0.413  0.211 -0.001 223 95 69
-0.411  0.210 -0.000 231 106 80
-0.410  0.210 -0.000 216 95 77
-0.408  0.210 -0.000 188 89 72
-0.406  0.209 -0.000 179 83 74
-0.404  0.209 -0.001 156 77 72
-0.403  0.208 -0.001 147 79 73
-0.401  0.208 -0.002 157 83 79
-0.399  0.207 -0.003 161 86 85
-0.397  0.206 -0.009 158 89 86
-0.395  0.205 -0.013 156 88 88
-0.393  0.204 -0.017 183 102 103
-0.391  0.203 -0.021 148 119 126
-0.389  0.202 -0.025 176 131 128
-0.387  0.200 -0.031 186 137 127
-0.385  0.199 -0.035 171 141 141
-0.383  0.198 -0.038 184 159 149
-0.438  0.214 -0.041 157 151 116
-0.436  0.214 -0.038 144 136 99
-0.434  0.214 -0.034 129 126 96
-0.432  0.214 -0.031 113 105 96
-0.430  0.213 -0.028 106 97 92
-0.428  0.213 -0.026 148 93 83
-0.426  0.213 -0.023 167 95 73
-0.424  0.213 -0.020 174 90 69
-0.422  0.213 -0.017 185 103 74
-0.420  0.213 -0.014 186 98 76
-0.418  0.213 -0.010 191 95 72
-0.416  0.213 -0.007 195 90 65
-0.414  0.212 -0.006 192 90 64
-0.413  0.212 -0.004 204 92 66
-0.411  0.212 -0.004 217 88 69
-0.409  0.211 -0.003 221 90 69
-0.407  0.211 -0.003 223 95 73
-0.406  0.210 -0.004 212 93 77
-0.404  0.210 -0.004 179 81 76
-0.402  0.209 -0.005 155 83 78
-0.400  0.209 -0.006 151 85 81
-0.399  0.208 -0.007 154 87 84
-0.397  0.208 -0.009 160 90 86
-0.395  0.206 -0.016 177 90 92
-0.393  0.205 -0.020 165 108 115
-0.391  0.204 -0.023 149 125 137
-0.389  0.203 -0.030 204 150 131
-0.387  0.202 -0.035 218 142 119
-0.385  0.201 -0.040 196 141 131
-0.438  0.216 -0.044 158 153 117
-0.436  0.215 -0.040 147 141 99
-0.434  0.215 -0.037 132 130 97
-0.431  0.215 -0.033 115 105 100
-0.429  0.215 -0.031 103 97 97
-0.427  0.215 -0.029 128 91 87
-0.425  0.215 -0.026 164 94 74
-0.424  0.214 -0.023 177 92 68
-0.422  0.214 -0.020 182 94 69
-0.420  0.214 -0.017 187 95 72
-0.418  0.214 -0.014 193 100 73
-0.416  0.214 -0.011 184 96 73
-0.414  0.214 -0.009 172 77 64
-0.412  0.214 -0.008 189 84 63
-0.411  0.213 -0.007 209 85 67
-0.409  0.213 -0.006 223 93 76
-0.407  0.212 -0.007 243 105 84
-0.405  0.212 -0.007 230 107 92
-0.403  0.211 -0.008 169 86 86
-0.402  0.211 -0.009 151 88 85
-0.400  0.210 -0.010 162 91 86
-0.398  0.209 -0.012 169 91 87
-0.396  0.209 -0.014 177 92 88
-0.394  0.207 -0.021 168 100 101
-0.392  0.207 -0.024 141 112 127
-0.390  0.205 -0.029 171 127 142
-0.388  0.204 -0.036 218 154 140
-0.386  0.203 -0.039 225 144 119
-0.384  0.202 -0.044 206 143 128
-0.437  0.217 -0.046 157 149 114
-0.435  0.217 -0.041 149 145 99
-0.433  0.217 -0.038 133 133 98
-0.431  0.217 -0.036 116 113 100
-0.429  0.217 -0.033 101 98 100
-0.427  0.216 -0.031 105 93 95
-0.425  0.216 -0.029 130 94 87
-0.423  0.216 -0.027 168 96 74
-0.421  0.216 -0.024 181 93 69
-0.419  0.216 -0.021 187 96 70
-0.417  0.216 -0.017 190 97 73
-0.416  0.215 -0.014 148 94 85
-0.414  0.215 -0.013 139 77 77
-0.412  0.215 -0.011 176 80 69
-0.410  0.215 -0.010 208 87 65
-0.408  0.214 -0.009 225 95 69
-0.407  0.214 -0.010 241 107 82
-0.405  0.213 -0.011 211 117 97
-0.403  0.213 -0.011 138 104 113
-0.401  0.212 -0.012 128 96 94
-0.399  0.211 -0.014 154 101 91
-0.398  0.211 -0.016 171 97 89
-0.396  0.210 -0.019 185 98 88
-0.394  0.209 -0.024 150 110 105
-0.392  0.208 -0.028 131 121 130
-0.390  0.207 -0.032 192 133 124
-0.387  0.205 -0.041 226 142 119
-0.385  0.204 -0.045 222 140 117
-0.383  0.203 -0.048 208 148 129
-0.437  0.219 -0.048 156 148 113
-0.435  0.219 -0.043 150 145 100
-0.433  0.219 -0.039 137 136 97
-0.431  0.219 -0.038 125 124 98
-0.429  0.218 -0.036 111 105 96
-0.427  0.218 -0.034 103 95 94
-0.425  0.218 -0.031 106 93 94
-0.423  0.217 -0.030 137 89 82
-0.421  0.217 -0.027 166 90 70
-0.419  0.217 -0.024 180 96 72
-0.417  0.217 -0.021 167 101 79
-0.415  0.217 -0.018 117 94 102
-0.413  0.217 -0.016 111 91 105
-0.412  0.216 -0.015 132 87 91
-0.410  0.216 -0.013 172 90 78
-0.408  0.216 -0.012 203 99 74
-0.406  0.215 -0.013 217 104 80
-0.404  0.215 -0.014 187 120 108
-0.403  0.214 -0.016 127 122 144
-0.401  0.213 -0.017 115 104 112
-0.399  0.213 -0.019 131 106 97
-0.397  0.212 -0.020 162 102 91
-0.395  0.211 -0.023 187 104 89
-0.393  0.210 -0.026 175 111 102
-0.391  0.209 -0.030 173 119 120
-0.389  0.208 -0.035 211 130 108
-0.387  0.207 -0.044 223 138 113
-0.385  0.206 -0.048 216 138 120
-0.383  0.205 -0.052 208 157 136
-0.437  0.221 -0.049 152 146 117
-0.434  0.221 -0.043 149 142 102
-0.432  0.221 -0.041 141 141 99
-0.430  0.220 -0.040 137 130 93
-0.428  0.220 -0.038 134 103 83
-0.426  0.220 -0.036 127 96 81
-0.424  0.219 -0.034 122 93 81
-0.422  0.219 -0.034 130 89 77
-0.421  0.219 -0.030 151 85 72
-0.419  0.219 -0.027 167 87 72
-0.417  0.219 -0.023 161 88 79
-0.415  0.218 -0.021 136 87 96
-0.413  0.218 -0.020 113 93 112
-0.411  0.218 -0.017 101 94 111
-0.409  0.217 -0.017 118 90 102
-0.407  0.217 -0.016 144 94 91
-0.406  0.217 -0.017 181 96 81
-0.404  0.216 -0.018 191 110 92
-0.402  0.215 -0.018 174 119 115
-0.400  0.215 -0.020 137 113 122
-0.398  0.214 -0.021 119 115 114
-0.396  0.214 -0.023 143 118 99
-0.395  0.213 -0.025 172 120 96
-0.393  0.212 -0.029 192 115 98
-0.391  0.211 -0.032 207 118 104
-0.389  0.210 -0.038 220 128 105
-0.386  0.208 -0.046 218 138 123
-0.384  0.207 -0.051 212 137 126
-0.382  0.206 -0.055 209 162 141
-0.436  0.223 -0.052 152 144 118
-0.434  0.223 -0.045 146 138 104
-0.432  0.222 -0.043 144 140 101
-0.430  0.222 -0.041 146 118 87
-0.428  0.222 -0.040 149 101 76
-0.426  0.221 -0.038 144 95 73
-0.424  0.221 -0.037 137 92 73
-0.422  0.221 -0.036 133 90 73
-0.420  0.220 -0.033 149 85 76
-0.418  0.220 -0.029 165 86 75
-0.416  0.220 -0.025 171 85 81
-0.414  0.220 -0.023 175 98 95
-0.413  0.220 -0.022 132 87 94
-0.411  0.219 -0.020 94 89 102
-0.409  0.219 -0.019 90 89 104
-0.407  0.219 -0.019 97 91 105
-0.405  0.218 -0.019 125 90 99
-0.403  0.217 -0.020 152 101 96
-0.402  0.217 -0.022 188 112 105
-0.400  0.216 -0.023 147 123 131
-0.398  0.216 -0.024 114 123 129
-0.396  0.215 -0.026 125 133 103
-0.394  0.214 -0.028 146 141 104
-0.392  0.213 -0.031 177 153 113
-0.390  0.213 -0.035 192 143 117
-0.388  0.211 -0.041 203 122 108
-0.386  0.210 -0.050 208 127 121
-0.384  0.209 -0.055 209 138 128
-0.381  0.208 -0.059 208 166 142
-0.436  0.224 -0.054 157 143 115
-0.434  0.224 -0.048 143 135 103
-0.432  0.224 -0.045 135 137 105
-0.430  0.224 -0.044 136 115 88
-0.428  0.223 -0.042 150 103 77
-0.426  0.223 -0.040 151 96 72
-0.424  0.223 -0.040 144 94 72
-0.422  0.222 -0.039 132 94 75
-0.420  0.222 -0.035 142 101 81
-0.418  0.222 -0.032 163 86 78
-0.416  0.222 -0.028 178 84 80
-0.414  0.222 -0.025 179 95 92
-0.412  0.221 -0.024 128 99 87
-0.410  0.221 -0.023 90 89 97
-0.408  0.221 -0.021 85 88 95
-0.407  0.220 -0.021 86 91 99
-0.405  0.219 -0.023 93 91 104
-0.403  0.219 -0.023 110 98 118
-0.401  0.218 -0.025 144 117 135
-0.399  0.218 -0.026 126 126 146
-0.397  0.217 -0.028 110 129 135
-0.395  0.216 -0.030 121 143 107
-0.394  0.216 -0.032 132 164 118
-0.392  0.215 -0.035 161 192 144
-0.390  0.214 -0.038 172 178 136
-0.387  0.213 -0.044 186 122 112
-0.385  0.211 -0.054 198 124 117
-0.383  0.210 -0.059 206 141 129
-0.381  0.209 -0.064 210 173 144
-0.438  0.226 -0.068 172 151 115
-0.436  0.226 -0.058 160 141 112
-0.433  0.226 -0.051 144 141 101
-0.431  0.226 -0.049 133 138 103
-0.429  0.225 -0.047 129 121 91
-0.427  0.225 -0.045 151 104 79
-0.425  0.225 -0.043 147 98 76
-0.423  0.224 -0.043 135 92 73
-0.421  0.224 -0.042 126 97 79
-0.419  0.224 -0.038 131 129 90
-0.417  0.223 -0.035 142 116 87
-0.415  0.223 -0.031 154 114 88
-0.414  0.223 -0.029 149 124 94
-0.412  0.223 -0.027 120 130 98
-0.410  0.222 -0.027 96 117 111
-0.408  0.222 -0.025 87 91 103
-0.406  0.222 -0.025 86 93 102
-0.404  0.221 -0.027 86 96 113
-0.402  0.220 -0.027 94 108 138
-0.401  0.220 -0.028 105 120 151
-0.399  0.219 -0.030 108 126 151
-0.397  0.219 -0.031 108 133 135
-0.395  0.218 -0.032 124 151 113
-0.393  0.217 -0.035 134 176 125
-0.391  0.216 -0.038 151 199 149
-0.389  0.216 -0.042 166 192 143
-0.387  0.214 -0.050 181 125 116
-0.384  0.213 -0.059 193 129 119
-0.382  0.212 -0.064 201 152 134
-0.440  0.227 -0.077 176 149 111
-0.438  0.227 -0.072 170 145 109
-0.435  0.227 -0.063 160 140 110
-0.433  0.228 -0.054 146 146 99
-0.431  0.227 -0.052 136 141 97
-0.429  0.227 -0.050 132 125 89
-0.427  0.227 -0.048 154 103 78
-0.425  0.226 -0.046 136 103 78
-0.423  0.226 -0.046 116 94 76
-0.421  0.225 -0.045 113 100 82
-0.419  0.225 -0.042 123 142 92
-0.417  0.225 -0.039 125 139 93
-0.415  0.225 -0.035 128 145 96
-0.413  0.225 -0.033 127 153 102
-0.411  0.224 -0.031 127 163 119
-0.409  0.224 -0.030 117 163 142
-0.408  0.224 -0.029 105 127 120
-0.406  0.223 -0.029 94 105 114
-0.404  0.222 -0.030 88 105 129
-0.402  0.222 -0.030 91 117 144
-0.400  0.221 -0.031 96 127 156
-0.398  0.221 -0.033 104 141 160
-0.396  0.220 -0.034 117 142 142
-0.394  0.220 -0.035 130 153 118
-0.392  0.219 -0.039 137 176 124
-0.390  0.218 -0.042 148 193 138
-0.388  0.217 -0.045 163 177 139
-0.386  0.216 -0.057 182 131 119
-0.384  0.214 -0.065 191 145 128
-0.443  0.229 -0.087 177 148 112
-0.440  0.229 -0.081 169 140 107
-0.438  0.229 -0.076 167 141 106
-0.435  0.229 -0.065 155 142 108
-0.433  0.229 -0.057 144 145 96
-0.431  0.229 -0.055 137 142 95
-0.428  0.229 -0.052 145 122 86
-0.426  0.228 -0.050 158 104 76
-0.424  0.228 -0.049 124 105 81
-0.423  0.227 -0.049 102 101 85
-0.421  0.227 -0.047 103 108 90
-0.419  0.227 -0.045 119 141 94
-0.417  0.227 -0.042 118 143 95
-0.415  0.226 -0.038 118 155 98
-0.413  0.226 -0.036 121 163 106
-0.411  0.226 -0.035 131 178 123
-0.409  0.225 -0.033 133 186 142
-0.407  0.225 -0.032 123 167 130
-0.405  0.225 -0.032 104 126 116
-0.403  0.224 -0.032 95 122 132
-0.401  0.224 -0.033 100 129 147
-0.400  0.223 -0.034 101 146 170
-0.398  0.222 -0.036 105 165 186
-0.396  0.222 -0.037 137 151 167
-0.394  0.221 -0.038 146 144 117
-0.392  0.220 -0.043 137 165 126
-0.390  0.219 -0.046 142 186 144
-0.388  0.219 -0.049 161 155 140
-0.385  0.217 -0.061 183 137 126
-0.445  0.231 -0.094 178 149 111
-0.442  0.231 -0.090 170 141 107
-0.440  0.231 -0.084 164 135 102
-0.437  0.231 -0.078 162 139 103
-0.435  0.231 -0.068 150 144 105
-0.432  0.231 -0.060 140 140 93
-0.430  0.231 -0.057 136 136 93
-0.428  0.230 -0.054 156 115 86
-0.426  0.230 -0.053 153 105 79
-0.424  0.230 -0.051 114 106 88
-0.422  0.229 -0.051 98 110 101
-0.420  0.229 -0.049 99 116 104
-0.418  0.229 -0.048 112 138 104
-0.416  0.228 -0.045 116 146 99
-0.414  0.228 -0.041 118 154 98
-0.412  0.228 -0.038 122 165 106
-0.410  0.227 -0.038 130 179 118
-0.409  0.227 -0.036 138 185 128
-0.407  0.227 -0.035 128 172 127
-0.405  0.226 -0.035 114 144 117
-0.403  0.226 -0.036 102 132 128
-0.401  0.225 -0.036 104 137 147
-0.399  0.225 -0.037 102 159 182
-0.397  0.224 -0.038 112 185 209
-0.395  0.223 -0.039 163 153 179
-0.393  0.223 -0.042 176 134 121
-0.391  0.222 -0.046 141 151 143
-0.389  0.221 -0.050 130 175 170
-0.387  0.220 -0.053 142 154 165
-0.385  0.219 -0.065 169 146 146
-0.444  0.233 -0.098 172 145 109
-0.442  0.233 -0.093 164 137 101
-0.439  0.233 -0.087 161 133 97
-0.437  0.233 -0.081 159 135 99
-0.434  0.233 -0.070 147 142 103
-0.432  0.233 -0.063 137 137 92
-0.430  0.232 -0.060 135 133 91
-0.428  0.232 -0.058 151 116 86
-0.426  0.232 -0.055 135 106 84
-0.424  0.231 -0.053 107 113 100
-0.422  0.231 -0.053 96 119 118
-0.420  0.231 -0.052 102 125 120
-0.418  0.230 -0.050 111 141 124
-0.416  0.230 -0.047 110 147 114
-0.414  0.230 -0.043 115 151 106
-0.412  0.229 -0.042 122 159 107
-0.410  0.229 -0.041 135 179 115
-0.408  0.229 -0.040 127 159 118
-0.406  0.228 -0.038 116 146 117
-0.404  0.228 -0.038 109 132 115
-0.402  0.227 -0.039 103 120 121
-0.401  0.227 -0.040 107 131 141
-0.399  0.226 -0.041 111 156 178
-0.397  0.226 -0.043 138 174 196
-0.395  0.225 -0.044 201 148 153
-0.393  0.224 -0.046 205 138 131
-0.391  0.223 -0.051 145 146 161
-0.389  0.223 -0.055 120 163 182
-0.387  0.222 -0.058 122 164 188
-0.384  0.220 -0.071 145 156 165
-0.382  0.219 -0.079 163 171 168
-0.444  0.235 -0.101 168 142 107
-0.441  0.235 -0.095 161 135 98
-0.439  0.235 -0.090 159 131 96
-0.437  0.234 -0.084 157 131 98
-0.434  0.235 -0.074 146 133 102
-0.432  0.235 -0.066 136 131 93
-0.429  0.234 -0.064 134 136 93
-0.427  0.234 -0.061 133 124 91
-0.425  0.234 -0.058 113 105 90
-0.423  0.233 -0.056 104 119 110
-0.421  0.233 -0.056 96 127 128
-0.419  0.232 -0.054 103 133 134
-0.417  0.232 -0.052 106 144 144
-0.415  0.232 -0.050 100 144 138
-0.413  0.231 -0.046 102 141 122
-0.411  0.231 -0.045 114 146 110
-0.409  0.231 -0.044 139 180 115
-0.408  0.230 -0.043 111 129 112
-0.406  0.230 -0.042 98 115 108
-0.404  0.229 -0.042 95 108 112
-0.402  0.229 -0.043 98 104 115
-0.400  0.228 -0.044 120 115 122
-0.398  0.228 -0.045 146 133 137
-0.396  0.227 -0.047 179 139 142
-0.394  0.226 -0.048 231 139 118
-0.392  0.226 -0.051 214 144 131
-0.390  0.225 -0.055 143 140 159
-0.388  0.224 -0.059 116 150 168
-0.386  0.223 -0.063 116 163 185
-0.383  0.222 -0.075 136 161 171
-0.381  0.221 -0.082 158 175 173
-0.444  0.237 -0.104 166 140 106
-0.441  0.237 -0.098 160 135 99
-0.439  0.237 -0.094 157 130 96
-0.436  0.236 -0.087 155 129 98
-0.434  0.236 -0.076 145 124 102
-0.431  0.236 -0.070 135 122 93
-0.429  0.236 -0.067 131 137 96
-0.427  0.236 -0.064 117 127 94
-0.425  0.235 -0.061 103 101 92
-0.423  0.235 -0.060 102 116 111
-0.421  0.234 -0.059 97 133 131
-0.419  0.234 -0.057 96 138 143
-0.417  0.234 -0.055 95 144 156
-0.415  0.233 -0.053 94 146 156
-0.413  0.233 -0.050 94 138 139
-0.411  0.233 -0.048 104 137 117
-0.409  0.232 -0.048 136 179 117
-0.407  0.232 -0.047 107 133 121
-0.405  0.231 -0.046 93 102 110
-0.403  0.231 -0.046 91 107 120
-0.401  0.230 -0.047 98 107 127
-0.399  0.230 -0.048 121 114 122
-0.398  0.229 -0.049 160 114 109
-0.396  0.229 -0.051 200 120 101
-0.394  0.228 -0.052 223 131 108
-0.392  0.227 -0.056 186 137 128
-0.389  0.226 -0.060 131 131 146
-0.387  0.226 -0.064 114 143 160
-0.385  0.225 -0.069 115 158 178
-0.383  0.223 -0.080 138 169 178
-0.380  0.222 -0.087 161 176 173
-0.443  0.239 -0.104 168 142 107
-0.441  0.239 -0.100 163 137 103
-0.438  0.239 -0.095 155 131 99
-0.436  0.238 -0.088 152 130 99
-0.433  0.238 -0.081 144 124 101
-0.431  0.238 -0.073 134 118 93
-0.429  0.238 -0.069 128 135 98
-0.427  0.237 -0.066 112 123 96
-0.424  0.237 -0.064 101 101 92
-0.422  0.237 -0.062 101 110 105
-0.420  0.236 -0.061 100 135 125
-0.418  0.236 -0.059 97 140 141
-0.416  0.235 -0.059 99 146 155
-0.414  0.235 -0.056 99 149 159
-0.412  0.235 -0.054 98 142 145
-0.411  0.234 -0.052 100 131 119
-0.409  0.234 -0.052 130 172 115
-0.407  0.233 -0.051 113 153 133
-0.405  0.233 -0.051 95 103 116
-0.403  0.233 -0.050 89 110 130
-0.401  0.232 -0.050 100 120 146
-0.399  0.231 -0.052 110 131 155
-0.397  0.231 -0.052 131 124 134
-0.395  0.230 -0.055 168 129 121
-0.393  0.230 -0.056 173 126 122
-0.391  0.229 -0.060 137 125 136
-0.389  0.228 -0.064 113 133 151
-0.387  0.227 -0.069 117 155 168
-0.384  0.226 -0.074 127 170 180
-0.382  0.225 -0.084 147 177 182
-0.440  0.241 -0.099 168 140 105
-0.438  0.241 -0.095 158 134 100
-0.435  0.240 -0.089 152 130 100
-0.433  0.240 -0.082 143 125 101
-0.430  0.240 -0.076 132 118 94
-0.428  0.240 -0.074 124 121 99
-0.426  0.239 -0.070 109 114 100
-0.424  0.239 -0.067 103 102 95
-0.422  0.238 -0.065 100 106 101
-0.420  0.238 -0.064 107 137 109
-0.418  0.238 -0.063 110 136 121
-0.416  0.237 -0.061 124 129 129
-0.414  0.237 -0.059 122 136 136
-0.412  0.236 -0.057 114 128 130
-0.410  0.236 -0.056 105 117 108
-0.408  0.236 -0.056 126 157 110
-0.406  0.235 -0.055 116 153 132
-0.404  0.235 -0.055 98 101 120
-0.402  0.234 -0.054 87 105 133
-0.400  0.234 -0.054 98 121 152
-0.398  0.233 -0.056 103 129 166
-0.396  0.233 -0.056 108 130 152
-0.394  0.232 -0.059 120 138 148
-0.392  0.231 -0.060 120 134 154
-0.390  0.231 -0.064 110 139 161
-0.388  0.230 -0.071 112 154 175
-0.386  0.229 -0.075 126 178 179
-0.384  0.228 -0.079 143 180 172
-0.381  0.227 -0.087 159 178 168
-0.437  0.243 -0.096 165 139 103
-0.435  0.242 -0.091 155 132 101
-0.432  0.242 -0.085 144 127 101
-0.430  0.242 -0.081 131 119 97
-0.428  0.241 -0.077 117 109 100
-0.426  0.241 -0.074 108 105 102
-0.424  0.241 -0.071 105 104 103
-0.422  0.240 -0.069 102 111 103
-0.420  0.240 -0.068 114 140 99
-0.418  0.239 -0.066 127 132 95
-0.416  0.239 -0.065 154 107 96
-0.414  0.239 -0.063 157 114 104
-0.412  0.238 -0.061 145 103 103
-0.410  0.238 -0.060 130 98 92
-0.408  0.237 -0.060 131 124 101
-0.406  0.237 -0.060 115 123 115
-0.404  0.236 -0.059 107 95 110
-0.402  0.236 -0.058 98 103 130
-0.400  0.235 -0.058 98 114 142
-0.398  0.235 -0.060 102 122 149
-0.396  0.234 -0.061 100 126 151
-0.394  0.233 -0.065 108 142 158
-0.392  0.233 -0.067 113 159 174
-0.390  0.232 -0.072 119 173 185
-0.387  0.231 -0.078 129 186 188
-0.385  0.230 -0.083 132 181 169
-0.383  0.229 -0.087 155 184 149
-0.381  0.229 -0.091 168 181 153
-0.434  0.244 -0.093 160 137 104
-0.432  0.244 -0.088 148 128 98
-0.430  0.244 -0.084 138 123 97
-0.428  0.243 -0.081 124 115 99
-0.425  0.243 -0.079 117 109 103
-0.423  0.242 -0.075 104 108 106
-0.421  0.242 -0.073 101 108 105
-0.419  0.242 -0.071 112 135 101
-0.417  0.241 -0.070 127 144 97
-0.415  0.241 -0.069 148 136 100
-0.413  0.240 -0.067 164 128 107
-0.411  0.240 -0.066 170 100 99
-0.409  0.239 -0.064 174 99 90
-0.407  0.239 -0.064 159 93 90
-0.405  0.238 -0.063 138 87 91
-0.403  0.238 -0.063 129 87 89
-0.401  0.238 -0.062 120 94 108
-0.399  0.237 -0.062 119 131 126
-0.397  0.236 -0.065 112 134 140
-0.395  0.236 -0.066 105 124 146
-0.393  0.235 -0.070 112 135 153
-0.391  0.234 -0.073 123 160 165
-0.389  0.234 -0.077 130 172 171
-0.387  0.233 -0.084 142 180 156
-0.384  0.232 -0.088 144 172 139
-0.382  0.231 -0.091 159 179 141
-0.380  0.230 -0.094 176 181 150
-0.432  0.246 -0.092 154 133 101
-0.429  0.245 -0.088 140 123 97
-0.427  0.245 -0.085 134 121 96
-0.425  0.245 -0.082 126 115 100
-0.423  0.244 -0.079 112 109 104
-0.421  0.244 -0.076 104 111 106
-0.419  0.243 -0.075 107 127 101
-0.417  0.243 -0.074 124 149 98
-0.415  0.242 -0.074 137 166 111
-0.413  0.242 -0.072 148 160 115
-0.411  0.242 -0.070 142 111 94
-0.409  0.241 -0.069 165 93 85
-0.407  0.241 -0.068 172 94 89
-0.405  0.240 -0.068 164 87 87
-0.403  0.240 -0.067 151 81 80
-0.401  0.239 -0.066 147 90 88
-0.399  0.239 -0.066 141 150 109
-0.397  0.238 -0.069 134 160 136
-0.395  0.237 -0.071 116 125 138
-0.393  0.237 -0.075 114 130 145
-0.390  0.236 -0.081 136 165 148
-0.388  0.235 -0.085 132 154 145
-0.386  0.234 -0.089 142 157 131
-0.384  0.234 -0.092 155 169 135
-0.382  0.233 -0.096 166 178 146
-0.429  0.247 -0.089 147 130 99
-0.427  0.247 -0.086 139 125 96
-0.425  0.247 -0.084 134 122 99
-0.423  0.246 -0.082 128 119 100
-0.420  0.246 -0.080 119 127 99
-0.418  0.245 -0.079 116 135 97
-0.416  0.245 -0.078 124 139 92
-0.414  0.244 -0.078 126 155 106
-0.412  0.244 -0.076 129 142 103
-0.410  0.243 -0.074 126 109 88
-0.408  0.243 -0.073 160 94 76
-0.406  0.242 -0.072 163 90 79
-0.404  0.242 -0.072 159 81 77
-0.402  0.241 -0.072 160 78 80
-0.400  0.241 -0.071 174 92 90
-0.398  0.240 -0.071 166 139 106
-0.396  0.240 -0.073 160 156 128
-0.394  0.239 -0.075 128 118 126
-0.392  0.239 -0.077 111 124 139
-0.390  0.238 -0.085 116 127 144
-0.388  0.237 -0.089 124 134 151
-0.385  0.236 -0.093 146 153 144
-0.383  0.236 -0.095 162 166 146
-0.381  0.235 -0.100 174 175 151
-0.426  0.249 -0.089 145 130 98
-0.424  0.248 -0.086 140 127 97
-0.422  0.248 -0.084 136 125 98
-0.420  0.248 -0.082 128 141 94
-0.418  0.247 -0.081 122 146 96
-0.416  0.247 -0.081 119 143 95
-0.414  0.246 -0.080 121 149 97
-0.412  0.246 -0.080 122 124 91
-0.410  0.245 -0.079 129 106 84
-0.408  0.245 -0.078 165 99 77
-0.406  0.244 -0.078 172 93 78
-0.404  0.244 -0.077 167 83 77
-0.402  0.243 -0.077 180 82 80
-0.400  0.243 -0.075 196 94 93
-0.398  0.242 -0.075 199 108 102
-0.396  0.242 -0.077 185 116 107
-0.394  0.241 -0.079 138 112 119
-0.391  0.240 -0.082 113 120 133
-0.389  0.239 -0.091 116 129 148
-0.387  0.239 -0.095 125 140 162
-0.385  0.238 -0.097 148 153 153
-0.382  0.237 -0.099 168 164 148
-0.380  0.237 -0.102 187 173 149
-0.424  0.250 -0.089 141 129 100
-0.422  0.250 -0.086 134 130 99
-0.420  0.250 -0.085 127 142 95
-0.417  0.249 -0.084 127 153 95
-0.415  0.249 -0.084 127 154 101
-0.413  0.248 -0.083 121 147 99
-0.411  0.247 -0.083 125 129 95
-0.409  0.247 -0.082 135 105 87
-0.407  0.247 -0.081 173 103 79
-0.405  0.246 -0.081 188 97 78
-0.403  0.246 -0.081 197 96 78
-0.401  0.245 -0.081 210 97 81
-0.399  0.245 -0.079 223 105 92
-0.397  0.244 -0.079 227 128 109
-0.395  0.243 -0.080 185 127 114
-0.393  0.243 -0.082 140 119 125
-0.391  0.242 -0.085 116 123 142
-0.389  0.241 -0.091 114 131 155
-0.386  0.241 -0.095 121 140 161
-0.384  0.240 -0.099 149 155 154
-0.382  0.239 -0.102 175 166 150
-0.421  0.252 -0.087 144 132 100
-0.419  0.251 -0.085 134 136 103
-0.417  0.251 -0.085 135 154 101
-0.415  0.250 -0.085 141 169 113
-0.413  0.250 -0.085 141 173 121
-0.411  0.249 -0.086 137 126 107
-0.409  0.249 -0.085 139 113 94
-0.407  0.248 -0.085 175 103 85
-0.405  0.248 -0.085 195 101 78
-0.403  0.247 -0.085 211 101 78
-0.401  0.247 -0.085 224 108 82
-0.399  0.246 -0.084 235 117 91
-0.397  0.246 -0.084 225 130 104
-0.394  0.245 -0.085 177 127 116
-0.392  0.245 -0.087 149 128 129
-0.390  0.244 -0.089 131 129 140
-0.388  0.243 -0.095 125 131 150
-0.386  0.243 -0.098 140 143 152
-0.384  0.242 -0.101 168 162 150
-0.419  0.253 -0.086 153 140 115
-0.417  0.253 -0.086 145 143 113
-0.414  0.252 -0.086 151 146 112
-0.412  0.252 -0.086 154 148 115
-0.410  0.251 -0.086 152 139 113
-0.408  0.251 -0.086 149 134 109
-0.406  0.250 -0.086 172 118 103
-0.404  0.250 -0.087 195 105 89
-0.402  0.249 -0.087 215 103 83
-0.400  0.249 -0.088 229 109 85
-0.398  0.248 -0.087 228 123 97
-0.396  0.248 -0.087 199 133 111
-0.394  0.247 -0.088 172 138 124
-0.392  0.247 -0.090 161 143 135
-0.390  0.246 -0.092 156 149 142
-0.387  0.245 -0.099 162 151 146
-0.414  0.254 -0.087 164 147 120
-0.412  0.254 -0.087 153 147 116
-0.410  0.253 -0.087 157 140 118
-0.408  0.253 -0.087 157 141 117
-0.406  0.252 -0.088 161 136 118
-0.404  0.252 -0.089 177 134 114
-0.402  0.251 -0.090 193 130 106
-0.400  0.251 -0.091 199 129 107
-0.398  0.250 -0.090 194 137 120
-0.395  0.250 -0.091 183 144 128

