-0.366 -0.094 -0.210 226 189 125
-0.363 -0.094 -0.215 228 189 111
-0.361 -0.093 -0.215 222 185 105
-0.358 -0.092 -0.216 223 183 107
-0.356 -0.090 -0.217 224 184 106
-0.353 -0.089 -0.217 224 181 102
-0.351 -0.087 -0.218 219 178 100
-0.348 -0.086 -0.219 218 177 100
-0.358  0.049  0.072 223 179 99
-0.357  0.051  0.075 224 181 103
-0.355  0.053  0.077 223 183 106
-0.354  0.054  0.078 224 184 107
-0.353  0.056  0.079 226 188 109
-0.352  0.058  0.081 229 189 115
-0.372  0.042  0.073 220 182 110
-0.371  0.042  0.072 221 179 98
-0.370  0.043  0.072 230 175 85
-0.368  0.044  0.072 233 174 72
-0.367  0.045  0.072 230 173 68
-0.366  0.046  0.072 231 174 68
-0.364  0.047  0.072 232 179 70
-0.363  0.048  0.073 232 176 70
-0.362  0.049  0.073 231 177 69
-0.360  0.050  0.074 230 176 70
-0.359  0.051  0.074 230 178 70
-0.358  0.053  0.076 231 178 71
-0.356  0.055  0.077 232 179 72
-0.355  0.056  0.078 233 176 71
-0.354  0.057  0.079 234 178 73
-0.353  0.059  0.081 232 176 78
-0.351  0.060  0.082 228 179 91
-0.350  0.061  0.082 224 182 104
-0.349  0.062  0.082 224 185 114
-0.376  0.043  0.077 223 182 102
-0.375  0.043  0.075 222 179 90
-0.373  0.044  0.074 228 172 69
-0.372  0.045  0.074 231 175 67
-0.370  0.045  0.073 233 174 69
-0.369  0.046  0.074 232 175 69
-0.368  0.047  0.074 231 176 69
-0.366  0.048  0.074 231 174 67
-0.365  0.049  0.074 232 177 69
-0.364  0.050  0.074 232 175 67
-0.362  0.051  0.075 233 178 67
-0.361  0.053  0.075 233 177 69
-0.360  0.053  0.075 232 178 70
-0.358  0.055  0.076 232 178 69
-0.357  0.056  0.078 233 179 69
-0.356  0.058  0.079 232 179 70
-0.355  0.059  0.079 233 179 70
-0.353  0.060  0.081 234 178 69
-0.352  0.061  0.082 233 178 69
-0.351  0.062  0.082 232 175 71
-0.350  0.063  0.082 229 175 76
-0.348  0.064  0.081 228 179 89
-0.347  0.065  0.081 225 184 106
-0.345  0.065  0.079 225 190 123
-0.382  0.043  0.080 211 141 115
-0.381  0.043  0.079 224 169 110
-0.379  0.044  0.079 225 182 105
-0.378  0.045  0.078 228 175 86
-0.377  0.045  0.077 233 178 68
-0.375  0.045  0.075 230 179 71
-0.374  0.046  0.075 232 176 70
-0.373  0.047  0.075 233 176 68
-0.371  0.048  0.075 232 176 68
-0.370  0.048  0.075 233 174 68
-0.369  0.049  0.075 232 177 70
-0.367  0.050  0.075 230 177 69
-0.366  0.051  0.075 232 177 68
-0.365  0.052  0.075 231 176 68
-0.363  0.053  0.076 231 180 69
-0.362  0.055  0.077 232 178 69
-0.361  0.055  0.076 234 175 69
-0.359  0.057  0.077 233 179 68
-0.358  0.058  0.079 232 178 67
-0.357  0.059  0.079 231 179 71
-0.355  0.060  0.080 232 179 69
-0.354  0.062  0.081 233 179 70
-0.353  0.063  0.081 232 179 68
-0.352  0.064  0.081 232 177 71
-0.350  0.065  0.081 232 176 71
-0.349  0.065  0.080 232 177 72
-0.348  0.066  0.080 229 176 74
-0.346  0.066  0.079 226 176 87
-0.345  0.067  0.078 223 181 106
-0.384  0.044  0.081 196 125 91
-0.383  0.044  0.080 207 142 83
-0.382  0.045  0.080 228 166 73
-0.380  0.045  0.079 233 174 71
-0.379  0.046  0.078 234 175 68
-0.378  0.047  0.077 235 179 69
-0.376  0.047  0.076 232 175 69
-0.375  0.048  0.076 232 176 70
-0.373  0.049  0.076 230 174 68
-0.372  0.049  0.075 234 178 68
-0.371  0.050  0.076 234 175 67
-0.369  0.051  0.076 234 174 68
-0.368  0.052  0.076 230 178 68
-0.367  0.053  0.076 233 176 66
-0.365  0.054  0.076 232 175 67
-0.364  0.055  0.077 231 180 69
-0.363  0.057  0.078 233 178 67
-0.361  0.057  0.077 234 177 68
-0.360  0.059  0.078 234 180 67
-0.359  0.060  0.080 233 178 68
-0.358  0.061  0.080 232 179 69
-0.356  0.062  0.081 233 179 70
-0.355  0.063  0.081 232 179 70
-0.354  0.064  0.080 232 178 69
-0.352  0.064  0.080 231 178 72
-0.351  0.065  0.080 233 177 69
-0.350  0.066  0.080 234 178 69
-0.348  0.067  0.079 231 177 71
-0.347  0.067  0.078 229 174 73
-0.346  0.068  0.079 226 173 77
-0.344  0.069  0.078 225 180 92
-0.343  0.069  0.077 225 185 112
-0.385  0.046  0.081 201 134 70
-0.384  0.046  0.080 220 167 71
-0.382  0.046  0.080 231 174 69
-0.381  0.047  0.079 233 176 70
-0.380  0.048  0.078 235 173 69
-0.378  0.048  0.078 234 178 71
-0.377  0.049  0.077 232 175 68
-0.376  0.050  0.077 232 174 68
-0.374  0.051  0.077 230 173 67
-0.373  0.051  0.076 233 175 67
-0.372  0.052  0.077 234 178 67
-0.370  0.054  0.078 234 176 68
-0.369  0.055  0.078 233 177 67
-0.368  0.055  0.078 233 178 67
-0.366  0.057  0.078 233 178 68
-0.365  0.058  0.079 234 180 68
-0.364  0.059  0.080 234 178 67
-0.362  0.060  0.080 234 179 69
-0.361  0.061  0.080 234 179 68
-0.360  0.062  0.081 234 178 69
-0.358  0.063  0.081 234 179 68
-0.357  0.064  0.082 234 178 71
-0.356  0.065  0.082 233 178 70
-0.354  0.065  0.081 232 177 70
-0.353  0.066  0.080 232 178 71
-0.352  0.067  0.080 233 178 69
-0.351  0.067  0.079 235 179 70
-0.349  0.068  0.078 234 179 71
-0.348  0.069  0.078 232 178 72
-0.347  0.069  0.078 231 176 74
-0.345  0.070  0.077 230 176 72
-0.344  0.071  0.077 229 176 79
-0.343  0.071  0.076 224 182 105
-0.387  0.046  0.082 205 157 101
-0.386  0.047  0.081 222 163 65
-0.384  0.048  0.081 228 173 67
-0.383  0.048  0.080 230 171 68
-0.382  0.049  0.079 233 178 70
-0.380  0.049  0.079 234 174 69
-0.379  0.050  0.079 233 177 73
-0.378  0.051  0.078 234 174 66
-0.376  0.052  0.078 236 176 67
-0.375  0.053  0.079 234 175 67
-0.374  0.054  0.079 234 178 67
-0.372  0.055  0.079 235 180 67
-0.371  0.056  0.079 236 177 66
-0.370  0.057  0.080 234 177 66
-0.368  0.058  0.080 234 178 67
-0.367  0.059  0.080 233 178 68
-0.366  0.060  0.081 234 179 69
-0.364  0.061  0.081 235 178 69
-0.363  0.062  0.082 235 182 69
-0.362  0.063  0.082 235 179 68
-0.361  0.064  0.083 235 179 69
-0.359  0.065  0.083 235 179 70
-0.358  0.066  0.083 234 177 71
-0.357  0.067  0.082 233 178 71
-0.355  0.067  0.081 232 177 69
-0.354  0.068  0.081 234 179 70
-0.353  0.068  0.080 235 179 70
-0.351  0.069  0.079 235 179 72
-0.350  0.069  0.078 234 181 72
-0.349  0.070  0.077 234 181 72
-0.347  0.071  0.077 235 178 72
-0.346  0.071  0.076 234 177 69
-0.345  0.072  0.077 231 176 69
-0.343  0.072  0.076 229 175 77
-0.342  0.073  0.076 227 182 104
-0.388  0.048  0.083 213 161 82
-0.387  0.049  0.083 230 173 66
-0.385  0.050  0.082 233 173 68
-0.384  0.050  0.081 233 175 67
-0.383  0.051  0.080 235 176 69
-0.381  0.051  0.080 234 175 69
-0.380  0.052  0.080 234 175 69
-0.379  0.053  0.080 235 176 67
-0.377  0.054  0.080 237 179 68
-0.376  0.055  0.081 234 177 66
-0.375  0.056  0.081 234 181 68
-0.373  0.057  0.082 235 178 67
-0.372  0.059  0.082 235 176 67
-0.371  0.059  0.082 234 178 67
-0.369  0.060  0.082 235 179 67
-0.368  0.061  0.082 234 178 66
-0.367  0.062  0.083 234 176 68
-0.365  0.063  0.083 235 176 67
-0.364  0.064  0.083 235 179 70
-0.363  0.065  0.083 236 177 69
-0.361  0.066  0.084 235 178 69
-0.360  0.067  0.084 233 178 70
-0.359  0.068  0.084 232 176 69
-0.357  0.068  0.083 233 178 70
-0.356  0.069  0.082 234 179 68
-0.355  0.069  0.081 236 178 70
-0.353  0.070  0.080 235 178 71
-0.352  0.070  0.079 235 180 73
-0.351  0.071  0.078 235 181 72
-0.349  0.071  0.077 236 182 71
-0.348  0.072  0.077 236 180 71
-0.347  0.072  0.077 235 178 69
-0.345  0.073  0.076 234 178 69
-0.344  0.074  0.076 233 177 71
-0.343  0.075  0.075 234 178 79
-0.341  0.075  0.075 232 185 106
-0.393  0.048  0.085 200 123 105
-0.391  0.049  0.084 193 135 94
-0.390  0.049  0.084 202 143 85
-0.389  0.050  0.083 230 172 67
-0.387  0.051  0.083 234 174 65
-0.386  0.051  0.083 234 176 67
-0.385  0.052  0.082 236 176 69
-0.383  0.053  0.081 236 176 68
-0.382  0.054  0.082 233 177 68
-0.381  0.055  0.082 232 175 65
-0.379  0.055  0.082 235 178 66
-0.378  0.057  0.082 235 176 67
-0.377  0.058  0.083 235 176 65
-0.375  0.059  0.083 233 177 67
-0.374  0.060  0.084 234 176 67
-0.373  0.061  0.084 234 175 66
-0.371  0.062  0.084 236 177 66
-0.370  0.062  0.083 235 177 65
-0.369  0.063  0.084 234 176 65
-0.367  0.064  0.084 234 178 69
-0.366  0.065  0.084 235 177 69
-0.365  0.066  0.084 236 181 69
-0.363  0.067  0.084 237 178 67
-0.362  0.068  0.085 233 177 69
-0.361  0.069  0.085 232 174 69
-0.360  0.069  0.084 231 172 68
-0.358  0.070  0.084 234 179 69
-0.357  0.070  0.083 234 179 67
-0.356  0.071  0.082 236 178 71
-0.354  0.071  0.080 235 177 72
-0.353  0.072  0.080 235 178 73
-0.352  0.072  0.078 235 179 72
-0.350  0.072  0.077 236 181 70
-0.349  0.073  0.077 235 181 71
-0.348  0.074  0.076 235 180 71
-0.346  0.074  0.076 235 178 70
-0.345  0.075  0.075 234 179 71
-0.344  0.076  0.075 237 179 72
-0.342  0.077  0.075 237 181 82
-0.341  0.077  0.074 232 186 111
-0.393  0.050  0.085 188 146 111
-0.392  0.050  0.085 180 138 91
-0.391  0.051  0.084 217 160 68
-0.389  0.052  0.084 234 177 68
-0.388  0.052  0.084 234 172 67
-0.387  0.053  0.083 234 180 69
-0.385  0.054  0.083 234 176 69
-0.384  0.055  0.083 233 177 68
-0.383  0.056  0.083 233 176 65
-0.381  0.057  0.083 233 180 67
-0.380  0.058  0.083 234 177 66
-0.379  0.059  0.084 233 175 65
-0.377  0.060  0.084 233 176 63
-0.376  0.061  0.085 234 174 65
-0.375  0.062  0.085 234 180 67
-0.373  0.063  0.085 233 178 67
-0.372  0.064  0.086 235 179 65
-0.371  0.065  0.086 235 176 65
-0.369  0.066  0.086 234 178 67
-0.368  0.067  0.086 232 179 69
-0.367  0.067  0.086 234 176 70
-0.366  0.068  0.086 235 181 68
-0.364  0.069  0.086 236 176 66
-0.363  0.070  0.086 233 177 68
-0.362  0.071  0.086 232 177 69
-0.360  0.071  0.085 232 175 68
-0.359  0.072  0.084 236 177 68
-0.358  0.072  0.083 234 179 70
-0.356  0.072  0.082 233 178 71
-0.355  0.073  0.080 234 177 73
-0.354  0.073  0.080 234 177 70
-0.352  0.073  0.078 234 181 71
-0.351  0.074  0.077 235 181 71
-0.350  0.075  0.077 235 180 70
-0.348  0.075  0.076 235 181 71
-0.347  0.076  0.075 235 179 70
-0.346  0.076  0.075 235 177 69
-0.344  0.077  0.075 238 179 70
-0.343  0.078  0.074 238 179 73
-0.342  0.079  0.074 238 182 85
-0.393  0.052  0.086 198 143 87
-0.391  0.053  0.086 227 170 63
-0.390  0.054  0.085 235 179 68
-0.389  0.054  0.085 236 176 68
-0.387  0.055  0.085 233 176 67
-0.386  0.056  0.085 233 178 69
-0.385  0.057  0.085 231 173 67
-0.383  0.058  0.085 233 178 67
-0.382  0.059  0.085 235 177 66
-0.381  0.060  0.085 234 178 65
-0.379  0.061  0.086 235 175 63
-0.378  0.062  0.086 234 177 65
-0.377  0.063  0.086 235 176 67
-0.375  0.064  0.087 235 180 68
-0.374  0.065  0.087 236 176 65
-0.373  0.066  0.087 237 182 65
-0.372  0.067  0.087 238 178 63
-0.370  0.068  0.088 235 176 66
-0.369  0.069  0.088 233 178 68
-0.368  0.069  0.088 233 178 69
-0.366  0.070  0.087 234 177 67
-0.365  0.071  0.087 235 175 65
-0.364  0.072  0.087 233 177 68
-0.363  0.072  0.086 234 179 68
-0.361  0.073  0.086 234 177 66
-0.360  0.073  0.084 237 176 67
-0.359  0.073  0.083 235 177 70
-0.357  0.074  0.082 234 179 70
-0.356  0.074  0.081 233 177 70
-0.355  0.075  0.080 234 178 70
-0.353  0.075  0.078 233 181 71
-0.352  0.075  0.077 234 181 71
-0.350  0.076  0.077 235 180 69
-0.349  0.076  0.076 236 181 70
-0.348  0.077  0.075 236 181 69
-0.346  0.078  0.075 236 179 70
-0.345  0.079  0.075 238 179 69
-0.344  0.079  0.074 238 179 69
-0.343  0.080  0.074 239 180 74
-0.341  0.081  0.074 235 190 102
-0.393  0.054  0.087 213 162 86
-0.392  0.055  0.087 232 175 64
-0.391  0.056  0.087 237 177 65
-0.389  0.057  0.086 235 177 68
-0.388  0.057  0.086 235 178 67
-0.387  0.058  0.086 235 178 69
-0.385  0.059  0.086 233 177 69
-0.384  0.060  0.087 235 176 66
-0.383  0.061  0.087 234 175 65
-0.381  0.062  0.087 236 178 63
-0.380  0.063  0.088 234 177 63
-0.379  0.064  0.088 234 176 65
-0.378  0.065  0.088 237 176 67
-0.376  0.066  0.088 236 177 68
-0.375  0.067  0.089 238 173 64
-0.374  0.068  0.089 237 181 63
-0.372  0.069  0.089 236 181 64
-0.371  0.070  0.089 235 178 64
-0.370  0.071  0.089 234 177 65
-0.368  0.071  0.089 236 177 68
-0.367  0.072  0.088 235 176 68
-0.366  0.073  0.088 234 177 66
-0.365  0.073  0.088 234 178 68
-0.363  0.074  0.087 235 180 68
-0.362  0.074  0.086 236 178 66
-0.361  0.075  0.085 239 179 68
-0.359  0.075  0.084 236 178 69
-0.358  0.076  0.083 236 180 70
-0.357  0.076  0.082 234 177 68
-0.355  0.076  0.080 235 179 70
-0.354  0.077  0.079 234 182 71
-0.353  0.077  0.077 233 182 71
-0.351  0.077  0.077 234 180 68
-0.350  0.078  0.076 238 181 70
-0.349  0.078  0.075 238 181 71
-0.347  0.079  0.075 237 181 70
-0.346  0.080  0.075 238 179 68
-0.345  0.081  0.074 238 179 67
-0.343  0.081  0.074 239 179 69
-0.342  0.082  0.075 239 186 86
-0.394  0.056  0.088 219 164 88
-0.393  0.057  0.088 235 177 65
-0.391  0.058  0.088 237 179 66
-0.390  0.058  0.087 237 178 65
-0.389  0.060  0.088 238 175 66
-0.387  0.060  0.088 235 173 66
-0.386  0.061  0.088 235 179 69
-0.385  0.062  0.089 236 174 66
-0.384  0.063  0.089 233 174 68
-0.382  0.064  0.088 234 176 65
-0.381  0.065  0.089 235 177 65
-0.380  0.066  0.089 233 176 65
-0.378  0.067  0.089 235 179 70
-0.377  0.068  0.090 236 177 69
-0.376  0.069  0.090 236 176 66
-0.374  0.070  0.090 236 176 65
-0.373  0.071  0.090 235 178 66
-0.372  0.072  0.090 236 178 66
-0.371  0.072  0.090 234 177 67
-0.369  0.073  0.090 234 180 70
-0.368  0.074  0.089 236 178 67
-0.367  0.074  0.088 233 178 67
-0.365  0.075  0.088 234 176 69
-0.364  0.075  0.086 236 181 71
-0.363  0.076  0.086 238 178 68
-0.361  0.076  0.085 238 182 71
-0.360  0.077  0.084 235 182 70
-0.359  0.077  0.083 236 178 68
-0.358  0.078  0.082 237 176 67
-0.356  0.078  0.081 236 179 69
-0.355  0.078  0.080 234 179 69
-0.353  0.078  0.078 234 180 69
-0.352  0.079  0.076 234 180 70
-0.351  0.079  0.076 237 179 70
-0.349  0.080  0.075 236 179 69
-0.348  0.081  0.075 236 180 69
-0.347  0.081  0.075 237 179 68
-0.345  0.082  0.074 238 180 68
-0.344  0.083  0.074 238 179 70
-0.343  0.084  0.075 241 182 78
-0.342  0.085  0.075 234 187 106
-0.395  0.058  0.088 221 163 86
-0.394  0.059  0.089 234 177 67
-0.392  0.060  0.089 236 178 64
-0.391  0.060  0.088 237 174 62
-0.390  0.062  0.089 238 176 65
-0.388  0.063  0.089 235 176 66
-0.387  0.063  0.089 236 177 67
-0.386  0.065  0.090 236 177 69
-0.384  0.065  0.090 234 176 66
-0.383  0.066  0.090 236 175 65
-0.382  0.067  0.091 235 176 66
-0.380  0.068  0.091 234 177 66
-0.379  0.069  0.091 234 177 69
-0.378  0.070  0.091 235 178 68
-0.376  0.071  0.091 237 178 67
-0.375  0.072  0.092 235 179 68
-0.374  0.073  0.092 235 176 65
-0.373  0.074  0.092 235 177 65
-0.371  0.074  0.091 233 177 65
-0.370  0.075  0.091 236 179 70
-0.369  0.075  0.090 236 177 68
-0.367  0.076  0.089 234 177 68
-0.366  0.076  0.088 235 175 66
-0.365  0.077  0.087 235 179 69
-0.364  0.077  0.086 236 182 70
-0.362  0.078  0.085 236 181 70
-0.361  0.078  0.084 236 180 68
-0.360  0.079  0.084 237 179 67
-0.358  0.079  0.083 237 178 68
-0.357  0.080  0.082 236 179 69
-0.356  0.080  0.081 236 179 70
-0.354  0.080  0.078 236 180 70
-0.353  0.080  0.077 235 181 70
-0.352  0.081  0.076 237 182 69
-0.350  0.081  0.075 236 181 68
-0.349  0.082  0.074 235 180 69
-0.348  0.083  0.075 237 181 70
-0.346  0.083  0.074 238 179 68
-0.345  0.084  0.074 237 179 69
-0.344  0.085  0.075 242 182 74
-0.343  0.086  0.075 238 186 95
-0.396  0.060  0.089 224 161 80
-0.394  0.060  0.089 232 176 69
-0.393  0.061  0.089 233 171 63
-0.392  0.062  0.089 236 175 63
-0.390  0.064  0.090 238 176 66
-0.389  0.065  0.091 237 179 64
-0.388  0.066  0.091 239 179 67
-0.386  0.067  0.092 237 175 66
-0.385  0.068  0.092 234 178 66
-0.384  0.068  0.092 236 175 65
-0.382  0.070  0.093 235 177 66
-0.381  0.070  0.093 236 177 65
-0.380  0.071  0.093 235 177 69
-0.378  0.072  0.093 234 175 66
-0.377  0.073  0.093 235 178 67
-0.376  0.074  0.093 236 179 66
-0.375  0.075  0.093 237 176 65
-0.373  0.076  0.093 235 176 65
-0.372  0.076  0.092 234 177 67
-0.371  0.077  0.092 234 178 70
-0.370  0.077  0.091 235 179 71
-0.368  0.078  0.090 232 177 68
-0.367  0.078  0.089 234 177 65
-0.366  0.078  0.088 236 179 68
-0.364  0.079  0.087 236 177 67
-0.363  0.079  0.085 237 176 67
-0.362  0.080  0.084 238 179 69
-0.360  0.080  0.084 238 180 68
-0.359  0.081  0.083 237 180 71
-0.358  0.081  0.082 238 178 70
-0.356  0.081  0.081 238 177 69
-0.355  0.081  0.078 235 181 69
-0.354  0.082  0.078 236 180 67
-0.352  0.082  0.077 236 183 69
-0.351  0.083  0.076 236 182 69
-0.350  0.083  0.075 236 182 68
-0.348  0.084  0.075 237 182 70
-0.347  0.085  0.074 238 179 68
-0.346  0.086  0.075 237 180 71
-0.345  0.087  0.075 242 182 74
-0.343  0.088  0.076 240 185 95
-0.396  0.061  0.090 218 162 81
-0.395  0.062  0.089 230 171 64
-0.394  0.063  0.090 234 174 66
-0.392  0.064  0.090 238 171 63
-0.391  0.065  0.091 241 177 65
-0.390  0.066  0.092 237 180 66
-0.388  0.067  0.092 237 177 65
-0.387  0.069  0.093 238 176 64
-0.386  0.070  0.093 235 178 65
-0.384  0.070  0.093 236 177 65
-0.383  0.072  0.094 238 179 61
-0.382  0.072  0.094 236 178 66
-0.380  0.073  0.094 233 177 67
-0.379  0.074  0.094 234 179 68
-0.378  0.075  0.094 236 177 65
-0.377  0.076  0.095 237 181 66
-0.375  0.076  0.094 238 178 64
-0.374  0.077  0.094 237 178 64
-0.373  0.078  0.094 237 177 67
-0.372  0.078  0.093 235 177 65
-0.370  0.079  0.092 237 178 65
-0.369  0.079  0.091 235 179 67
-0.368  0.079  0.089 235 176 69
-0.366  0.080  0.088 236 182 71
-0.365  0.080  0.087 235 178 67
-0.364  0.080  0.085 236 178 67
-0.363  0.081  0.085 237 178 68
-0.361  0.081  0.084 237 178 68
-0.360  0.082  0.083 236 179 69
-0.359  0.082  0.082 236 178 68
-0.357  0.083  0.080 238 178 70
-0.356  0.083  0.079 236 179 69
-0.355  0.083  0.078 237 180 67
-0.353  0.084  0.077 238 182 70
-0.352  0.084  0.076 238 182 68
-0.351  0.085  0.075 238 183 68
-0.349  0.086  0.076 237 181 67
-0.348  0.086  0.075 237 181 69
-0.347  0.087  0.075 238 179 71
-0.345  0.088  0.076 243 182 73
-0.344  0.089  0.076 240 187 93
-0.397  0.063  0.090 215 159 85
-0.396  0.063  0.089 229 169 60
-0.394  0.065  0.090 234 176 66
-0.393  0.066  0.090 238 170 61
-0.392  0.067  0.092 239 172 63
-0.390  0.068  0.093 240 176 64
-0.389  0.069  0.093 240 179 65
-0.388  0.070  0.094 239 178 63
-0.386  0.071  0.094 238 181 66
-0.385  0.072  0.095 237 179 65
-0.384  0.073  0.095 237 178 66
-0.382  0.075  0.096 236 181 67
-0.381  0.075  0.096 237 178 66
-0.380  0.076  0.096 237 180 68
-0.379  0.077  0.096 239 179 67
-0.377  0.078  0.096 239 177 64
-0.376  0.078  0.095 237 181 66
-0.375  0.079  0.095 237 178 66
-0.374  0.080  0.095 238 175 66
-0.372  0.080  0.094 235 178 66
-0.371  0.081  0.093 237 177 64
-0.370  0.081  0.091 238 180 68
-0.368  0.081  0.090 237 178 68
-0.367  0.082  0.089 237 178 68
-0.366  0.082  0.088 235 176 68
-0.365  0.082  0.086 236 180 67
-0.363  0.083  0.085 236 181 67
-0.362  0.083  0.084 238 181 68
-0.361  0.083  0.083 237 180 70
-0.359  0.084  0.082 236 180 70
-0.358  0.084  0.080 237 179 69
-0.357  0.084  0.079 236 180 69
-0.355  0.085  0.078 238 179 68
-0.354  0.085  0.077 238 180 68
-0.353  0.086  0.077 239 182 68
-0.351  0.087  0.076 238 183 70
-0.350  0.087  0.076 238 181 68
-0.349  0.088  0.075 237 180 69
-0.347  0.089  0.075 237 180 70
-0.346  0.090  0.076 242 183 73
-0.345  0.091  0.076 239 188 94
-0.398  0.064  0.089 211 156 89
-0.396  0.065  0.089 221 161 59
-0.395  0.066  0.090 231 173 69
-0.394  0.067  0.091 226 165 61
-0.392  0.069  0.093 233 170 62
-0.391  0.070  0.094 237 175 64
-0.390  0.071  0.095 239 178 65
-0.388  0.072  0.095 239 177 64
-0.387  0.074  0.096 238 178 64
-0.386  0.074  0.096 236 180 66
-0.384  0.076  0.097 238 178 68
-0.383  0.076  0.097 238 182 69
-0.382  0.077  0.097 240 180 65
-0.381  0.078  0.097 241 178 63
-0.379  0.079  0.097 239 180 68
-0.378  0.079  0.097 238 178 65
-0.377  0.080  0.096 236 179 66
-0.376  0.081  0.096 236 182 69
-0.374  0.081  0.095 238 178 66
-0.373  0.082  0.094 236 179 66
-0.372  0.082  0.093 237 179 67
-0.371  0.082  0.092 238 177 66
-0.369  0.083  0.090 239 177 66
-0.368  0.083  0.089 240 176 66
-0.367  0.083  0.088 238 179 68
-0.365  0.084  0.086 238 178 65
-0.364  0.084  0.086 237 181 69
-0.363  0.084  0.084 237 178 69
-0.361  0.085  0.083 236 177 70
-0.360  0.085  0.081 235 177 67
-0.359  0.085  0.080 236 179 68
-0.357  0.086  0.079 236 180 70
-0.356  0.086  0.077 238 180 71
-0.355  0.087  0.077 239 180 67
-0.353  0.087  0.076 238 182 70
-0.352  0.088  0.076 237 179 69
-0.351  0.089  0.076 238 178 68
-0.350  0.089  0.076 238 179 68
-0.348  0.090  0.075 237 180 70
-0.347  0.091  0.075 242 183 75
-0.346  0.092  0.075 238 186 97
-0.399  0.065  0.088 212 154 89
-0.397  0.066  0.088 212 151 65
-0.396  0.067  0.090 231 169 67
-0.394  0.069  0.091 227 168 68
-0.393  0.070  0.093 227 164 61
-0.392  0.072  0.095 234 177 68
-0.390  0.073  0.096 237 175 64
-0.389  0.074  0.097 240 175 65
-0.388  0.075  0.098 240 178 67
-0.386  0.076  0.098 238 179 66
-0.385  0.077  0.099 238 179 67
-0.384  0.078  0.098 239 180 66
-0.383  0.079  0.098 242 180 62
-0.381  0.080  0.098 241 179 63
-0.380  0.080  0.098 239 183 68
-0.379  0.081  0.097 238 180 64
-0.378  0.082  0.097 238 182 67
-0.376  0.082  0.096 237 180 66
-0.375  0.083  0.095 237 179 64
-0.374  0.083  0.094 235 179 64
-0.373  0.084  0.094 238 175 65
-0.371  0.084  0.092 236 179 66
-0.370  0.084  0.091 238 180 69
-0.369  0.085  0.090 237 178 66
-0.367  0.085  0.089 238 181 67
-0.366  0.085  0.087 238 179 67
-0.365  0.086  0.086 237 180 68
-0.364  0.086  0.084 237 178 68
-0.362  0.086  0.084 237 179 68
-0.361  0.086  0.081 236 180 67
-0.360  0.087  0.080 237 181 67
-0.358  0.087  0.079 239 182 67
-0.357  0.087  0.077 238 183 68
-0.356  0.088  0.077 238 182 69
-0.354  0.088  0.076 239 181 67
-0.353  0.090  0.076 238 179 68
-0.352  0.090  0.076 238 178 68
-0.350  0.091  0.076 238 179 67
-0.349  0.092  0.075 240 181 70
-0.348  0.092  0.075 247 188 79
-0.346  0.093  0.075 239 184 97
-0.400  0.065  0.086 209 154 87
-0.398  0.066  0.087 205 149 70
-0.397  0.068  0.089 222 159 56
-0.395  0.069  0.090 231 173 68
-0.394  0.072  0.093 231 169 65
-0.392  0.073  0.095 233 170 64
-0.391  0.075  0.097 238 178 64
-0.390  0.076  0.098 237 179 64
-0.388  0.077  0.099 236 178 64
-0.387  0.078  0.099 238 182 69
-0.386  0.079  0.100 238 175 66
-0.384  0.080  0.099 241 178 65
-0.383  0.081  0.100 239 181 65
-0.382  0.081  0.099 240 180 63
-0.381  0.082  0.099 239 180 66
-0.379  0.083  0.098 239 179 63
-0.378  0.083  0.097 239 182 65
-0.377  0.084  0.097 240 180 63
-0.376  0.084  0.096 237 178 65
-0.375  0.085  0.095 234 180 68
-0.373  0.085  0.094 236 179 67
-0.372  0.086  0.093 236 179 64
-0.371  0.086  0.092 236 179 67
-0.369  0.086  0.090 235 177 69
-0.368  0.087  0.090 237 179 67
-0.367  0.087  0.088 238 177 66
-0.366  0.087  0.087 238 181 65
-0.364  0.088  0.085 237 179 67
-0.363  0.088  0.084 235 180 68
-0.362  0.088  0.082 237 180 68
-0.360  0.088  0.079 237 182 70
-0.359  0.088  0.078 238 181 67
-0.358  0.089  0.077 239 180 67
-0.356  0.089  0.076 238 183 71
-0.355  0.090  0.076 239 181 69
-0.354  0.091  0.076 240 179 67
-0.352  0.091  0.076 239 180 67
-0.351  0.092  0.075 237 179 68
-0.350  0.093  0.075 244 183 74
-0.348  0.093  0.074 245 188 86
-0.347  0.094  0.074 237 185 103
-0.403  0.064  0.083 173 172 139
-0.402  0.065  0.084 162 147 117
-0.400  0.066  0.084 192 143 81
-0.399  0.067  0.085 202 147 76
-0.397  0.069  0.088 211 147 58
-0.396  0.071  0.089 225 163 57
-0.394  0.073  0.093 234 174 68
-0.393  0.075  0.095 233 173 67
-0.392  0.077  0.097 236 175 63
-0.390  0.078  0.099 238 178 66
-0.389  0.079  0.100 239 174 65
-0.388  0.080  0.101 239 177 64
-0.386  0.081  0.101 238 179 66
-0.385  0.082  0.101 243 181 64
-0.384  0.083  0.101 240 180 64
-0.383  0.083  0.100 240 179 67
-0.381  0.084  0.100 240 176 64
-0.380  0.084  0.099 239 179 66
-0.379  0.085  0.098 238 181 64
-0.378  0.085  0.097 237 178 64
-0.377  0.086  0.097 237 178 65
-0.375  0.086  0.095 237 180 69
-0.374  0.087  0.095 237 177 68
-0.373  0.087  0.094 238 180 65
-0.372  0.088  0.093 238 179 67
-0.370  0.088  0.092 238 176 66
-0.369  0.088  0.091 239 180 66
-0.368  0.089  0.089 236 181 66
-0.366  0.089  0.088 237 181 63
-0.365  0.089  0.086 237 181 66
-0.364  0.089  0.085 236 180 65
-0.362  0.089  0.082 237 179 67
-0.361  0.089  0.079 240 183 68
-0.360  0.090  0.079 237 182 67
-0.358  0.090  0.078 239 180 69
-0.357  0.091  0.077 239 179 68
-0.356  0.091  0.075 239 181 70
-0.355  0.092  0.076 239 180 69
-0.353  0.093  0.075 238 179 70
-0.352  0.093  0.075 239 180 74
-0.351  0.094  0.074 251 191 87
-0.349  0.094  0.073 241 186 95
-0.348  0.095  0.073 231 186 119
-0.404  0.064  0.081 172 139 115
-0.403  0.065  0.081 156 100 68
-0.401  0.067  0.082 190 138 78
-0.400  0.068  0.083 201 145 77
-0.398  0.070  0.086 202 146 66
-0.397  0.071  0.088 210 150 57
-0.395  0.074  0.091 225 165 59
-0.394  0.076  0.095 233 176 69
-0.392  0.078  0.098 236 174 68
-0.391  0.080  0.100 239 180 68
-0.390  0.081  0.101 239 175 67
-0.388  0.082  0.102 240 180 68
-0.387  0.083  0.102 239 179 65
-0.386  0.084  0.102 238 174 63
-0.385  0.084  0.101 240 181 66
-0.383  0.085  0.101 240 177 65
-0.382  0.086  0.101 240 180 65
-0.381  0.086  0.099 238 179 63
-0.380  0.087  0.099 240 180 63
-0.378  0.087  0.098 238 179 67
-0.377  0.087  0.097 237 178 66
-0.376  0.088  0.096 238 180 65
-0.375  0.088  0.095 237 178 66
-0.374  0.089  0.094 237 177 65
-0.372  0.089  0.093 238 180 68
-0.371  0.090  0.092 238 178 66
-0.370  0.090  0.091 237 177 64
-0.368  0.090  0.090 235 179 65
-0.367  0.091  0.089 239 182 66
-0.366  0.091  0.087 238 180 67
-0.365  0.091  0.085 237 180 68
-0.363  0.091  0.082 239 179 65
-0.362  0.091  0.079 240 180 66
-0.361  0.091  0.079 236 182 68
-0.359  0.092  0.077 237 180 67
-0.358  0.092  0.077 237 181 70
-0.357  0.093  0.076 237 181 71
-0.355  0.094  0.076 239 181 69
-0.354  0.094  0.075 240 182 72
-0.353  0.095  0.074 251 190 87
-0.351  0.095  0.074 249 200 102
-0.350  0.095  0.072 233 179 102
-0.405  0.065  0.079 172 136 111
-0.404  0.066  0.079 153 106 71
-0.402  0.067  0.080 182 128 77
-0.401  0.068  0.081 198 147 80
-0.399  0.070  0.084 200 140 67
-0.398  0.072  0.086 201 138 56
-0.396  0.074  0.090 209 150 53
-0.395  0.077  0.095 222 164 60
-0.393  0.079  0.097 235 176 64
-0.392  0.081  0.100 238 175 66
-0.390  0.082  0.101 238 181 69
-0.389  0.083  0.102 239 177 64
-0.388  0.084  0.103 240 176 64
-0.387  0.085  0.102 237 177 63
-0.385  0.086  0.102 242 176 66
-0.384  0.086  0.102 237 177 65
-0.383  0.087  0.101 239 180 66
-0.382  0.087  0.100 239 176 65
-0.380  0.088  0.100 238 177 62
-0.379  0.088  0.098 239 179 64
-0.378  0.089  0.098 239 178 64
-0.377  0.089  0.097 240 181 65
-0.375  0.090  0.096 239 179 65
-0.374  0.090  0.094 238 176 65
-0.373  0.091  0.094 239 173 64
-0.372  0.091  0.093 238 178 64
-0.370  0.091  0.092 240 180 65
-0.369  0.092  0.091 240 180 66
-0.368  0.092  0.090 240 178 65
-0.367  0.092  0.087 240 178 65
-0.365  0.093  0.086 239 180 68
-0.364  0.092  0.083 241 182 67
-0.363  0.092  0.080 241 180 66
-0.361  0.093  0.079 239 181 67
-0.360  0.093  0.078 237 179 66
-0.359  0.093  0.077 238 184 69
-0.357  0.094  0.076 238 180 68
-0.356  0.095  0.076 239 180 72
-0.355  0.095  0.075 251 191 88
-0.353  0.096  0.074 249 208 103
-0.352  0.096  0.072 234 182 91
-0.351  0.096  0.070 222 172 103
-0.406  0.065  0.076 167 127 107
-0.405  0.066  0.077 149 107 76
-0.403  0.067  0.077 162 118 77
-0.402  0.069  0.079 194 148 78
-0.400  0.071  0.082 196 143 68
-0.399  0.073  0.083 196 136 62
-0.397  0.075  0.088 200 137 52
-0.395  0.078  0.094 207 148 50
-0.394  0.080  0.097 220 163 57
-0.392  0.082  0.099 232 172 63
-0.391  0.084  0.101 236 175 68
-0.390  0.085  0.102 240 180 70
-0.388  0.086  0.103 239 179 68
-0.387  0.086  0.102 236 176 65
-0.386  0.087  0.102 240 176 66
-0.385  0.088  0.102 239 177 66
-0.384  0.089  0.102 238 180 67
-0.382  0.089  0.100 238 179 67
-0.381  0.090  0.100 238 179 66
-0.380  0.090  0.099 238 178 64
-0.379  0.090  0.098 240 177 62
-0.377  0.091  0.097 240 179 64
-0.376  0.091  0.096 239 178 66
-0.375  0.092  0.095 237 177 63
-0.374  0.092  0.094 238 176 65
-0.372  0.093  0.093 238 173 64
-0.371  0.093  0.092 238 177 67
-0.370  0.093  0.091 239 178 63
-0.369  0.094  0.090 241 182 66
-0.367  0.094  0.088 241 178 67
-0.366  0.094  0.086 240 182 68
-0.365  0.094  0.083 239 178 66
-0.363  0.094  0.080 240 180 67
-0.362  0.094  0.079 240 177 66
-0.361  0.095  0.078 239 178 67
-0.359  0.095  0.076 238 179 70
-0.358  0.095  0.075 240 180 78
-0.357  0.096  0.075 252 196 90
-0.356  0.096  0.074 250 198 97
-0.354  0.097  0.072 233 179 80
-0.353  0.097  0.070 222 165 85
-0.351  0.097  0.069 217 172 114
-0.407  0.066  0.075 171 114 90
-0.406  0.067  0.075 151 109 81
-0.404  0.068  0.076 152 114 80
-0.403  0.070  0.077 179 132 79
-0.401  0.072  0.081 194 139 71
-0.400  0.074  0.083 192 135 64
-0.398  0.076  0.087 192 131 58
-0.396  0.079  0.092 196 134 53
-0.395  0.082  0.096 204 143 51
-0.393  0.083  0.099 214 156 53
-0.392  0.085  0.101 226 168 62
-0.390  0.086  0.102 236 173 66
-0.389  0.087  0.103 238 177 68
-0.388  0.088  0.103 239 173 65
-0.387  0.089  0.103 239 175 67
-0.385  0.089  0.102 238 174 64
-0.384  0.090  0.102 237 178 66
-0.383  0.090  0.101 238 177 67
-0.382  0.091  0.101 239 176 66
-0.381  0.092  0.100 237 179 64
-0.379  0.092  0.099 237 178 63
-0.378  0.092  0.098 237 178 64
-0.377  0.093  0.097 240 176 64
-0.376  0.093  0.095 237 176 65
-0.374  0.094  0.095 237 177 66
-0.373  0.094  0.094 239 177 63
-0.372  0.094  0.092 237 178 63
-0.371  0.095  0.091 238 178 62
-0.369  0.095  0.090 238 179 63
-0.368  0.095  0.088 239 181 66
-0.367  0.095  0.086 241 180 64
-0.366  0.095  0.083 240 180 68
-0.364  0.095  0.080 236 178 65
-0.363  0.095  0.079 236 178 65
-0.362  0.096  0.078 236 177 68
-0.360  0.096  0.076 245 180 79
-0.359  0.097  0.075 251 211 100
-0.358  0.097  0.075 246 189 98
-0.356  0.098  0.073 234 174 77
-0.355  0.098  0.071 222 166 78
-0.353  0.098  0.069 216 165 93
-0.352  0.098  0.067 218 181 122
-0.408  0.067  0.074 170 111 80
-0.407  0.068  0.074 150 115 86
-0.405  0.069  0.075 147 110 79
-0.404  0.071  0.076 165 131 86
-0.402  0.073  0.079 187 136 68
-0.400  0.075  0.082 193 134 65
-0.399  0.077  0.086 188 131 63
-0.397  0.080  0.091 190 132 58
-0.395  0.082  0.095 194 130 52
-0.394  0.084  0.098 201 138 47
-0.393  0.086  0.101 209 149 50
-0.391  0.087  0.102 220 160 58
-0.390  0.088  0.103 232 172 63
-0.389  0.089  0.103 235 178 66
-0.387  0.090  0.103 235 173 66
-0.386  0.091  0.103 224 167 63
-0.385  0.092  0.103 232 176 63
-0.384  0.092  0.102 240 176 68
-0.383  0.093  0.101 240 176 64
-0.381  0.093  0.101 237 176 62
-0.380  0.094  0.100 238 179 65
-0.379  0.094  0.099 238 177 66
-0.378  0.094  0.098 239 179 67
-0.376  0.095  0.096 241 177 65
-0.375  0.095  0.096 238 177 65
-0.374  0.096  0.094 237 173 64
-0.373  0.096  0.093 238 178 66
-0.371  0.096  0.092 238 179 64
-0.370  0.097  0.090 239 180 64
-0.369  0.097  0.088 239 180 66
-0.368  0.097  0.086 238 180 66
-0.366  0.097  0.083 235 178 66
-0.365  0.097  0.081 238 181 69
-0.364  0.097  0.079 244 178 71
-0.362  0.097  0.078 247 190 81
-0.361  0.097  0.076 239 187 90
-0.360  0.098  0.075 240 178 79
-0.358  0.098  0.074 229 167 75
-0.357  0.099  0.072 218 156 76
-0.356  0.098  0.069 214 159 83
-0.354  0.099  0.067 215 166 102
-0.353  0.099  0.065 220 183 129
-0.409  0.068  0.073 198 155 98
-0.407  0.069  0.073 154 120 96
-0.406  0.070  0.074 143 107 79
-0.404  0.072  0.075 161 120 88
-0.403  0.074  0.077 172 131 83
-0.401  0.075  0.079 186 136 66
-0.400  0.077  0.082 187 132 63
-0.398  0.079  0.086 189 131 58
-0.396  0.083  0.093 187 127 55
-0.395  0.085  0.096 190 127 51
-0.393  0.086  0.098 194 132 49
-0.392  0.088  0.100 203 138 45
-0.391  0.089  0.101 213 152 55
-0.389  0.090  0.102 219 164 63
-0.388  0.091  0.103 228 174 67
-0.387  0.092  0.103 229 169 67
-0.386  0.093  0.103 234 179 67
-0.384  0.094  0.103 238 179 69
-0.383  0.094  0.102 237 176 66
-0.382  0.095  0.102 239 176 62
-0.381  0.095  0.100 240 178 66
-0.380  0.096  0.100 239 172 67
-0.378  0.096  0.098 239 175 69
-0.377  0.096  0.097 236 173 67
-0.376  0.097  0.096 236 177 69
-0.375  0.097  0.094 235 177 68
-0.373  0.097  0.093 236 175 67
-0.372  0.097  0.091 239 178 67
-0.371  0.098  0.089 239 180 67
-0.370  0.098  0.088 242 181 70
-0.368  0.098  0.086 242 180 69
-0.367  0.098  0.083 239 180 70
-0.366  0.098  0.082 238 185 74
-0.365  0.099  0.080 237 180 75
-0.363  0.099  0.079 235 172 71
-0.362  0.099  0.076 226 165 72
-0.360  0.099  0.074 220 159 75
-0.359  0.099  0.072 214 154 74
-0.358  0.100  0.071 210 153 77
-0.356  0.099  0.067 212 160 86
-0.355  0.099  0.065 208 168 111
-0.408  0.071  0.073 187 152 124
-0.407  0.072  0.073 157 109 84
-0.405  0.073  0.074 152 114 83
-0.404  0.074  0.076 164 119 90
-0.402  0.076  0.078 176 122 71
-0.401  0.078  0.080 185 133 63
-0.399  0.081  0.086 185 132 60
-0.397  0.083  0.090 187 129 55
-0.396  0.085  0.093 188 128 51
-0.394  0.087  0.095 188 127 50
-0.393  0.088  0.097 190 130 49
-0.392  0.090  0.099 193 133 48
-0.390  0.091  0.100 201 135 47
-0.389  0.092  0.102 208 145 51
-0.388  0.093  0.102 213 154 58
-0.386  0.094  0.103 218 163 62
-0.385  0.095  0.103 227 171 64
-0.384  0.096  0.102 232 176 67
-0.383  0.096  0.102 234 175 65
-0.382  0.096  0.100 235 176 67
-0.380  0.097  0.099 236 177 68
-0.379  0.097  0.097 236 174 68
-0.378  0.097  0.096 232 172 72
-0.377  0.098  0.095 220 159 66
-0.375  0.098  0.094 225 165 66
-0.374  0.098  0.092 235 176 68
-0.373  0.098  0.090 240 181 72
-0.372  0.099  0.089 241 181 72
-0.370  0.099  0.087 242 181 74
-0.369  0.099  0.085 241 180 73
-0.368  0.099  0.083 231 178 74
-0.367  0.099  0.081 223 170 75
-0.365  0.100  0.080 220 162 70
-0.364  0.100  0.078 217 156 67
-0.363  0.100  0.077 213 151 67
-0.361  0.101  0.075 209 147 70
-0.360  0.100  0.071 209 151 73
-0.359  0.101  0.070 210 157 79
-0.357  0.100  0.066 208 160 93
-0.356  0.100  0.063 205 170 121
-0.409  0.071  0.071 194 168 137
-0.408  0.073  0.072 164 114 84
-0.406  0.073  0.072 152 107 80
-0.405  0.075  0.074 179 117 86
-0.403  0.076  0.075 190 112 77
-0.402  0.078  0.077 186 121 64
-0.400  0.081  0.082 187 128 58
-0.398  0.083  0.086 185 128 56
-0.397  0.085  0.090 187 126 51
-0.395  0.087  0.093 184 128 54
-0.394  0.089  0.095 184 123 53
-0.392  0.090  0.096 186 130 53
-0.391  0.092  0.098 189 128 47
-0.390  0.093  0.100 191 125 47
-0.388  0.094  0.101 195 128 46
-0.387  0.095  0.102 198 136 47
-0.386  0.096  0.102 206 140 49
-0.385  0.097  0.102 212 147 51
-0.383  0.097  0.101 216 151 51
-0.382  0.097  0.099 218 155 54
-0.381  0.098  0.098 219 161 57
-0.380  0.098  0.097 221 163 59
-0.379  0.098  0.095 221 163 62
-0.377  0.099  0.094 217 161 62
-0.376  0.099  0.092 219 165 65
-0.375  0.099  0.091 221 170 68
-0.374  0.099  0.089 220 167 66
-0.372  0.100  0.087 220 163 65
-0.371  0.100  0.085 220 161 65
-0.370  0.100  0.083 222 158 60
-0.369  0.100  0.081 218 157 66
-0.367  0.100  0.079 214 154 71
-0.366  0.100  0.078 210 149 69
-0.365  0.101  0.076 206 146 66
-0.363  0.101  0.075 205 149 68
-0.362  0.102  0.073 206 149 70
-0.361  0.101  0.070 208 154 76
-0.359  0.101  0.067 206 158 86
-0.358  0.101  0.063 198 159 108
-0.410  0.072  0.069 191 164 141
-0.409  0.073  0.070 187 125 84
-0.407  0.074  0.071 176 114 84
-0.406  0.076  0.072 191 116 82
-0.404  0.077  0.074 195 107 75
-0.403  0.079  0.076 194 105 71
-0.401  0.080  0.076 189 115 61
-0.400  0.081  0.078 184 127 57
-0.398  0.083  0.080 184 128 53
-0.397  0.085  0.083 183 125 51
-0.395  0.087  0.086 184 125 53
-0.394  0.088  0.087 188 130 56
-0.392  0.092  0.096 187 129 51
-0.390  0.094  0.099 184 126 50
-0.389  0.095  0.100 186 123 47
-0.388  0.096  0.101 184 125 46
-0.387  0.097  0.101 187 130 48
-0.385  0.098  0.101 192 129 46
-0.384  0.098  0.101 200 137 46
-0.383  0.098  0.098 198 135 48
-0.382  0.099  0.098 199 137 48
-0.381  0.099  0.095 202 142 51
-0.379  0.099  0.093 205 142 52
-0.378  0.099  0.092 203 145 54
-0.377  0.100  0.091 204 145 53
-0.376  0.100  0.090 208 145 55
-0.374  0.100  0.088 207 145 56
-0.373  0.101  0.087 205 145 58
-0.372  0.101  0.084 200 142 62
-0.371  0.101  0.081 205 147 60
-0.369  0.101  0.080 204 146 64
-0.368  0.101  0.077 205 141 66
-0.367  0.101  0.077 206 145 64
-0.365  0.102  0.075 205 146 70
-0.364  0.102  0.073 205 149 73
-0.363  0.102  0.071 205 150 74
-0.361  0.102  0.067 205 157 83
-0.360  0.102  0.065 192 157 101
-0.411  0.073  0.068 191 164 141
-0.410  0.074  0.068 194 131 93
-0.408  0.075  0.069 184 122 99
-0.407  0.076  0.070 195 115 83
-0.405  0.078  0.072 195 108 72
-0.404  0.079  0.073 194 103 69
-0.402  0.080  0.073 195 101 65
-0.401  0.082  0.075 188 109 57
-0.399  0.083  0.077 183 117 52
-0.398  0.085  0.080 183 129 54
-0.396  0.087  0.083 186 125 50
-0.395  0.089  0.086 187 123 53
-0.393  0.093  0.094 186 128 54
-0.391  0.094  0.097 186 126 51
-0.390  0.096  0.098 185 126 49
-0.389  0.097  0.099 185 125 50
-0.387  0.098  0.100 186 121 49
-0.386  0.098  0.099 186 129 51
-0.385  0.099  0.098 188 128 49
-0.384  0.099  0.096 191 127 49
-0.383  0.099  0.094 191 130 45
-0.381  0.099  0.093 191 130 49
-0.380  0.100  0.092 192 134 52
-0.379  0.100  0.091 192 132 53
-0.378  0.101  0.090 196 133 52
-0.376  0.101  0.088 199 136 56
-0.375  0.101  0.086 197 137 55
-0.374  0.101  0.085 198 137 60
-0.373  0.101  0.082 194 136 61
-0.371  0.101  0.080 199 144 62
-0.370  0.102  0.078 200 139 64
-0.369  0.102  0.075 201 145 69
-0.367  0.102  0.074 205 146 70
-0.366  0.103  0.074 203 147 73
-0.365  0.103  0.071 201 150 75
-0.363  0.103  0.068 198 152 83
-0.362  0.102  0.064 189 152 101
-0.361  0.102  0.062 177 165 130
-0.412  0.074  0.066 185 159 140
-0.411  0.075  0.066 195 133 97
-0.409  0.076  0.066 192 130 102
-0.408  0.077  0.068 197 114 82
-0.406  0.079  0.070 196 108 76
-0.405  0.080  0.071 198 101 69
-0.403  0.081  0.071 198 97 64
-0.402  0.083  0.074 193 95 61
-0.400  0.084  0.075 188 95 58
-0.398  0.086  0.078 177 111 56
-0.397  0.088  0.081 180 123 55
-0.395  0.090  0.084 185 130 57
-0.394  0.093  0.092 186 128 52
-0.392  0.095  0.095 186 128 51
-0.391  0.097  0.097 183 127 50
-0.389  0.098  0.098 185 122 46
-0.388  0.099  0.099 183 124 48
-0.387  0.099  0.098 184 125 49
-0.386  0.099  0.096 185 129 50
-0.385  0.099  0.094 188 127 50
-0.383  0.100  0.093 188 128 48
-0.382  0.100  0.091 192 132 51
-0.381  0.101  0.090 191 131 52
-0.380  0.101  0.089 190 134 53
-0.378  0.102  0.088 190 135 56
-0.377  0.102  0.087 191 134 55
-0.376  0.102  0.084 191 137 58
-0.375  0.102  0.083 195 139 63
-0.373  0.102  0.081 192 138 63
-0.372  0.102  0.078 198 145 66
-0.371  0.102  0.075 200 141 62
-0.369  0.101  0.068 200 142 68
-0.368  0.101  0.067 201 143 69
-0.367  0.103  0.069 199 150 77
-0.365  0.100  0.059 188 152 89
-0.364  0.101  0.057 174 147 104
-0.363  0.101  0.054 178 163 133
-0.361  0.101  0.052 161 170 150
-0.413  0.074  0.063 180 158 135
-0.412  0.075  0.063 191 141 107
-0.410  0.076  0.063 194 130 102
-0.409  0.077  0.065 199 113 83
-0.407  0.078  0.065 198 105 74
-0.406  0.080  0.066 198 101 67
-0.404  0.081  0.067 196 92 62
-0.403  0.082  0.069 192 92 60
-0.401  0.084  0.071 189 93 58
-0.400  0.086  0.074 184 93 60
-0.398  0.088  0.077 177 93 58
-0.396  0.090  0.080 174 107 52
-0.395  0.093  0.088 174 120 51
-0.393  0.095  0.092 179 129 55
-0.392  0.097  0.094 182 128 51
-0.390  0.098  0.095 184 125 48
-0.389  0.099  0.096 182 124 50
-0.388  0.099  0.094 184 123 45
-0.387  0.099  0.092 186 129 48
-0.385  0.100  0.090 186 127 46
-0.384  0.100  0.089 187 129 48
-0.383  0.100  0.088 189 131 50
-0.382  0.101  0.088 190 136 53
-0.380  0.102  0.087 190 134 51
-0.379  0.102  0.087 190 133 55
-0.378  0.103  0.085 192 136 58
-0.377  0.102  0.082 192 134 57
-0.375  0.103  0.081 194 136 59
-0.374  0.103  0.079 193 134 61
-0.373  0.103  0.075 198 144 67
-0.372  0.103  0.073 197 143 67
-0.370  0.102  0.069 195 147 75
-0.369  0.102  0.065 190 144 81
-0.368  0.102  0.061 162 138 92
-0.366  0.101  0.056 137 122 115
-0.365  0.101  0.053 132 128 132
-0.363  0.101  0.050 163 154 141
-0.362  0.101  0.048 150 154 149
-0.414  0.074  0.060 182 163 136
-0.413  0.075  0.060 187 141 109
-0.411  0.076  0.060 192 128 104
-0.410  0.077  0.061 196 115 87
-0.408  0.079  0.062 196 106 74
-0.407  0.080  0.063 194 102 72
-0.405  0.081  0.064 192 93 62
-0.404  0.083  0.066 189 93 62
-0.402  0.084  0.068 191 88 54
-0.401  0.086  0.071 189 89 58
-0.399  0.088  0.075 186 91 60
-0.397  0.090  0.078 183 91 61
-0.395  0.094  0.085 183 93 59
-0.394  0.096  0.088 176 102 55
-0.392  0.097  0.091 162 111 55
-0.391  0.098  0.092 168 122 59
-0.390  0.100  0.094 174 127 58
-0.389  0.100  0.093 179 129 52
-0.387  0.100  0.090 181 127 48
-0.386  0.100  0.089 184 129 47
-0.385  0.101  0.087 188 127 48
-0.384  0.101  0.087 185 130 49
-0.383  0.102  0.086 188 130 50
-0.381  0.102  0.085 188 132 51
-0.380  0.103  0.084 189 131 53
-0.379  0.103  0.084 189 133 56
-0.378  0.103  0.080 190 137 56
-0.376  0.104  0.079 191 138 61
-0.375  0.104  0.076 192 137 61
-0.374  0.103  0.073 192 151 80
-0.372  0.103  0.070 168 140 83
-0.371  0.102  0.064 141 129 93
-0.370  0.102  0.061 134 116 107
-0.368  0.103  0.060 119 116 116
-0.367  0.101  0.052 112 116 130
-0.365  0.102  0.050 120 120 132
-0.364  0.102  0.048 150 143 136
-0.363  0.102  0.046 168 154 138
-0.415  0.075  0.057 174 162 142
-0.414  0.076  0.056 184 139 108
-0.412  0.077  0.057 189 129 104
-0.411  0.078  0.058 193 113 85
-0.409  0.079  0.059 195 107 76
-0.408  0.080  0.060 192 101 73
-0.406  0.082  0.061 192 93 65
-0.405  0.083  0.063 190 91 63
-0.403  0.085  0.065 193 90 56
-0.402  0.087  0.069 195 89 56
-0.400  0.089  0.073 192 92 59
-0.398  0.091  0.076 193 94 61
-0.396  0.094  0.082 191 92 61
-0.395  0.096  0.085 169 92 64
-0.393  0.097  0.088 121 79 67
-0.392  0.099  0.089 111 78 72
-0.391  0.100  0.090 114 86 66
-0.390  0.100  0.089 120 100 63
-0.388  0.100  0.087 129 112 65
-0.387  0.100  0.085 139 116 64
-0.386  0.101  0.084 152 123 62
-0.385  0.101  0.082 160 127 63
-0.383  0.102  0.082 168 126 59
-0.382  0.102  0.081 171 132 64
-0.381  0.103  0.080 168 131 65
-0.380  0.104  0.080 159 130 67
-0.378  0.104  0.077 153 128 69
-0.377  0.104  0.076 150 125 74
-0.376  0.104  0.074 148 121 78
-0.374  0.104  0.070 125 103 92
-0.373  0.104  0.067 116 100 101
-0.372  0.103  0.061 106 110 110
-0.370  0.103  0.058 102 105 119
-0.369  0.103  0.056 101 112 124
-0.368  0.102  0.049 112 123 133
-0.366  0.102  0.047 119 129 139
-0.365  0.102  0.044 137 139 137
-0.363  0.103  0.043 184 160 141
-0.417  0.075  0.054 179 161 142
-0.415  0.076  0.054 181 142 109
-0.413  0.077  0.055 171 131 105
-0.412  0.079  0.056 186 113 86
-0.411  0.079  0.055 188 103 77
-0.409  0.081  0.057 190 103 75
-0.407  0.082  0.058 192 94 67
-0.406  0.084  0.061 191 93 66
-0.404  0.085  0.063 192 92 59
-0.402  0.087  0.066 193 89 58
-0.401  0.089  0.069 193 89 58
-0.399  0.091  0.073 176 100 62
-0.397  0.094  0.078 165 96 64
-0.396  0.095  0.080 144 80 63
-0.394  0.097  0.083 117 94 72
-0.393  0.098  0.083 119 87 71
-0.392  0.099  0.085 122 97 71
-0.390  0.100  0.084 105 89 73
-0.389  0.100  0.083 93 75 77
-0.388  0.101  0.081 86 71 78
-0.387  0.101  0.080 96 75 80
-0.386  0.102  0.079 114 82 78
-0.384  0.102  0.078 116 93 75
-0.383  0.103  0.078 131 94 77
-0.382  0.103  0.077 140 97 77
-0.380  0.104  0.076 129 91 79
-0.379  0.104  0.074 132 103 82
-0.378  0.105  0.073 124 111 88
-0.377  0.104  0.069 104 97 92
-0.375  0.104  0.066 109 96 97
-0.374  0.104  0.063 120 115 104
-0.373  0.103  0.058 101 101 110
-0.371  0.103  0.054 98 103 118
-0.370  0.104  0.053 102 112 125
-0.368  0.102  0.045 131 130 139
-0.367  0.102  0.042 126 136 148
-0.366  0.103  0.041 135 139 143
-0.418  0.076  0.051 179 164 141
-0.416  0.077  0.051 178 148 115
-0.415  0.078  0.052 154 134 110
-0.413  0.079  0.053 157 114 89
-0.411  0.081  0.054 178 111 81
-0.410  0.082  0.056 187 103 76
-0.408  0.084  0.058 188 100 69
-0.407  0.084  0.058 186 96 65
-0.405  0.086  0.060 188 94 60
-0.404  0.087  0.062 191 92 60
-0.402  0.089  0.064 190 96 61
-0.400  0.091  0.066 163 98 63
-0.399  0.092  0.068 151 100 66
-0.397  0.093  0.070 138 97 65
-0.396  0.095  0.072 134 100 69
-0.394  0.097  0.077 129 94 71
-0.393  0.099  0.078 129 89 66
-0.392  0.099  0.078 113 98 69
-0.390  0.101  0.079 111 87 76
-0.389  0.101  0.078 81 75 76
-0.388  0.101  0.076 72 73 83
-0.386  0.102  0.076 90 72 80
-0.385  0.102  0.075 95 87 82
-0.384  0.103  0.074 114 86 82
-0.383  0.104  0.073 124 89 77
-0.381  0.104  0.073 128 109 85
-0.380  0.104  0.071 129 111 86
-0.379  0.105  0.070 103 88 91
-0.377  0.105  0.068 110 94 92
-0.376  0.105  0.066 124 110 100
-0.375  0.105  0.062 108 102 102
-0.373  0.104  0.057 93 101 110
-0.372  0.104  0.053 98 105 119
-0.371  0.104  0.049 108 111 127
-0.369  0.103  0.043 124 128 141
-0.368  0.103  0.041 124 133 141
-0.366  0.104  0.039 133 140 145
-0.419  0.076  0.049 175 159 139
-0.417  0.077  0.049 174 148 119
-0.416  0.079  0.050 146 138 115
-0.414  0.080  0.051 129 113 94
-0.413  0.081  0.051 132 104 86
-0.411  0.082  0.053 145 102 82
-0.409  0.084  0.055 171 103 69
-0.408  0.086  0.057 178 101 61
-0.406  0.087  0.058 179 99 58
-0.405  0.088  0.060 173 101 62
-0.403  0.090  0.062 171 100 63
-0.401  0.091  0.064 167 103 59
-0.400  0.092  0.064 156 103 63
-0.398  0.094  0.066 131 95 68
-0.397  0.095  0.067 120 89 65
-0.396  0.096  0.068 126 98 69
-0.394  0.097  0.068 122 91 70
-0.393  0.097  0.067 124 99 68
-0.392  0.097  0.064 124 95 71
-0.390  0.098  0.064 105 87 78
-0.389  0.098  0.061 83 70 77
-0.388  0.098  0.059 83 75 73
-0.387  0.099  0.058 118 83 76
-0.385  0.100  0.058 118 83 71
-0.384  0.100  0.058 122 106 71
-0.382  0.101  0.058 110 95 79
-0.381  0.102  0.058 103 86 83
-0.380  0.103  0.058 104 86 87
-0.378  0.104  0.059 121 113 96
-0.377  0.104  0.057 107 99 102
-0.376  0.105  0.056 95 97 104
-0.374  0.105  0.054 93 102 112
-0.373  0.105  0.050 96 104 119
-0.372  0.105  0.047 101 110 124
-0.370  0.104  0.042 110 118 130
-0.369  0.104  0.039 122 129 136
-0.367  0.105  0.037 134 141 146
-0.420  0.077  0.046 173 156 141
-0.418  0.078  0.046 172 147 116
-0.417  0.079  0.047 148 139 113
-0.415  0.080  0.048 127 116 96
-0.414  0.082  0.049 116 107 89
-0.412  0.083  0.050 127 104 84
-0.410  0.085  0.052 164 117 73
-0.409  0.086  0.054 175 118 68
-0.407  0.088  0.056 178 116 64
-0.406  0.089  0.058 180 124 67
-0.404  0.090  0.059 182 123 66
-0.402  0.092  0.061 186 130 64
-0.401  0.093  0.062 184 134 64
-0.399  0.094  0.063 180 135 64
-0.398  0.095  0.063 176 132 67
-0.397  0.096  0.063 176 121 71
-0.395  0.096  0.062 149 103 68
-0.394  0.097  0.060 113 93 68
-0.393  0.097  0.059 95 93 72
-0.391  0.098  0.059 91 86 71
-0.390  0.098  0.056 81 66 64
-0.389  0.098  0.055 82 64 58
-0.388  0.099  0.054 106 66 56
-0.386  0.100  0.054 124 74 53
-0.385  0.101  0.054 146 96 61
-0.383  0.102  0.055 163 108 65
-0.382  0.102  0.054 167 117 72
-0.381  0.103  0.055 165 112 77
-0.379  0.104  0.054 129 106 84
-0.378  0.105  0.054 103 94 95
-0.376  0.105  0.053 97 98 103
-0.375  0.106  0.051 94 101 115
-0.374  0.105  0.047 94 104 118
-0.372  0.106  0.044 101 110 123
-0.371  0.105  0.039 110 119 129
-0.369  0.105  0.035 127 131 134
-0.368  0.105  0.034 148 146 141
-0.421  0.078  0.044 177 169 147
-0.420  0.079  0.044 171 148 120
-0.418  0.080  0.044 148 137 111
-0.416  0.081  0.045 126 117 99
-0.415  0.082  0.047 114 109 93
-0.413  0.083  0.047 137 110 84
-0.412  0.085  0.049 169 126 73
-0.410  0.086  0.051 175 126 70
-0.408  0.088  0.053 180 125 66
-0.407  0.090  0.055 190 133 66
-0.405  0.091  0.056 194 136 69
-0.404  0.092  0.058 195 135 64
-0.402  0.093  0.058 199 139 62
-0.401  0.094  0.059 201 144 64
-0.399  0.095  0.058 195 139 66
-0.398  0.096  0.058 198 147 74
-0.397  0.096  0.057 172 128 64
-0.395  0.097  0.056 134 95 54
-0.394  0.097  0.054 99 61 51
-0.393  0.097  0.052 83 62 52
-0.391  0.098  0.051 84 62 55
-0.390  0.098  0.050 108 65 43
-0.388  0.099  0.050 138 86 48
-0.387  0.100  0.051 166 113 57
-0.386  0.101  0.051 181 121 62
-0.384  0.102  0.051 194 131 63
-0.383  0.103  0.052 203 138 64
-0.381  0.104  0.052 205 144 72
-0.380  0.105  0.052 191 141 80
-0.379  0.105  0.051 159 120 93
-0.377  0.106  0.049 115 97 102
-0.376  0.105  0.045 99 102 112
-0.375  0.106  0.042 97 108 116
-0.373  0.105  0.038 103 114 124
-0.372  0.106  0.035 115 122 130
-0.370  0.106  0.034 135 135 138
-0.369  0.106  0.032 170 154 144
-0.422  0.079  0.042 177 171 145
-0.421  0.080  0.042 169 155 124
-0.419  0.081  0.042 147 138 109
-0.417  0.082  0.043 125 119 103
-0.416  0.083  0.044 116 116 97
-0.414  0.084  0.045 148 117 86
-0.413  0.086  0.047 170 124 73
-0.411  0.087  0.049 178 128 68
-0.409  0.089  0.050 182 132 66
-0.408  0.090  0.053 198 140 68
-0.406  0.091  0.053 201 148 75
-0.405  0.093  0.055 199 139 66
-0.403  0.094  0.056 207 150 68
-0.402  0.095  0.056 210 152 74
-0.400  0.095  0.055 204 143 66
-0.399  0.096  0.054 203 145 73
-0.398  0.097  0.054 187 132 61
-0.396  0.097  0.052 154 103 55
-0.395  0.097  0.051 116 61 47
-0.394  0.097  0.048 101 63 49
-0.392  0.098  0.047 119 69 51
-0.391  0.099  0.047 153 103 49
-0.389  0.100  0.047 175 114 55
-0.388  0.101  0.047 191 129 56
-0.387  0.102  0.048 203 136 60
-0.385  0.103  0.049 209 139 63
-0.384  0.104  0.050 214 147 64
-0.382  0.105  0.050 221 154 71
-0.381  0.106  0.049 221 157 80
-0.380  0.106  0.048 210 152 90
-0.378  0.107  0.047 142 130 103
-0.377  0.107  0.044 105 112 118
-0.375  0.107  0.040 105 114 125
-0.374  0.106  0.037 110 120 137
-0.373  0.107  0.034 121 135 146
-0.371  0.107  0.032 151 165 156
-0.423  0.079  0.040 179 168 144
-0.422  0.080  0.040 169 151 121
-0.420  0.081  0.040 146 141 113
-0.419  0.083  0.041 125 124 107
-0.417  0.084  0.042 116 119 101
-0.415  0.085  0.043 150 121 88
-0.414  0.087  0.045 174 129 72
-0.412  0.088  0.046 181 130 66
-0.410  0.089  0.048 184 132 65
-0.409  0.091  0.050 196 147 72
-0.407  0.092  0.051 201 152 77
-0.406  0.093  0.052 201 141 66
-0.404  0.094  0.053 207 152 73
-0.403  0.095  0.053 209 151 76
-0.401  0.096  0.053 206 149 75
-0.400  0.097  0.052 214 157 94
-0.399  0.097  0.050 198 134 62
-0.397  0.098  0.049 151 106 61
-0.396  0.098  0.047 121 63 48
-0.395  0.098  0.045 138 74 47
-0.393  0.099  0.044 165 111 53
-0.392  0.099  0.043 183 122 54
-0.390  0.100  0.044 194 126 58
-0.389  0.101  0.044 203 135 55
-0.387  0.103  0.046 210 141 60
-0.386  0.104  0.046 216 142 63
-0.385  0.105  0.048 220 152 67
-0.383  0.106  0.048 224 157 72
-0.382  0.106  0.047 225 159 79
-0.380  0.107  0.046 226 163 93
-0.379  0.108  0.045 174 151 108
-0.378  0.108  0.042 123 136 128
-0.376  0.108  0.039 116 143 137
-0.375  0.107  0.034 136 162 158
-0.373  0.108  0.032 135 175 179
-0.372  0.108  0.030 150 171 175
-0.423  0.081  0.038 169 152 122
-0.421  0.082  0.038 143 139 117
-0.420  0.083  0.039 124 126 109
-0.418  0.085  0.039 111 119 104
-0.416  0.086  0.041 147 121 89
-0.415  0.087  0.043 174 135 73
-0.413  0.089  0.044 181 130 66
-0.411  0.090  0.046 185 134 64
-0.410  0.092  0.048 192 139 66
-0.408  0.093  0.050 197 141 67
-0.407  0.094  0.051 199 142 66
-0.405  0.095  0.051 207 148 67
-0.404  0.096  0.051 207 145 70
-0.402  0.097  0.051 221 158 84
-0.401  0.098  0.050 212 167 106
-0.400  0.098  0.048 197 133 63
-0.398  0.098  0.047 137 100 62
-0.397  0.099  0.046 124 71 52
-0.396  0.099  0.044 165 110 50
-0.394  0.100  0.044 185 122 51
-0.393  0.101  0.043 195 131 57
-0.391  0.102  0.044 204 135 57
-0.390  0.103  0.044 207 139 59
-0.388  0.104  0.045 215 144 61
-0.387  0.105  0.046 219 147 64
-0.385  0.106  0.047 223 156 72
-0.384  0.107  0.047 234 167 86
-0.383  0.108  0.046 233 164 83
-0.381  0.108  0.045 233 168 94
-0.380  0.109  0.044 201 163 101
-0.379  0.109  0.041 144 138 99
-0.377  0.109  0.037 129 146 112
-0.376  0.109  0.034 137 156 135
-0.374  0.109  0.031 143 172 162
-0.373  0.109  0.028 155 176 162
-0.424  0.082  0.035 168 151 122
-0.422  0.083  0.036 144 143 118
-0.421  0.084  0.037 123 129 113
-0.419  0.086  0.038 112 120 106
-0.417  0.087  0.039 139 116 90
-0.416  0.088  0.041 172 136 73
-0.414  0.090  0.042 179 131 66
-0.412  0.091  0.044 184 133 65
-0.411  0.093  0.047 188 134 63
-0.409  0.094  0.048 193 139 63
-0.407  0.095  0.049 198 140 63
-0.406  0.096  0.050 202 145 63
-0.405  0.097  0.050 204 148 71
-0.403  0.098  0.049 221 167 89
-0.402  0.099  0.048 208 151 84
-0.400  0.099  0.047 194 130 60
-0.399  0.100  0.046 130 91 56
-0.398  0.100  0.045 161 97 44
-0.396  0.101  0.044 188 125 49
-0.395  0.101  0.043 197 131 53
-0.394  0.102  0.043 204 134 58
-0.392  0.103  0.043 207 138 60
-0.391  0.104  0.044 212 146 63
-0.389  0.105  0.045 217 149 69
-0.388  0.106  0.045 220 149 69
-0.386  0.107  0.046 227 166 81
-0.385  0.108  0.046 228 172 95
-0.383  0.109  0.045 235 171 92
-0.382  0.109  0.044 232 176 106
-0.381  0.110  0.043 205 169 99
-0.379  0.110  0.040 151 142 100
-0.378  0.110  0.037 135 157 108
-0.377  0.110  0.033 143 168 118
-0.375  0.110  0.030 155 178 135
-0.374  0.110  0.026 170 179 146
-0.425  0.083  0.033 168 156 126
-0.423  0.084  0.033 145 143 119
-0.422  0.085  0.035 124 130 117
-0.420  0.086  0.036 112 120 110
-0.418  0.088  0.037 122 115 96
-0.417  0.089  0.039 166 135 76
-0.415  0.090  0.040 179 130 65
-0.413  0.092  0.043 183 131 63
-0.412  0.094  0.046 187 132 61
-0.410  0.095  0.047 191 139 62
-0.408  0.097  0.048 196 141 60
-0.407  0.098  0.049 203 141 62
-0.405  0.098  0.049 204 150 72
-0.404  0.099  0.048 210 151 73
-0.403  0.100  0.047 207 145 64
-0.401  0.100  0.046 181 125 59
-0.400  0.101  0.044 145 82 53
-0.399  0.101  0.043 181 120 50
-0.397  0.102  0.042 195 131 53
-0.396  0.103  0.042 202 134 55
-0.394  0.103  0.042 205 137 59
-0.393  0.104  0.042 211 145 64
-0.391  0.105  0.043 222 162 79
-0.390  0.107  0.044 220 155 75
-0.389  0.108  0.044 221 151 71
-0.387  0.108  0.045 224 156 74
-0.386  0.109  0.045 226 163 85
-0.384  0.110  0.044 238 177 100
-0.383  0.111  0.043 232 170 98
-0.382  0.111  0.041 199 170 102
-0.380  0.111  0.039 151 148 98
-0.379  0.111  0.036 139 162 110
-0.377  0.111  0.032 145 174 120
-0.376  0.111  0.029 158 181 133
-0.375  0.111  0.024 181 185 144
-0.426  0.084  0.030 168 160 128
-0.425  0.085  0.031 144 143 120
-0.423  0.086  0.033 125 131 117
-0.421  0.087  0.034 112 122 109
-0.419  0.089  0.035 110 120 97
-0.418  0.090  0.037 158 124 78
-0.416  0.091  0.038 177 131 67
-0.414  0.093  0.041 182 128 61
-0.412  0.095  0.044 187 133 65
-0.411  0.096  0.046 193 135 62
-0.409  0.098  0.047 196 138 61
-0.408  0.099  0.048 203 143 66
-0.406  0.099  0.047 207 150 78
-0.405  0.100  0.047 206 146 66
-0.404  0.101  0.046 199 139 59
-0.402  0.101  0.045 170 106 52
-0.401  0.102  0.044 164 100 47
-0.399  0.103  0.043 186 130 55
-0.398  0.103  0.042 198 132 55
-0.397  0.104  0.042 202 137 59
-0.395  0.105  0.041 203 136 62
-0.394  0.106  0.042 211 151 69
-0.392  0.107  0.043 214 150 70
-0.391  0.108  0.043 216 146 68
-0.389  0.109  0.043 219 156 71
-0.388  0.110  0.044 222 157 74
-0.387  0.110  0.043 224 161 87
-0.385  0.111  0.042 231 174 101
-0.384  0.112  0.041 229 170 93
-0.382  0.112  0.039 183 169 102
-0.381  0.112  0.037 145 154 101
-0.380  0.112  0.034 156 166 115
-0.378  0.112  0.030 157 175 125
-0.377  0.113  0.028 161 178 136
-0.427  0.084  0.028 165 154 125
-0.426  0.086  0.029 143 142 119
-0.424  0.087  0.030 125 129 110
-0.422  0.088  0.032 113 121 100
-0.420  0.090  0.034 107 111 88
-0.419  0.091  0.036 138 116 74
-0.417  0.092  0.037 171 130 69
-0.415  0.094  0.040 181 130 64
-0.413  0.096  0.043 184 131 62
-0.412  0.097  0.044 188 133 60
-0.410  0.099  0.045 195 139 63
-0.409  0.100  0.046 202 147 66
-0.407  0.100  0.046 203 145 67
-0.406  0.101  0.045 203 144 65
-0.404  0.102  0.045 190 132 60
-0.403  0.103  0.044 179 111 45
-0.402  0.103  0.042 181 112 47
-0.400  0.104  0.042 193 129 55
-0.399  0.105  0.042 199 133 55
-0.397  0.105  0.042 202 137 60
-0.396  0.106  0.041 204 141 65
-0.395  0.107  0.041 207 145 67
-0.393  0.108  0.042 209 145 67
-0.392  0.109  0.042 211 150 69
-0.390  0.110  0.042 218 152 71
-0.389  0.111  0.042 222 159 78
-0.387  0.111  0.041 222 164 86
-0.386  0.112  0.040 225 161 87
-0.385  0.113  0.039 224 168 93
-0.383  0.113  0.038 168 157 101
-0.382  0.113  0.036 141 157 105
-0.381  0.114  0.033 150 175 122
-0.379  0.113  0.029 163 186 133
-0.378  0.114  0.026 167 184 143
-0.429  0.085  0.024 169 152 121
-0.427  0.086  0.025 142 128 106
-0.425  0.088  0.027 127 121 94
-0.423  0.089  0.030 120 121 88
-0.422  0.091  0.032 113 116 81
-0.420  0.093  0.035 116 113 76
-0.418  0.094  0.036 159 122 70
-0.416  0.096  0.039 177 129 66
-0.414  0.097  0.041 182 130 62
-0.413  0.098  0.042 186 136 59
-0.411  0.100  0.043 195 136 60
-0.410  0.101  0.044 204 143 66
-0.408  0.101  0.044 206 146 65
-0.407  0.102  0.043 200 142 64
-0.405  0.103  0.043 194 122 50
-0.404  0.103  0.042 194 123 48
-0.403  0.104  0.041 195 126 50
-0.401  0.105  0.041 197 125 51
-0.400  0.106  0.041 198 132 55
-0.398  0.107  0.041 198 138 61
-0.397  0.107  0.040 202 143 65
-0.395  0.108  0.041 207 139 62
-0.394  0.109  0.041 210 145 64
-0.393  0.110  0.041 213 149 70
-0.391  0.111  0.041 217 154 74
-0.390  0.112  0.041 223 164 84
-0.388  0.112  0.040 224 161 81
-0.387  0.113  0.038 226 164 85
-0.386  0.113  0.037 218 170 94
-0.384  0.114  0.036 178 164 102
-0.383  0.114  0.033 145 157 106
-0.381  0.114  0.030 142 169 122
-0.380  0.114  0.027 164 196 145
-0.379  0.114  0.022 166 184 145
-0.430  0.085  0.021 170 154 120
-0.428  0.087  0.022 151 130 101
-0.426  0.088  0.025 134 130 96
-0.424  0.090  0.028 123 129 91
-0.423  0.092  0.030 113 122 83
-0.421  0.094  0.033 108 120 78
-0.419  0.095  0.034 124 120 73
-0.417  0.097  0.037 158 121 68
-0.415  0.098  0.040 174 128 66
-0.414  0.099  0.040 182 130 62
-0.412  0.101  0.042 193 135 59
-0.411  0.101  0.042 200 141 66
-0.409  0.102  0.041 202 137 62
-0.408  0.103  0.041 194 125 55
-0.406  0.104  0.041 198 131 52
-0.405  0.105  0.040 205 135 53
-0.404  0.105  0.040 203 135 55
-0.402  0.106  0.040 202 132 55
-0.401  0.107  0.040 201 129 55
-0.399  0.108  0.040 198 137 62
-0.398  0.109  0.040 200 139 61
-0.396  0.110  0.041 206 143 63
-0.395  0.111  0.041 210 148 66
-0.393  0.111  0.040 213 148 72
-0.392  0.112  0.040 217 157 78
-0.391  0.113  0.039 219 159 82
-0.389  0.113  0.037 224 159 82
-0.388  0.114  0.036 225 163 85
-0.387  0.114  0.034 187 160 94
-0.385  0.115  0.032 151 150 99
-0.384  0.115  0.030 141 155 106
-0.382  0.115  0.027 144 172 120
-0.381  0.115  0.023 154 183 141
-0.380  0.115  0.018 173 180 143
-0.431  0.086  0.018 169 152 118
-0.430  0.087  0.018 159 136 102
-0.428  0.089  0.021 140 139 97
-0.426  0.091  0.025 124 134 91
-0.424  0.093  0.028 113 127 83
-0.422  0.094  0.030 112 124 78
-0.420  0.096  0.032 110 124 76
-0.418  0.097  0.035 122 115 74
-0.416  0.099  0.037 121 107 67
-0.415  0.100  0.039 132 113 68
-0.413  0.102  0.040 166 123 59
-0.412  0.103  0.040 184 126 60
-0.410  0.103  0.040 197 125 50
-0.409  0.104  0.039 202 132 54
-0.407  0.105  0.040 203 141 59
-0.406  0.106  0.039 208 144 60
-0.405  0.107  0.039 209 143 62
-0.403  0.107  0.039 209 141 61
-0.402  0.108  0.039 205 137 58
-0.400  0.109  0.039 200 135 59
-0.399  0.110  0.039 200 137 61
-0.397  0.111  0.040 206 137 64
-0.396  0.112  0.040 208 150 70
-0.394  0.113  0.039 213 154 76
-0.393  0.113  0.039 218 157 79
-0.392  0.114  0.037 220 159 82
-0.390  0.114  0.035 220 160 86
-0.389  0.115  0.033 200 165 95
-0.387  0.115  0.031 154 130 91
-0.386  0.115  0.029 135 140 97
-0.385  0.116  0.027 137 154 107
-0.383  0.116  0.024 144 167 118
-0.382  0.116  0.020 157 180 132
-0.381  0.116  0.015 180 186 146
-0.433  0.086  0.011 167 153 121
-0.431  0.087  0.014 154 138 105
-0.429  0.089  0.016 140 142 96
-0.427  0.092  0.022 128 137 90
-0.425  0.093  0.024 120 133 81
-0.423  0.095  0.028 127 131 80
-0.421  0.097  0.030 122 128 82
-0.419  0.099  0.033 102 106 73
-0.417  0.100  0.036 95 92 63
-0.416  0.101  0.037 119 89 58
-0.414  0.103  0.039 167 125 60
-0.413  0.104  0.039 186 126 55
-0.411  0.104  0.038 198 132 52
-0.410  0.105  0.038 204 140 62
-0.408  0.106  0.038 215 147 68
-0.407  0.107  0.038 222 153 71
-0.405  0.108  0.038 215 147 63
-0.404  0.109  0.038 214 144 61
-0.402  0.110  0.038 215 147 64
-0.401  0.111  0.039 212 144 66
-0.399  0.112  0.039 208 140 66
-0.398  0.112  0.039 199 139 68
-0.397  0.113  0.039 193 134 76
-0.395  0.114  0.038 207 157 84
-0.394  0.115  0.037 213 160 86
-0.393  0.115  0.034 216 159 85
-0.391  0.115  0.032 205 154 91
-0.390  0.115  0.030 155 120 93
-0.388  0.116  0.028 126 123 88
-0.387  0.116  0.025 128 136 98
-0.386  0.116  0.023 137 149 107
-0.384  0.117  0.020 146 165 121
-0.383  0.117  0.017 159 186 141
-0.435  0.086  0.007 166 152 121
-0.433  0.088  0.010 149 134 105
-0.431  0.089  0.011 140 141 97
-0.428  0.092  0.019 133 138 89
-0.426  0.094  0.021 124 135 80
-0.424  0.096  0.025 123 132 84
-0.422  0.098  0.028 109 123 83
-0.420  0.099  0.031 95 103 67
-0.418  0.101  0.034 94 101 61
-0.417  0.103  0.036 122 105 58
-0.415  0.104  0.038 169 128 63
-0.414  0.105  0.038 185 131 58
-0.412  0.106  0.037 195 136 61
-0.411  0.106  0.037 200 148 72
-0.409  0.107  0.036 205 154 81
-0.408  0.108  0.037 210 153 73
-0.406  0.109  0.037 211 150 62
-0.405  0.110  0.037 216 149 62
-0.403  0.111  0.037 216 149 65
-0.402  0.112  0.038 217 153 69
-0.400  0.113  0.038 218 152 75
-0.399  0.114  0.039 218 158 84
-0.397  0.115  0.038 173 98 80
-0.396  0.115  0.037 166 109 75
-0.395  0.116  0.036 179 128 89
-0.394  0.115  0.031 184 132 94
-0.392  0.116  0.029 176 99 89
-0.391  0.116  0.026 159 97 83
-0.389  0.116  0.023 137 119 93
-0.388  0.117  0.021 132 139 100
-0.387  0.117  0.019 138 154 108
-0.385  0.117  0.017 149 169 124
-0.384  0.117  0.013 163 184 142
-0.436  0.086  0.001 167 151 120
-0.434  0.088  0.004 148 128 102
-0.433  0.089  0.004 140 134 95
-0.431  0.090  0.006 134 139 94
-0.429  0.092  0.009 122 134 87
-0.427  0.094  0.012 123 133 84
-0.423  0.099  0.027 100 98 76
-0.421  0.101  0.030 92 97 66
-0.419  0.102  0.033 96 107 64
-0.418  0.104  0.035 116 114 64
-0.416  0.105  0.036 165 127 63
-0.415  0.106  0.036 187 129 58
-0.413  0.107  0.036 194 132 59
-0.412  0.107  0.035 200 139 62
-0.410  0.108  0.035 202 143 62
-0.409  0.109  0.036 204 140 62
-0.407  0.110  0.036 208 145 61
-0.406  0.111  0.036 213 150 64
-0.404  0.112  0.036 217 151 65
-0.403  0.113  0.037 221 154 70
-0.401  0.114  0.037 221 163 81
-0.400  0.115  0.038 219 165 94
-0.398  0.116  0.038 175 115 89
-0.397  0.116  0.036 161 78 73
-0.396  0.117  0.034 172 83 74
-0.394  0.117  0.030 180 81 76
-0.393  0.117  0.027 181 86 77
-0.392  0.117  0.024 178 94 82
-0.390  0.117  0.021 169 104 95
-0.389  0.117  0.018 150 142 107
-0.388  0.118  0.015 146 157 117
-0.386  0.118  0.013 158 170 136
-0.385  0.118  0.010 174 183 152
-0.438  0.087  0.000 168 148 118
-0.436  0.088  0.000 155 127 99
-0.434  0.089  0.001 146 122 90
-0.432  0.091  0.004 137 139 91
-0.430  0.093  0.007 123 135 88
-0.428  0.095  0.011 118 131 86
-0.424  0.100  0.025 100 92 69
-0.422  0.102  0.028 93 91 66
-0.421  0.103  0.031 92 96 64
-0.419  0.105  0.033 104 111 64
-0.417  0.106  0.034 157 118 59
-0.416  0.107  0.034 183 127 59
-0.414  0.108  0.034 191 135 60
-0.413  0.109  0.034 196 140 60
-0.411  0.109  0.033 197 139 59
-0.410  0.110  0.034 202 140 62
-0.408  0.111  0.034 206 146 64
-0.407  0.112  0.034 210 146 64
-0.405  0.113  0.035 216 150 67
-0.404  0.114  0.035 219 154 72
-0.402  0.115  0.036 219 162 80
-0.401  0.116  0.036 216 157 81
-0.399  0.117  0.036 184 129 96
-0.398  0.117  0.034 172 81 75
-0.397  0.118  0.033 179 81 74
-0.395  0.118  0.028 184 82 78
-0.394  0.118  0.025 190 87 81
-0.393  0.118  0.021 196 96 90
-0.391  0.118  0.018 193 100 91
-0.390  0.118  0.015 173 121 100
-0.389  0.118  0.012 167 136 119
-0.387  0.119  0.010 173 153 145
-0.386  0.119  0.007 185 171 157
-0.439  0.088 -0.002 169 148 115
-0.437  0.090 -0.000 162 123 97
-0.435  0.091  0.002 152 110 90
-0.433  0.093  0.003 139 124 86
-0.431  0.095  0.006 125 138 92
-0.429  0.096  0.009 110 127 91
-0.425  0.101  0.023 101 96 68
-0.423  0.103  0.026 94 92 65
-0.422  0.104  0.029 93 91 65
-0.420  0.106  0.031 98 100 59
-0.418  0.107  0.033 125 111 62
-0.417  0.108  0.033 169 126 65
-0.415  0.109  0.034 184 131 63
-0.414  0.110  0.033 190 134 60
-0.412  0.111  0.033 194 134 62
-0.411  0.112  0.034 198 140 64
-0.409  0.113  0.033 202 144 63
-0.408  0.113  0.033 206 146 63
-0.406  0.114  0.032 211 147 69
-0.405  0.115  0.033 212 151 74
-0.403  0.116  0.033 214 155 81
-0.402  0.117  0.034 213 153 84
-0.400  0.118  0.033 185 124 94
-0.399  0.118  0.032 177 82 73
-0.398  0.119  0.031 189 90 81
-0.396  0.119  0.026 190 93 91
-0.395  0.119  0.022 198 101 97
-0.394  0.119  0.018 210 109 110
-0.392  0.119  0.015 206 100 93
-0.391  0.119  0.012 192 110 100
-0.390  0.119  0.008 185 119 116
-0.388  0.120  0.007 188 135 132
-0.387  0.120  0.004 197 160 146
-0.440  0.090 -0.004 168 145 115
-0.438  0.091 -0.002 163 123 98
-0.436  0.092 -0.001 158 109 90
-0.434  0.094  0.003 148 100 80
-0.432  0.096  0.005 131 122 85
-0.430  0.098  0.009 119 132 89
-0.427  0.102  0.020 104 105 71
-0.425  0.104  0.024 97 100 64
-0.423  0.105  0.027 97 100 67
-0.421  0.107  0.030 96 101 66
-0.419  0.109  0.033 106 103 66
-0.417  0.110  0.034 130 105 65
-0.416  0.111  0.033 159 121 62
-0.414  0.111  0.033 178 126 61
-0.413  0.112  0.033 187 131 65
-0.411  0.113  0.033 194 138 68
-0.410  0.114  0.033 199 141 67
-0.409  0.115  0.032 203 145 72
-0.407  0.115  0.031 203 147 77
-0.406  0.116  0.030 204 148 83
-0.404  0.117  0.031 198 146 89
-0.403  0.118  0.031 179 131 93
-0.401  0.119  0.030 166 95 84
-0.400  0.119  0.029 175 80 76
-0.399  0.120  0.027 185 81 82
-0.397  0.119  0.023 191 91 95
-0.396  0.119  0.019 208 131 121
-0.395  0.120  0.015 202 115 129
-0.393  0.120  0.013 207 107 101
-0.392  0.120  0.009 179 118 113
-0.391  0.120  0.007 158 143 146
-0.389  0.121  0.005 170 169 163
-0.441  0.091 -0.006 164 144 117
-0.439  0.092 -0.005 163 122 97
-0.437  0.093 -0.004 161 107 87
-0.435  0.095  0.000 156 96 80
-0.433  0.097  0.003 155 105 84
-0.431  0.099  0.006 138 120 83
-0.428  0.103  0.017 120 121 80
-0.426  0.104  0.021 109 110 74
-0.424  0.106  0.025 107 109 71
-0.422  0.108  0.029 108 105 71
-0.420  0.110  0.032 99 96 68
-0.418  0.111  0.033 127 83 62
-0.417  0.112  0.033 130 103 68
-0.415  0.113  0.032 133 126 70
-0.414  0.113  0.031 141 130 74
-0.412  0.114  0.031 154 131 83
-0.411  0.115  0.030 170 110 75
-0.410  0.115  0.029 189 114 80
-0.408  0.116  0.028 196 110 87
-0.407  0.117  0.028 182 95 85
-0.405  0.118  0.028 146 87 84
-0.404  0.119  0.028 152 84 81
-0.402  0.119  0.027 162 84 82
-0.401  0.120  0.026 172 81 80
-0.400  0.120  0.024 180 83 84
-0.398  0.120  0.019 186 89 94
-0.397  0.120  0.016 197 93 96
-0.396  0.120  0.012 199 99 99
-0.394  0.121  0.010 200 104 104
-0.393  0.121  0.006 153 132 131
-0.392  0.121  0.004 139 157 164
-0.390  0.122  0.002 164 181 175
-0.442  0.092 -0.006 165 145 116
-0.440  0.094 -0.005 161 120 94
-0.438  0.095 -0.004 160 108 90
-0.436  0.097 -0.001 157 95 81
-0.434  0.098  0.002 159 86 78
-0.432  0.100  0.005 153 83 73
-0.429  0.103  0.014 150 100 78
-0.427  0.105  0.018 134 110 87
-0.425  0.107  0.022 109 97 79
-0.423  0.109  0.026 94 87 79
-0.421  0.111  0.029 92 81 80
-0.419  0.112  0.031 125 77 66
-0.418  0.113  0.031 132 79 65
-0.416  0.114  0.031 125 112 72
-0.415  0.114  0.030 133 152 91
-0.414  0.115  0.029 148 146 105
-0.412  0.116  0.028 166 74 72
-0.411  0.116  0.026 181 81 84
-0.409  0.117  0.025 196 124 112
-0.408  0.118  0.025 179 86 90
-0.406  0.119  0.025 119 92 100
-0.405  0.119  0.024 115 100 102
-0.404  0.120  0.023 145 95 97
-0.402  0.121  0.024 164 85 90
-0.401  0.121  0.021 176 87 85
-0.399  0.121  0.017 183 92 89
-0.398  0.121  0.013 189 89 92
-0.397  0.121  0.010 191 99 99
-0.395  0.122  0.007 172 116 119
-0.394  0.122  0.004 133 144 153
-0.393  0.122 -0.000 134 161 169
-0.391  0.123 -0.001 164 180 175
-0.443  0.094 -0.006 164 142 115
-0.441  0.095 -0.005 162 119 95
-0.439  0.097 -0.003 162 110 91
-0.437  0.098 -0.001 160 92 78
-0.435  0.100  0.002 160 86 74
-0.433  0.102  0.005 158 79 73
-0.430  0.104  0.012 160 84 78
-0.428  0.106  0.015 148 81 75
-0.426  0.108  0.019 105 76 74
-0.424  0.110  0.023 86 79 88
-0.422  0.112  0.027 88 84 91
-0.420  0.113  0.029 110 82 77
-0.419  0.114  0.029 133 73 66
-0.417  0.115  0.029 139 77 66
-0.416  0.115  0.028 141 116 87
-0.415  0.116  0.026 148 92 91
-0.413  0.116  0.024 168 68 66
-0.412  0.117  0.023 180 77 75
-0.410  0.118  0.022 188 83 89
-0.409  0.118  0.022 157 99 104
-0.408  0.119  0.021 108 116 127
-0.406  0.120  0.021 98 128 140
-0.405  0.121  0.020 112 128 145
-0.403  0.122  0.021 128 122 132
-0.402  0.122  0.018 146 111 124
-0.400  0.122  0.015 158 107 124
-0.399  0.122  0.011 162 110 127
-0.398  0.123  0.007 155 134 135
-0.396  0.123  0.005 135 140 154
-0.395  0.123  0.001 128 151 164
-0.394  0.123 -0.002 137 162 168
-0.392  0.124 -0.005 164 180 170
-0.444  0.095 -0.008 164 140 114
-0.442  0.096 -0.007 160 125 96
-0.440  0.098 -0.004 166 115 92
-0.438  0.100 -0.002 161 97 82
-0.436  0.101  0.001 160 89 76
-0.434  0.103  0.004 163 82 72
-0.432  0.105  0.009 157 79 70
-0.430  0.107  0.012 124 80 71
-0.428  0.109  0.015 96 84 81
-0.425  0.111  0.019 87 83 89
-0.424  0.112  0.022 92 84 85
-0.422  0.113  0.023 101 92 86
-0.420  0.114  0.023 107 82 77
-0.419  0.115  0.024 130 74 63
-0.417  0.116  0.022 148 76 69
-0.416  0.116  0.022 156 71 67
-0.414  0.117  0.021 168 71 66
-0.413  0.118  0.020 179 76 74
-0.412  0.119  0.020 162 91 94
-0.410  0.119  0.019 120 115 126
-0.409  0.120  0.019 104 140 152
-0.407  0.121  0.018 120 159 172
-0.406  0.122  0.017 116 164 179
-0.404  0.123  0.017 106 160 184
-0.403  0.123  0.014 111 163 193
-0.401  0.123  0.013 129 168 203
-0.400  0.123  0.009 128 176 203
-0.399  0.124  0.005 123 176 197
-0.398  0.124  0.002 121 162 181
-0.396  0.124 -0.001 126 161 176
-0.395  0.124 -0.008 140 164 170
-0.445  0.096 -0.010 164 142 115
-0.443  0.098 -0.009 151 129 101
-0.441  0.099 -0.006 141 113 97
-0.439  0.101 -0.004 143 103 84
-0.437  0.102 -0.001 155 96 76
-0.435  0.104  0.002 159 90 71
-0.433  0.106  0.005 146 83 71
-0.431  0.107  0.008 108 81 73
-0.429  0.109  0.011 91 78 74
-0.427  0.111  0.015 89 76 70
-0.425  0.112  0.016 94 77 69
-0.424  0.113  0.017 120 80 69
-0.422  0.114  0.017 114 80 65
-0.420  0.115  0.018 108 82 66
-0.419  0.116  0.017 118 88 69
-0.417  0.117  0.017 126 91 71
-0.416  0.118  0.018 130 90 79
-0.414  0.119  0.018 127 98 93
-0.413  0.120  0.017 114 109 114
-0.411  0.120  0.016 97 133 143
-0.410  0.121  0.016 96 147 167
-0.408  0.122  0.015 103 161 181
-0.407  0.122  0.014 103 168 189
-0.405  0.123  0.014 100 171 204
-0.404  0.124  0.011 130 189 226
-0.403  0.124  0.009 149 218 248
-0.401  0.124  0.006 122 192 230
-0.400  0.125  0.002 116 186 215
-0.399  0.125 -0.001 122 175 195
-0.397  0.125 -0.004 129 176 191
-0.396  0.124 -0.013 142 176 182
-0.447  0.097 -0.012 163 144 119
-0.445  0.099 -0.011 144 133 104
-0.443  0.100 -0.009 126 114 101
-0.441  0.102 -0.006 122 104 93
-0.439  0.103 -0.004 124 93 79
-0.436  0.105 -0.001 146 87 72
-0.434  0.107  0.002 150 89 72
-0.432  0.108  0.005 138 86 70
-0.430  0.110  0.008 116 81 69
-0.428  0.112  0.011 98 76 68
-0.426  0.113  0.013 128 75 64
-0.425  0.114  0.014 152 85 64
-0.423  0.115  0.015 151 82 62
-0.421  0.116  0.016 136 82 61
-0.420  0.117  0.015 111 91 66
-0.418  0.118  0.014 107 106 80
-0.417  0.119  0.016 104 102 94
-0.415  0.120  0.016 99 113 113
-0.414  0.121  0.015 89 122 130
-0.412  0.121  0.014 87 139 152
-0.411  0.122  0.014 90 149 173
-0.409  0.123  0.013 95 162 186
-0.408  0.124  0.011 102 169 197
-0.406  0.124  0.012 102 178 214
-0.405  0.125  0.009 117 196 238
-0.404  0.125  0.006 119 192 232
-0.402  0.125  0.002 112 185 222
-0.401  0.126 -0.001 120 185 209
-0.400  0.126 -0.005 128 153 164
-0.398  0.126 -0.009 139 158 167
-0.397  0.125 -0.019 150 159 167
-0.448  0.098 -0.016 161 142 117
-0.446  0.099 -0.015 147 132 103
-0.444  0.101 -0.012 124 113 104
-0.442  0.103 -0.010 113 105 95
-0.440  0.104 -0.007 106 94 85
-0.438  0.106 -0.004 113 85 78
-0.436  0.108 -0.001 123 86 71
-0.434  0.109  0.002 146 86 71
-0.432  0.111  0.005 149 86 68
-0.430  0.113  0.008 143 82 67
-0.428  0.114  0.009 167 87 64
-0.426  0.115  0.011 179 89 65
-0.424  0.116  0.013 179 87 63
-0.422  0.117  0.014 171 85 60
-0.421  0.118  0.012 148 84 62
-0.419  0.119  0.013 116 94 71
-0.418  0.120  0.013 106 100 86
-0.416  0.121  0.013 103 109 109
-0.415  0.122  0.012 94 124 132
-0.413  0.123  0.012 89 137 153
-0.412  0.123  0.012 90 149 171
-0.410  0.124  0.011 93 160 184
-0.409  0.125  0.010 97 165 195
-0.407  0.126  0.010 97 171 203
-0.406  0.126  0.007 100 177 212
-0.405  0.126  0.004 100 181 215
-0.403  0.126 -0.000 107 181 216
-0.402  0.127 -0.004 113 169 198
-0.401  0.126 -0.009 123 137 159
-0.400  0.127 -0.012 139 155 170
-0.399  0.125 -0.024 159 158 160
-0.450  0.099 -0.019 162 142 117
-0.448  0.100 -0.018 145 136 106
-0.446  0.102 -0.016 124 115 106
-0.443  0.104 -0.012 112 105 98
-0.441  0.105 -0.010 105 96 91
-0.439  0.107 -0.007 100 90 81
-0.437  0.109 -0.004 102 84 74
-0.435  0.110 -0.001 115 83 74
-0.433  0.112  0.001 141 82 68
-0.431  0.113  0.004 175 88 65
-0.429  0.115  0.006 190 94 66
-0.427  0.116  0.009 193 94 64
-0.425  0.117  0.010 197 92 63
-0.424  0.118  0.011 190 90 65
-0.422  0.119  0.010 175 85 63
-0.421  0.120  0.010 147 86 68
-0.419  0.121  0.010 117 87 74
-0.418  0.122  0.009 104 91 91
-0.416  0.123  0.010 106 110 117
-0.414  0.124  0.010 99 130 143
-0.413  0.124  0.009 95 142 163
-0.411  0.125  0.009 95 152 177
-0.410  0.126  0.007 96 160 188
-0.408  0.127  0.008 95 167 196
-0.407  0.127  0.004 96 170 202
-0.406  0.127  0.001 100 176 205
-0.405  0.127 -0.003 114 178 199
-0.403  0.127 -0.008 115 146 170
-0.402  0.127 -0.013 123 129 147
-0.401  0.127 -0.018 138 144 155
-0.400  0.126 -0.029 166 162 158
-0.451  0.100 -0.023 157 144 119
-0.449  0.101 -0.021 141 139 116
-0.447  0.103 -0.018 125 124 114
-0.445  0.105 -0.015 113 112 102
-0.443  0.106 -0.013 104 102 93
-0.440  0.108 -0.010 104 92 86
-0.438  0.110 -0.007 105 87 77
-0.436  0.111 -0.004 115 81 73
-0.434  0.113 -0.002 145 77 67
-0.432  0.114  0.000 184 99 70
-0.430  0.115  0.003 197 99 68
-0.428  0.117  0.005 205 93 65
-0.427  0.118  0.006 217 100 70
-0.425  0.119  0.007 210 104 77
-0.423  0.120  0.008 196 90 70
-0.422  0.121  0.008 179 86 66
-0.420  0.122  0.008 123 81 69
-0.419  0.123  0.008 114 77 77
-0.417  0.124  0.009 123 83 84
-0.415  0.125  0.008 128 99 108
-0.414  0.125  0.007 114 124 136
-0.413  0.126  0.006 108 140 157
-0.411  0.127  0.005 109 156 173
-0.410  0.128  0.004 106 161 180
-0.408  0.128  0.001 108 164 185
-0.407  0.128 -0.002 111 167 187
-0.406  0.128 -0.007 114 143 172
-0.405  0.128 -0.011 116 129 153
-0.404  0.128 -0.021 127 136 152
-0.402  0.128 -0.024 142 146 156
-0.401  0.127 -0.035 176 170 158
-0.453  0.101 -0.026 151 144 121
-0.451  0.102 -0.024 138 139 116
-0.448  0.104 -0.021 121 130 120
-0.446  0.106 -0.018 110 116 108
-0.444  0.107 -0.015 107 105 94
-0.442  0.109 -0.013 111 92 80
-0.440  0.111 -0.010 128 88 72
-0.438  0.112 -0.007 140 84 66
-0.436  0.114 -0.005 164 88 65
-0.434  0.115 -0.003 188 92 66
-0.432  0.116  0.000 198 91 64
-0.430  0.118  0.002 206 91 62
-0.428  0.119  0.004 216 96 66
-0.426  0.120  0.006 216 98 77
-0.424  0.122  0.007 226 102 81
-0.423  0.122  0.006 209 99 75
-0.421  0.123  0.006 132 85 74
-0.420  0.124  0.006 125 72 73
-0.418  0.125  0.006 143 76 73
-0.417  0.126  0.006 166 86 86
-0.415  0.126  0.004 166 96 100
-0.414  0.127  0.003 156 99 108
-0.412  0.128  0.002 135 112 125
-0.411  0.129  0.001 126 119 136
-0.409  0.129 -0.003 147 119 139
-0.408  0.129 -0.006 126 125 144
-0.407  0.128 -0.015 120 132 150
-0.406  0.128 -0.020 120 125 145
-0.405  0.128 -0.026 128 135 155
-0.404  0.128 -0.032 150 150 157
-0.454  0.102 -0.028 153 145 120
-0.452  0.104 -0.026 136 133 108
-0.450  0.105 -0.023 123 126 115
-0.447  0.107 -0.020 112 120 107
-0.445  0.109 -0.017 106 102 92
-0.443  0.110 -0.015 134 92 75
-0.441  0.112 -0.012 151 90 70
-0.439  0.113 -0.010 156 88 67
-0.437  0.115 -0.007 174 91 65
-0.435  0.116 -0.005 186 92 68
-0.433  0.118 -0.002 196 92 62
-0.431  0.119  0.001 205 93 61
-0.429  0.120  0.001 213 94 63
-0.427  0.121  0.003 223 99 76
-0.426  0.123  0.004 231 128 99
-0.424  0.124  0.004 218 107 84
-0.422  0.124  0.004 149 84 76
-0.421  0.125  0.003 146 75 73
-0.419  0.126  0.003 146 75 70
-0.418  0.127  0.003 156 83 77
-0.416  0.127  0.001 173 85 82
-0.415  0.128 -0.000 173 89 87
-0.414  0.129 -0.003 155 93 93
-0.413  0.128 -0.011 144 93 96
-0.412  0.128 -0.015 175 101 106
-0.410  0.128 -0.019 139 115 128
-0.409  0.128 -0.024 141 125 143
-0.408  0.128 -0.029 135 126 138
-0.406  0.129 -0.034 136 136 147
-0.405  0.129 -0.039 162 156 152
-0.455  0.103 -0.030 157 148 117
-0.453  0.105 -0.028 139 132 101
-0.451  0.107 -0.025 126 121 100
-0.449  0.108 -0.022 114 108 96
-0.446  0.110 -0.019 106 97 88
-0.444  0.111 -0.017 149 96 79
-0.442  0.113 -0.015 162 93 71
-0.440  0.114 -0.012 168 90 70
-0.438  0.116 -0.010 185 98 72
-0.436  0.117 -0.007 185 95 73
-0.434  0.119 -0.004 193 94 67
-0.432  0.120 -0.001 202 89 64
-0.430  0.121 -0.000 210 93 66
-0.428  0.123  0.001 223 95 69
-0.427  0.124  0.002 231 106 80
-0.425  0.124  0.001 216 95 77
-0.424  0.125  0.001 188 89 72
-0.422  0.126  0.000 179 83 74
-0.421  0.127 -0.000 156 77 72
-0.419  0.128 -0.001 147 79 73
-0.418  0.128 -0.002 157 83 79
-0.416  0.129 -0.004 161 86 85
-0.415  0.129 -0.010 158 89 86
-0.414  0.129 -0.015 156 88 88
-0.413  0.129 -0.019 183 102 103
-0.411  0.129 -0.023 148 119 126
-0.410  0.129 -0.028 176 131 128
-0.409  0.129 -0.034 186 137 127
-0.408  0.129 -0.039 171 141 141
-0.406  0.130 -0.042 184 159 149
-0.457  0.105 -0.032 157 151 116
-0.454  0.106 -0.029 144 136 99
-0.452  0.108 -0.026 129 126 96
-0.450  0.110 -0.023 113 105 96
-0.448  0.111 -0.021 106 97 92
-0.446  0.112 -0.020 148 93 83
-0.443  0.114 -0.017 167 95 73
-0.441  0.115 -0.015 174 90 69
-0.439  0.117 -0.012 185 103 74
-0.437  0.118 -0.010 186 98 76
-0.435  0.120 -0.006 191 95 72
-0.433  0.121 -0.004 195 90 65
-0.431  0.123 -0.003 192 90 64
-0.430  0.124 -0.002 204 92 66
-0.428  0.125 -0.002 217 88 69
-0.426  0.126 -0.001 221 90 69
-0.425  0.126 -0.002 223 95 73
-0.423  0.127 -0.003 212 93 77
-0.422  0.128 -0.003 179 81 76
-0.420  0.129 -0.005 155 83 78
-0.419  0.129 -0.006 151 85 81
-0.417  0.130 -0.008 154 87 84
-0.416  0.130 -0.010 160 90 86
-0.415  0.130 -0.018 177 90 92
-0.414  0.130 -0.021 165 108 115
-0.413  0.130 -0.026 149 125 137
-0.412  0.130 -0.032 204 150 131
-0.410  0.130 -0.038 218 142 119
-0.409  0.130 -0.043 196 141 131
-0.458  0.106 -0.035 158 153 117
-0.456  0.108 -0.031 147 141 99
-0.453  0.109 -0.029 132 130 97
-0.451  0.111 -0.026 115 105 100
-0.449  0.112 -0.024 103 97 97
-0.447  0.113 -0.022 128 91 87
-0.445  0.115 -0.020 164 94 74
-0.443  0.116 -0.018 177 92 68
-0.441  0.118 -0.015 182 94 69
-0.439  0.119 -0.013 187 95 72
-0.436  0.121 -0.010 193 100 73
-0.434  0.122 -0.007 184 96 73
-0.433  0.123 -0.006 172 77 64
-0.431  0.125 -0.005 189 84 63
-0.429  0.126 -0.005 209 85 67
-0.428  0.127 -0.005 223 93 76
-0.426  0.127 -0.006 243 105 84
-0.425  0.128 -0.006 230 107 92
-0.423  0.129 -0.007 169 86 86
-0.422  0.129 -0.009 151 88 85
-0.420  0.130 -0.010 162 91 86
-0.419  0.131 -0.012 169 91 87
-0.417  0.131 -0.015 177 92 88
-0.417  0.131 -0.022 168 100 101
-0.415  0.131 -0.026 141 112 127
-0.414  0.131 -0.031 171 127 142
-0.413  0.131 -0.039 218 154 140
-0.412  0.131 -0.042 225 144 119
-0.410  0.131 -0.048 206 143 128
-0.459  0.107 -0.036 157 149 114
-0.457  0.109 -0.033 149 145 99
-0.454  0.111 -0.030 133 133 98
-0.452  0.112 -0.028 116 113 100
-0.450  0.113 -0.026 101 98 100
-0.448  0.115 -0.024 105 93 95
-0.446  0.116 -0.023 130 94 87
-0.444  0.117 -0.021 168 96 74
-0.442  0.119 -0.019 181 93 69
-0.440  0.120 -0.016 187 96 70
-0.438  0.122 -0.013 190 97 73
-0.436  0.123 -0.011 148 94 85
-0.434  0.124 -0.010 139 77 77
-0.432  0.126 -0.009 176 80 69
-0.431  0.127 -0.008 208 87 65
-0.429  0.128 -0.007 225 95 69
-0.427  0.128 -0.008 241 107 82
-0.426  0.129 -0.010 211 117 97
-0.424  0.130 -0.011 138 104 113
-0.423  0.130 -0.012 128 96 94
-0.422  0.131 -0.015 154 101 91
-0.420  0.132 -0.017 171 97 89
-0.419  0.132 -0.020 185 98 88
-0.418  0.132 -0.026 150 110 105
-0.416  0.132 -0.029 131 121 130
-0.415  0.132 -0.035 192 133 124
-0.414  0.132 -0.043 226 142 119
-0.413  0.132 -0.048 222 140 117
-0.412  0.132 -0.052 208 148 129
-0.461  0.108 -0.039 156 148 113
-0.458  0.110 -0.034 150 145 100
-0.456  0.112 -0.031 137 136 97
-0.454  0.113 -0.030 125 124 98
-0.452  0.114 -0.029 111 105 96
-0.450  0.116 -0.027 103 95 94
-0.448  0.117 -0.025 106 93 94
-0.446  0.118 -0.024 137 89 82
-0.444  0.120 -0.022 166 90 70
-0.441  0.121 -0.019 180 96 72
-0.439  0.123 -0.016 167 101 79
-0.437  0.124 -0.014 117 94 102
-0.435  0.125 -0.013 111 91 105
-0.434  0.127 -0.012 132 87 91
-0.432  0.128 -0.011 172 90 78
-0.430  0.129 -0.011 203 99 74
-0.429  0.129 -0.012 217 104 80
-0.427  0.130 -0.013 187 120 108
-0.426  0.131 -0.015 127 122 144
-0.424  0.131 -0.017 115 104 112
-0.423  0.132 -0.019 131 106 97
-0.422  0.132 -0.021 162 102 91
-0.420  0.133 -0.023 187 104 89
-0.419  0.133 -0.028 175 111 102
-0.418  0.134 -0.031 173 119 120
-0.417  0.133 -0.037 211 130 108
-0.416  0.133 -0.046 223 138 113
-0.414  0.133 -0.051 216 138 120
-0.413  0.134 -0.055 208 157 136
-0.462  0.110 -0.040 152 146 117
-0.459  0.112 -0.035 149 142 102
-0.457  0.113 -0.033 141 141 99
-0.455  0.115 -0.032 137 130 93
-0.453  0.116 -0.031 134 103 83
-0.451  0.117 -0.029 127 96 81
-0.449  0.118 -0.028 122 93 81
-0.447  0.119 -0.028 130 89 77
-0.445  0.121 -0.024 151 85 72
-0.443  0.122 -0.023 167 87 72
-0.441  0.124 -0.019 161 88 79
-0.439  0.125 -0.017 136 87 96
-0.437  0.126 -0.016 113 93 112
-0.435  0.128 -0.015 101 94 111
-0.433  0.129 -0.014 118 90 102
-0.432  0.130 -0.014 144 94 91
-0.430  0.130 -0.015 181 96 81
-0.429  0.131 -0.016 191 110 92
-0.427  0.132 -0.018 174 119 115
-0.426  0.132 -0.020 137 113 122
-0.424  0.133 -0.021 119 115 114
-0.423  0.134 -0.023 143 118 99
-0.421  0.134 -0.026 172 120 96
-0.420  0.134 -0.030 192 115 98
-0.419  0.135 -0.033 207 118 104
-0.418  0.135 -0.040 220 128 105
-0.417  0.134 -0.048 218 138 123
-0.416  0.135 -0.054 212 137 126
-0.414  0.135 -0.058 209 162 141
-0.463  0.111 -0.042 152 144 118
-0.460  0.114 -0.036 146 138 104
-0.458  0.115 -0.035 144 140 101
-0.456  0.116 -0.034 146 118 87
-0.454  0.117 -0.032 149 101 76
-0.452  0.118 -0.031 144 95 73
-0.450  0.120 -0.030 137 92 73
-0.448  0.121 -0.030 133 90 73
-0.446  0.122 -0.027 149 85 76
-0.444  0.124 -0.025 165 86 75
-0.442  0.125 -0.021 171 85 81
-0.440  0.127 -0.019 175 98 95
-0.438  0.128 -0.018 132 87 94
-0.436  0.129 -0.017 94 89 102
-0.434  0.130 -0.017 90 89 104
-0.433  0.131 -0.017 97 91 105
-0.431  0.132 -0.018 125 90 99
-0.430  0.132 -0.019 152 101 96
-0.428  0.133 -0.021 188 112 105
-0.427  0.133 -0.023 147 123 131
-0.425  0.134 -0.024 114 123 129
-0.424  0.135 -0.026 125 133 103
-0.423  0.135 -0.029 146 141 104
-0.421  0.136 -0.033 177 153 113
-0.420  0.136 -0.036 192 143 117
-0.419  0.136 -0.043 203 122 108
-0.418  0.136 -0.052 208 127 121
-0.417  0.136 -0.058 209 138 128
-0.416  0.136 -0.062 208 166 142
-0.464  0.113 -0.044 157 143 115
-0.462  0.115 -0.039 143 135 103
-0.459  0.116 -0.037 135 137 105
-0.457  0.117 -0.036 136 115 88
-0.455  0.119 -0.035 150 103 77
-0.453  0.120 -0.033 151 96 72
-0.452  0.121 -0.033 144 94 72
-0.450  0.122 -0.033 132 94 75
-0.448  0.123 -0.030 142 101 81
-0.445  0.125 -0.027 163 86 78
-0.443  0.127 -0.023 178 84 80
-0.441  0.128 -0.021 179 95 92
-0.439  0.129 -0.020 128 99 87
-0.437  0.130 -0.020 90 89 97
-0.436  0.131 -0.019 85 88 95
-0.434  0.132 -0.019 86 91 99
-0.433  0.133 -0.021 93 91 104
-0.431  0.133 -0.022 110 98 118
-0.430  0.134 -0.024 144 117 135
-0.428  0.135 -0.026 126 126 146
-0.427  0.135 -0.028 110 129 135
-0.425  0.136 -0.030 121 143 107
-0.424  0.136 -0.033 132 164 118
-0.423  0.137 -0.036 161 192 144
-0.421  0.137 -0.039 172 178 136
-0.420  0.137 -0.046 186 122 112
-0.420  0.137 -0.056 198 124 117
-0.418  0.137 -0.062 206 141 129
-0.417  0.137 -0.067 210 173 144
-0.470  0.111 -0.057 172 151 115
-0.466  0.113 -0.048 160 141 112
-0.463  0.116 -0.042 144 141 101
-0.461  0.117 -0.041 133 138 103
-0.459  0.118 -0.039 129 121 91
-0.457  0.120 -0.038 151 104 79
-0.455  0.121 -0.036 147 98 76
-0.453  0.122 -0.036 135 92 73
-0.451  0.123 -0.036 126 97 79
-0.449  0.124 -0.033 131 129 90
-0.447  0.126 -0.030 142 116 87
-0.445  0.128 -0.027 154 114 88
-0.443  0.129 -0.025 149 124 94
-0.441  0.130 -0.024 120 130 98
-0.439  0.131 -0.023 96 117 111
-0.437  0.132 -0.022 87 91 103
-0.435  0.133 -0.023 86 93 102
-0.434  0.134 -0.025 86 96 113
-0.432  0.134 -0.025 94 108 138
-0.431  0.135 -0.027 105 120 151
-0.430  0.136 -0.029 108 126 151
-0.428  0.136 -0.031 108 133 135
-0.427  0.137 -0.033 124 151 113
-0.425  0.138 -0.036 134 176 125
-0.424  0.138 -0.039 151 199 149
-0.423  0.138 -0.043 166 192 143
-0.422  0.138 -0.052 181 125 116
-0.421  0.138 -0.061 193 129 119
-0.420  0.138 -0.067 201 152 134
-0.474  0.110 -0.066 176 149 111
-0.472  0.112 -0.062 170 145 109
-0.468  0.114 -0.053 160 140 110
-0.465  0.117 -0.045 146 146 99
-0.463  0.118 -0.044 136 141 97
-0.460  0.120 -0.042 132 125 89
-0.458  0.121 -0.041 154 103 78
-0.456  0.122 -0.039 136 103 78
-0.455  0.123 -0.039 116 94 76
-0.453  0.124 -0.039 113 100 82
-0.451  0.126 -0.037 123 142 92
-0.448  0.127 -0.034 125 139 93
-0.446  0.129 -0.030 128 145 96
-0.444  0.130 -0.028 127 153 102
-0.442  0.131 -0.027 127 163 119
-0.440  0.132 -0.027 117 163 142
-0.438  0.133 -0.026 105 127 120
-0.437  0.134 -0.026 94 105 114
-0.435  0.135 -0.028 88 105 129
-0.434  0.136 -0.029 91 117 144
-0.432  0.136 -0.030 96 127 156
-0.431  0.137 -0.032 104 141 160
-0.429  0.138 -0.033 117 142 142
-0.428  0.138 -0.036 130 153 118
-0.427  0.139 -0.039 137 176 124
-0.425  0.139 -0.043 148 193 138
-0.424  0.140 -0.047 163 177 139
-0.423  0.139 -0.059 182 131 119
-0.423  0.139 -0.067 191 145 128
-0.479  0.109 -0.074 177 148 112
-0.476  0.111 -0.069 169 140 107
-0.473  0.113 -0.065 167 141 106
-0.470  0.116 -0.055 155 142 108
-0.466  0.118 -0.048 144 145 96
-0.464  0.120 -0.046 137 142 95
-0.462  0.121 -0.044 145 122 86
-0.460  0.122 -0.043 158 104 76
-0.458  0.123 -0.041 124 105 81
-0.456  0.124 -0.042 102 101 85
-0.454  0.125 -0.041 103 108 90
-0.452  0.127 -0.039 119 141 94
-0.450  0.128 -0.037 118 143 95
-0.447  0.130 -0.033 118 155 98
-0.445  0.131 -0.032 121 163 106
-0.444  0.132 -0.031 131 178 123
-0.442  0.133 -0.030 133 186 142
-0.440  0.134 -0.030 123 167 130
-0.438  0.135 -0.030 104 126 116
-0.437  0.136 -0.031 95 122 132
-0.435  0.137 -0.032 100 129 147
-0.434  0.138 -0.033 101 146 170
-0.432  0.138 -0.035 105 165 186
-0.431  0.139 -0.036 137 151 167
-0.429  0.140 -0.038 146 144 117
-0.428  0.140 -0.043 137 165 126
-0.427  0.140 -0.047 142 186 144
-0.425  0.141 -0.051 161 155 140
-0.425  0.140 -0.063 183 137 126
-0.484  0.108 -0.081 178 149 111
-0.481  0.110 -0.078 170 141 107
-0.478  0.112 -0.073 164 135 102
-0.475  0.114 -0.067 162 139 103
-0.471  0.117 -0.058 150 144 105
-0.468  0.119 -0.050 140 140 93
-0.465  0.121 -0.048 136 136 93
-0.463  0.122 -0.046 156 115 86
-0.461  0.123 -0.045 153 105 79
-0.459  0.125 -0.044 114 106 88
-0.457  0.126 -0.044 98 110 101
-0.455  0.127 -0.043 99 116 104
-0.453  0.128 -0.042 112 138 104
-0.451  0.129 -0.040 116 146 99
-0.449  0.131 -0.036 118 154 98
-0.447  0.132 -0.034 122 165 106
-0.445  0.133 -0.034 130 179 118
-0.443  0.134 -0.033 138 185 128
-0.441  0.135 -0.032 128 172 127
-0.440  0.136 -0.033 114 144 117
-0.438  0.137 -0.034 102 132 128
-0.436  0.138 -0.035 104 137 147
-0.435  0.139 -0.036 102 159 182
-0.433  0.140 -0.037 112 185 209
-0.432  0.140 -0.038 163 153 179
-0.431  0.141 -0.042 176 134 121
-0.429  0.141 -0.047 141 151 143
-0.428  0.141 -0.051 130 175 170
-0.427  0.142 -0.055 142 154 165
-0.426  0.141 -0.067 169 146 146
-0.485  0.109 -0.085 172 145 109
-0.483  0.111 -0.080 164 137 101
-0.479  0.113 -0.075 161 133 97
-0.476  0.116 -0.070 159 135 99
-0.472  0.118 -0.060 147 142 103
-0.469  0.121 -0.053 137 137 92
-0.467  0.122 -0.051 135 133 91
-0.465  0.123 -0.049 151 116 86
-0.462  0.125 -0.047 135 106 84
-0.460  0.126 -0.046 107 113 100
-0.459  0.127 -0.046 96 119 118
-0.457  0.128 -0.045 102 125 120
-0.455  0.129 -0.044 111 141 124
-0.452  0.131 -0.042 110 147 114
-0.450  0.132 -0.038 115 151 106
-0.448  0.133 -0.037 122 159 107
-0.446  0.135 -0.037 135 179 115
-0.445  0.136 -0.036 127 159 118
-0.443  0.137 -0.035 116 146 117
-0.441  0.138 -0.036 109 132 115
-0.439  0.138 -0.037 103 120 121
-0.438  0.139 -0.038 107 131 141
-0.436  0.140 -0.040 111 156 178
-0.435  0.141 -0.042 138 174 196
-0.433  0.141 -0.043 201 148 153
-0.432  0.142 -0.046 205 138 131
-0.431  0.142 -0.052 145 146 161
-0.430  0.142 -0.056 120 163 182
-0.428  0.143 -0.060 122 164 188
-0.428  0.142 -0.073 145 156 165
-0.427  0.142 -0.081 163 171 168
-0.487  0.111 -0.087 168 142 107
-0.484  0.113 -0.083 161 135 98
-0.481  0.115 -0.078 159 131 96
-0.478  0.117 -0.073 157 131 98
-0.474  0.120 -0.063 146 133 102
-0.471  0.122 -0.057 136 131 93
-0.468  0.123 -0.054 134 136 93
-0.466  0.125 -0.052 133 124 91
-0.464  0.126 -0.050 113 105 90
-0.462  0.127 -0.049 104 119 110
-0.460  0.128 -0.049 96 127 128
-0.458  0.130 -0.047 103 133 134
-0.456  0.131 -0.046 106 144 144
-0.454  0.132 -0.044 100 144 138
-0.452  0.134 -0.041 102 141 122
-0.450  0.135 -0.040 114 146 110
-0.448  0.136 -0.040 139 180 115
-0.446  0.137 -0.039 111 129 112
-0.444  0.138 -0.039 98 115 108
-0.442  0.139 -0.040 95 108 112
-0.441  0.139 -0.041 98 104 115
-0.439  0.140 -0.042 120 115 122
-0.438  0.141 -0.043 146 133 137
-0.436  0.142 -0.046 179 139 142
-0.435  0.142 -0.048 231 139 118
-0.434  0.143 -0.051 214 144 131
-0.432  0.143 -0.056 143 140 159
-0.431  0.144 -0.060 116 150 168
-0.430  0.144 -0.064 116 163 185
-0.429  0.144 -0.076 136 161 171
-0.428  0.144 -0.084 158 175 173
-0.489  0.112 -0.091 166 140 106
-0.486  0.114 -0.085 160 135 99
-0.483  0.116 -0.082 157 130 96
-0.480  0.118 -0.076 155 129 98
-0.475  0.121 -0.066 145 124 102
-0.472  0.123 -0.060 135 122 93
-0.470  0.125 -0.058 131 137 96
-0.468  0.126 -0.055 117 127 94
-0.465  0.127 -0.053 103 101 92
-0.463  0.129 -0.052 102 116 111
-0.462  0.130 -0.052 97 133 131
-0.459  0.131 -0.050 96 138 143
-0.457  0.132 -0.049 95 144 156
-0.455  0.133 -0.047 94 146 156
-0.453  0.135 -0.045 94 138 139
-0.451  0.136 -0.044 104 137 117
-0.449  0.137 -0.044 136 179 117
-0.447  0.138 -0.043 107 133 121
-0.446  0.139 -0.043 93 102 110
-0.444  0.140 -0.043 91 107 120
-0.442  0.141 -0.045 98 107 127
-0.441  0.141 -0.046 121 114 122
-0.439  0.142 -0.047 160 114 109
-0.438  0.143 -0.050 200 120 101
-0.436  0.144 -0.052 223 131 108
-0.435  0.144 -0.056 186 137 128
-0.434  0.144 -0.060 131 131 146
-0.433  0.145 -0.065 114 143 160
-0.431  0.145 -0.070 115 158 178
-0.431  0.145 -0.081 138 169 178
-0.430  0.145 -0.089 161 176 173
-0.490  0.114 -0.091 168 142 107
-0.487  0.116 -0.087 163 137 103
-0.484  0.118 -0.082 155 131 99
-0.481  0.120 -0.077 152 130 99
-0.477  0.122 -0.070 144 124 101
-0.474  0.124 -0.063 134 118 93
-0.471  0.126 -0.060 128 135 98
-0.469  0.127 -0.058 112 123 96
-0.467  0.129 -0.056 101 101 92
-0.465  0.130 -0.054 101 110 105
-0.463  0.131 -0.054 100 135 125
-0.461  0.132 -0.053 97 140 141
-0.459  0.133 -0.052 99 146 155
-0.457  0.135 -0.050 99 149 159
-0.455  0.136 -0.049 98 142 145
-0.453  0.137 -0.048 100 131 119
-0.451  0.138 -0.047 130 172 115
-0.449  0.139 -0.047 113 153 133
-0.447  0.140 -0.048 95 103 116
-0.446  0.141 -0.047 89 110 130
-0.444  0.142 -0.048 100 120 146
-0.442  0.143 -0.050 110 131 155
-0.441  0.143 -0.050 131 124 134
-0.439  0.144 -0.054 168 129 121
-0.438  0.145 -0.056 173 126 122
-0.437  0.145 -0.060 137 125 136
-0.435  0.146 -0.065 113 133 151
-0.434  0.146 -0.070 117 155 168
-0.433  0.146 -0.075 127 170 180
-0.432  0.146 -0.085 147 177 182
-0.488  0.118 -0.087 168 140 105
-0.485  0.120 -0.083 158 134 100
-0.482  0.122 -0.078 152 130 100
-0.479  0.124 -0.071 143 125 101
-0.476  0.126 -0.066 132 118 94
-0.473  0.127 -0.064 124 121 99
-0.471  0.129 -0.061 109 114 100
-0.468  0.130 -0.059 103 102 95
-0.466  0.131 -0.057 100 106 101
-0.464  0.132 -0.057 107 137 109
-0.462  0.133 -0.056 110 136 121
-0.460  0.135 -0.055 124 129 129
-0.458  0.136 -0.053 122 136 136
-0.456  0.137 -0.052 114 128 130
-0.454  0.138 -0.051 105 117 108
-0.452  0.139 -0.051 126 157 110
-0.451  0.140 -0.051 116 153 132
-0.449  0.141 -0.051 98 101 120
-0.447  0.142 -0.051 87 105 133
-0.445  0.143 -0.052 98 121 152
-0.444  0.144 -0.054 103 129 166
-0.442  0.145 -0.054 108 130 152
-0.441  0.145 -0.058 120 138 148
-0.439  0.146 -0.060 120 134 154
-0.438  0.146 -0.064 110 139 161
-0.437  0.147 -0.071 112 154 175
-0.436  0.147 -0.076 126 178 179
-0.435  0.147 -0.080 143 180 172
-0.434  0.147 -0.088 159 178 168
-0.486  0.121 -0.084 165 139 103
-0.483  0.123 -0.079 155 132 101
-0.480  0.125 -0.074 144 127 101
-0.478  0.127 -0.071 131 119 97
-0.475  0.128 -0.067 117 109 100
-0.473  0.130 -0.065 108 105 102
-0.470  0.131 -0.063 105 104 103
-0.468  0.132 -0.061 102 111 103
-0.466  0.134 -0.060 114 140 99
-0.464  0.135 -0.059 127 132 95
-0.462  0.136 -0.059 154 107 96
-0.460  0.137 -0.057 157 114 104
-0.458  0.138 -0.056 145 103 103
-0.456  0.139 -0.055 130 98 92
-0.454  0.140 -0.055 131 124 101
-0.452  0.141 -0.056 115 123 115
-0.451  0.142 -0.055 107 95 110
-0.449  0.143 -0.055 98 103 130
-0.447  0.144 -0.055 98 114 142
-0.445  0.145 -0.058 102 122 149
-0.444  0.146 -0.059 100 126 151
-0.443  0.146 -0.063 108 142 158
-0.441  0.147 -0.066 113 159 174
-0.440  0.147 -0.071 119 173 185
-0.439  0.147 -0.078 129 186 188
-0.438  0.148 -0.083 132 181 169
-0.437  0.148 -0.087 155 184 149
-0.435  0.149 -0.092 168 181 153
-0.485  0.125 -0.082 160 137 104
-0.482  0.126 -0.077 148 128 98
-0.479  0.128 -0.074 138 123 97
-0.477  0.129 -0.072 124 115 99
-0.474  0.131 -0.069 117 109 103
-0.472  0.132 -0.066 104 108 106
-0.470  0.134 -0.065 101 108 105
-0.468  0.135 -0.063 112 135 101
-0.466  0.136 -0.063 127 144 97
-0.464  0.137 -0.063 148 136 100
-0.462  0.138 -0.061 164 128 107
-0.460  0.139 -0.060 170 100 99
-0.457  0.141 -0.059 174 99 90
-0.456  0.141 -0.059 159 93 90
-0.454  0.143 -0.059 138 87 91
-0.452  0.143 -0.059 129 87 89
-0.450  0.145 -0.059 120 94 108
-0.449  0.145 -0.060 119 131 126
-0.447  0.146 -0.063 112 134 140
-0.446  0.147 -0.064 105 124 146
-0.444  0.147 -0.068 112 135 153
-0.443  0.148 -0.072 123 160 165
-0.442  0.148 -0.077 130 172 171
-0.441  0.149 -0.084 142 180 156
-0.440  0.149 -0.088 144 172 139
-0.438  0.150 -0.092 159 179 141
-0.437  0.150 -0.095 176 181 150
-0.484  0.128 -0.081 154 133 101
-0.481  0.129 -0.077 140 123 97
-0.479  0.131 -0.075 134 121 96
-0.476  0.132 -0.073 126 115 100
-0.474  0.134 -0.070 112 109 104
-0.471  0.135 -0.068 104 111 106
-0.469  0.136 -0.068 107 127 101
-0.467  0.137 -0.067 124 149 98
-0.465  0.138 -0.067 137 166 111
-0.463  0.139 -0.066 148 160 115
-0.461  0.141 -0.064 142 111 94
-0.459  0.142 -0.064 165 93 85
-0.457  0.143 -0.063 172 94 89
-0.456  0.144 -0.064 164 87 87
-0.454  0.145 -0.063 151 81 80
-0.452  0.146 -0.063 147 90 88
-0.450  0.147 -0.064 141 150 109
-0.449  0.147 -0.067 134 160 136
-0.447  0.148 -0.069 116 125 138
-0.446  0.149 -0.073 114 130 145
-0.445  0.149 -0.080 136 165 148
-0.444  0.149 -0.084 132 154 145
-0.443  0.150 -0.088 142 157 131
-0.441  0.151 -0.092 155 169 135
-0.440  0.151 -0.096 166 178 146
-0.482  0.131 -0.079 147 130 99
-0.480  0.132 -0.077 139 125 96
-0.477  0.134 -0.074 134 122 99
-0.475  0.135 -0.073 128 119 100
-0.473  0.136 -0.071 119 127 99
-0.471  0.137 -0.071 116 135 97
-0.469  0.138 -0.071 124 139 92
-0.467  0.139 -0.071 126 155 106
-0.465  0.141 -0.070 129 142 103
-0.463  0.142 -0.068 126 109 88
-0.461  0.143 -0.068 160 94 76
-0.459  0.144 -0.068 163 90 79
-0.457  0.145 -0.068 159 81 77
-0.456  0.146 -0.069 160 78 80
-0.454  0.147 -0.067 174 92 90
-0.452  0.148 -0.068 166 139 106
-0.450  0.149 -0.070 160 156 128
-0.449  0.149 -0.073 128 118 126
-0.447  0.150 -0.076 111 124 139
-0.447  0.150 -0.084 116 127 144
-0.446  0.151 -0.088 124 134 151
-0.444  0.151 -0.093 146 153 144
-0.443  0.152 -0.095 162 166 146
-0.441  0.153 -0.100 174 175 151
-0.481  0.134 -0.079 145 130 98
-0.479  0.135 -0.077 140 127 97
-0.477  0.136 -0.075 136 125 98
-0.474  0.138 -0.074 128 141 94
-0.472  0.139 -0.073 122 146 96
-0.471  0.140 -0.074 119 143 95
-0.469  0.141 -0.073 121 149 97
-0.467  0.142 -0.073 122 124 91
-0.465  0.143 -0.073 129 106 84
-0.463  0.144 -0.072 165 99 77
-0.461  0.145 -0.073 172 93 78
-0.459  0.146 -0.072 167 83 77
-0.457  0.147 -0.073 180 82 80
-0.455  0.148 -0.071 196 94 93
-0.453  0.149 -0.072 199 108 102
-0.452  0.150 -0.074 185 116 107
-0.450  0.151 -0.077 138 112 119
-0.449  0.151 -0.080 113 120 133
-0.449  0.151 -0.089 116 129 148
-0.447  0.152 -0.094 125 140 162
-0.446  0.153 -0.096 148 153 153
-0.444  0.153 -0.099 168 164 148
-0.443  0.154 -0.103 187 173 149
-0.480  0.137 -0.079 141 129 100
-0.478  0.138 -0.077 134 130 99
-0.476  0.139 -0.076 127 142 95
-0.474  0.140 -0.076 127 153 95
-0.472  0.141 -0.076 127 154 101
-0.470  0.142 -0.076 121 147 99
-0.468  0.143 -0.076 125 129 95
-0.466  0.144 -0.076 135 105 87
-0.464  0.145 -0.076 173 103 79
-0.463  0.146 -0.076 188 97 78
-0.461  0.147 -0.077 197 96 78
-0.459  0.148 -0.077 210 97 81
-0.457  0.150 -0.076 223 105 92
-0.455  0.150 -0.076 227 128 109
-0.453  0.151 -0.078 185 127 114
-0.452  0.152 -0.080 140 119 125
-0.451  0.153 -0.083 116 123 142
-0.450  0.153 -0.090 114 131 155
-0.449  0.154 -0.094 121 140 161
-0.447  0.154 -0.098 149 155 154
-0.446  0.155 -0.102 175 166 150
-0.479  0.140 -0.078 144 132 100
-0.477  0.141 -0.077 134 136 103
-0.475  0.142 -0.077 135 154 101
-0.473  0.143 -0.078 141 169 113
-0.472  0.144 -0.078 141 173 121
-0.470  0.145 -0.079 137 126 107
-0.468  0.146 -0.078 139 113 94
-0.466  0.147 -0.079 175 103 85
-0.464  0.148 -0.079 195 101 78
-0.462  0.149 -0.080 211 101 78
-0.461  0.150 -0.080 224 108 82
-0.459  0.151 -0.080 235 117 91
-0.457  0.152 -0.081 225 130 104
-0.455  0.153 -0.082 177 127 116
-0.454  0.153 -0.084 149 128 129
-0.452  0.154 -0.087 131 129 140
-0.451  0.155 -0.093 125 131 150
-0.450  0.155 -0.097 140 143 152
-0.449  0.156 -0.101 168 162 150
-0.478  0.143 -0.077 153 140 115
-0.476  0.144 -0.078 145 143 113
-0.474  0.145 -0.078 151 146 112
-0.473  0.146 -0.079 154 148 115
-0.471  0.147 -0.079 152 139 113
-0.469  0.148 -0.080 149 134 109
-0.467  0.148 -0.080 172 118 103
-0.466  0.149 -0.082 195 105 89
-0.464  0.150 -0.082 215 103 83
-0.462  0.151 -0.084 229 109 85
-0.460  0.152 -0.083 228 123 97
-0.458  0.153 -0.084 199 133 111
-0.457  0.154 -0.085 172 138 124
-0.455  0.155 -0.088 161 143 135
-0.454  0.156 -0.090 156 149 142
-0.453  0.156 -0.097 162 151 146
-0.476  0.146 -0.079 164 147 120
-0.474  0.147 -0.079 153 147 116
-0.472  0.148 -0.080 157 140 118
-0.470  0.149 -0.080 157 141 117
-0.469  0.150 -0.082 161 136 118
-0.467  0.151 -0.083 177 134 114
-0.465  0.152 -0.085 193 130 106
-0.464  0.153 -0.086 199 129 107
-0.462  0.154 -0.086 194 137 120
-0.460  0.155 -0.087 183 144 128

