-0.296 -0.005 -0.173 226 189 125
-0.291 -0.003 -0.174 228 189 111
-0.289 -0.004 -0.173 222 185 105
-0.286 -0.005 -0.172 223 183 107
-0.284 -0.006 -0.171 224 184 106
-0.281 -0.007 -0.170 224 181 102
-0.278 -0.008 -0.169 219 178 100
-0.276 -0.009 -0.168 218 177 100
-0.441 -0.229 -0.002 223 179 99
-0.441 -0.232  0.000 224 181 103
-0.441 -0.234  0.002 223 183 106
-0.440 -0.236  0.003 224 184 107
-0.440 -0.237  0.005 226 188 109
-0.440 -0.240  0.007 229 189 115
-0.453 -0.221 -0.008 220 182 110
-0.452 -0.221 -0.007 221 179 98
-0.450 -0.222 -0.007 230 175 85
-0.449 -0.223 -0.006 233 174 72
-0.448 -0.224 -0.005 230 173 68
-0.447 -0.224 -0.004 231 174 68
-0.446 -0.226 -0.003 232 179 70
-0.445 -0.226 -0.002 232 176 70
-0.444 -0.228 -0.001 231 177 69
-0.443 -0.229 -0.000 230 176 70
-0.442 -0.230  0.001 230 178 70
-0.442 -0.232  0.002 231 178 71
-0.442 -0.234  0.004 232 179 72
-0.441 -0.236  0.005 233 176 71
-0.440 -0.237  0.007 234 178 73
-0.441 -0.239  0.008 232 176 78
-0.440 -0.241  0.009 228 179 91
-0.439 -0.242  0.010 224 182 104
-0.438 -0.242  0.011 224 185 114
-0.458 -0.222 -0.005 223 182 102
-0.456 -0.221 -0.006 222 179 90
-0.454 -0.221 -0.005 228 172 69
-0.453 -0.222 -0.005 231 175 67
-0.451 -0.222 -0.004 233 174 69
-0.451 -0.224 -0.003 232 175 69
-0.450 -0.224 -0.002 231 176 69
-0.448 -0.225 -0.002 231 174 67
-0.447 -0.226 -0.001 232 177 69
-0.446 -0.227  0.000 232 175 67
-0.445 -0.228  0.001 233 178 67
-0.444 -0.230  0.002 233 177 69
-0.443 -0.230  0.003 232 178 70
-0.443 -0.232  0.004 232 178 69
-0.442 -0.234  0.006 233 179 69
-0.442 -0.235  0.007 232 179 70
-0.441 -0.237  0.008 233 179 70
-0.441 -0.239  0.010 234 178 69
-0.440 -0.240  0.011 233 178 69
-0.439 -0.241  0.012 232 175 71
-0.438 -0.242  0.012 229 175 76
-0.436 -0.242  0.013 228 179 89
-0.435 -0.243  0.013 225 184 106
-0.433 -0.242  0.013 225 190 123
-0.465 -0.221 -0.005 211 141 115
-0.464 -0.221 -0.004 224 169 110
-0.462 -0.221 -0.004 225 182 105
-0.461 -0.222 -0.004 228 175 86
-0.459 -0.221 -0.004 233 178 68
-0.457 -0.221 -0.004 230 179 71
-0.455 -0.222 -0.003 232 176 70
-0.454 -0.222 -0.003 233 176 68
-0.453 -0.223 -0.002 232 176 68
-0.452 -0.224 -0.001 233 174 68
-0.451 -0.225 -0.000 232 177 70
-0.449 -0.226  0.001 230 177 69
-0.448 -0.227  0.001 232 177 68
-0.447 -0.227  0.002 231 176 68
-0.446 -0.229  0.003 231 180 69
-0.446 -0.230  0.004 232 178 69
-0.444 -0.230  0.005 234 175 69
-0.444 -0.232  0.006 233 179 68
-0.443 -0.234  0.008 232 178 67
-0.443 -0.235  0.009 231 179 71
-0.442 -0.237  0.010 232 179 69
-0.441 -0.238  0.011 233 179 70
-0.440 -0.239  0.012 232 179 68
-0.439 -0.240  0.013 232 177 71
-0.438 -0.241  0.014 232 176 71
-0.436 -0.241  0.014 232 177 72
-0.435 -0.241  0.014 229 176 74
-0.433 -0.241  0.014 226 176 87
-0.432 -0.242  0.015 223 181 106
-0.467 -0.220 -0.003 196 125 91
-0.466 -0.220 -0.003 207 142 83
-0.464 -0.220 -0.003 228 166 73
-0.462 -0.221 -0.002 233 174 71
-0.461 -0.221 -0.002 234 175 68
-0.459 -0.221 -0.002 235 179 69
-0.457 -0.221 -0.002 232 175 69
-0.456 -0.221 -0.001 232 176 70
-0.455 -0.222 -0.000 230 174 68
-0.454 -0.223  0.000 234 178 68
-0.453 -0.224  0.001 234 175 67
-0.452 -0.225  0.002 234 174 68
-0.450 -0.226  0.003 230 178 68
-0.449 -0.227  0.004 233 176 66
-0.448 -0.228  0.004 232 175 67
-0.447 -0.229  0.005 231 180 69
-0.447 -0.230  0.007 233 178 67
-0.445 -0.231  0.007 234 177 68
-0.445 -0.232  0.008 234 180 67
-0.444 -0.234  0.010 233 178 68
-0.444 -0.236  0.011 232 179 69
-0.442 -0.236  0.012 233 179 70
-0.442 -0.238  0.013 232 179 70
-0.440 -0.238  0.013 232 178 69
-0.439 -0.238  0.014 231 178 72
-0.438 -0.239  0.014 233 177 69
-0.436 -0.240  0.015 234 178 69
-0.435 -0.240  0.015 231 177 71
-0.433 -0.240  0.016 229 174 73
-0.432 -0.241  0.016 226 173 77
-0.430 -0.241  0.017 225 180 92
-0.429 -0.242  0.017 225 185 112
-0.468 -0.220 -0.002 201 134 70
-0.466 -0.220 -0.001 220 167 71
-0.465 -0.220 -0.001 231 174 69
-0.463 -0.220 -0.001 233 176 70
-0.461 -0.221 -0.000 235 173 69
-0.460 -0.221  0.000 234 178 71
-0.458 -0.221  0.000 232 175 68
-0.457 -0.222  0.001 232 174 68
-0.456 -0.223  0.002 230 173 67
-0.455 -0.223  0.002 233 175 67
-0.454 -0.224  0.003 234 178 67
-0.453 -0.226  0.004 234 176 68
-0.452 -0.227  0.005 233 177 67
-0.451 -0.228  0.006 233 178 67
-0.450 -0.229  0.007 233 178 68
-0.449 -0.230  0.008 234 180 68
-0.448 -0.231  0.009 234 178 67
-0.447 -0.233  0.010 234 179 69
-0.446 -0.233  0.011 234 179 68
-0.445 -0.235  0.012 234 178 69
-0.445 -0.236  0.013 234 179 68
-0.443 -0.237  0.014 234 178 71
-0.442 -0.238  0.015 233 178 70
-0.441 -0.238  0.015 232 177 70
-0.439 -0.238  0.015 232 178 71
-0.438 -0.238  0.016 233 178 69
-0.436 -0.239  0.016 235 179 70
-0.435 -0.239  0.016 234 179 71
-0.433 -0.240  0.017 232 178 72
-0.432 -0.240  0.017 231 176 74
-0.431 -0.241  0.018 230 176 72
-0.429 -0.241  0.018 229 176 79
-0.428 -0.241  0.019 224 182 105
-0.470 -0.219 -0.001 205 157 101
-0.468 -0.219 -0.000 222 163 65
-0.467 -0.219  0.000 228 173 67
-0.465 -0.220  0.001 230 171 68
-0.464 -0.220  0.001 233 178 70
-0.462 -0.221  0.002 234 174 69
-0.461 -0.221  0.002 233 177 73
-0.459 -0.222  0.003 234 174 66
-0.458 -0.223  0.003 236 176 67
-0.457 -0.224  0.004 234 175 67
-0.456 -0.225  0.005 234 178 67
-0.455 -0.226  0.006 235 180 67
-0.454 -0.226  0.007 236 177 66
-0.453 -0.228  0.008 234 177 66
-0.452 -0.229  0.009 234 178 67
-0.451 -0.229  0.009 233 178 68
-0.450 -0.231  0.010 234 179 69
-0.449 -0.232  0.012 235 178 69
-0.449 -0.233  0.013 235 182 69
-0.448 -0.234  0.014 235 179 68
-0.447 -0.236  0.015 235 179 69
-0.446 -0.236  0.015 235 179 70
-0.444 -0.237  0.016 234 177 71
-0.443 -0.238  0.016 233 178 71
-0.441 -0.238  0.017 232 177 69
-0.440 -0.238  0.017 234 179 70
-0.438 -0.238  0.017 235 179 70
-0.437 -0.238  0.017 235 179 72
-0.435 -0.238  0.018 234 181 72
-0.433 -0.238  0.018 234 181 72
-0.432 -0.239  0.019 235 178 72
-0.431 -0.239  0.019 234 177 69
-0.429 -0.240  0.020 231 176 69
-0.428 -0.240  0.020 229 175 77
-0.427 -0.241  0.021 227 182 104
-0.471 -0.219  0.002 213 161 82
-0.469 -0.220  0.002 230 173 66
-0.468 -0.220  0.002 233 173 68
-0.466 -0.220  0.003 233 175 67
-0.465 -0.220  0.003 235 176 69
-0.463 -0.221  0.004 234 175 69
-0.462 -0.222  0.004 234 175 69
-0.461 -0.223  0.005 235 176 67
-0.460 -0.224  0.006 237 179 68
-0.459 -0.225  0.007 234 177 66
-0.458 -0.226  0.008 234 181 68
-0.457 -0.227  0.009 235 178 67
-0.456 -0.228  0.010 235 176 67
-0.455 -0.229  0.011 234 178 67
-0.454 -0.230  0.011 235 179 67
-0.453 -0.231  0.012 234 178 66
-0.452 -0.232  0.013 234 176 68
-0.451 -0.233  0.014 235 176 67
-0.450 -0.234  0.015 235 179 70
-0.449 -0.235  0.016 236 177 69
-0.448 -0.236  0.017 235 178 69
-0.447 -0.236  0.017 233 178 70
-0.445 -0.237  0.018 232 176 69
-0.444 -0.238  0.018 233 178 70
-0.442 -0.238  0.018 234 179 68
-0.441 -0.238  0.019 236 178 70
-0.439 -0.238  0.019 235 178 71
-0.437 -0.238  0.019 235 180 73
-0.435 -0.238  0.019 235 181 72
-0.434 -0.238  0.020 236 182 71
-0.432 -0.238  0.020 236 180 71
-0.431 -0.239  0.021 235 178 69
-0.430 -0.239  0.021 234 178 69
-0.428 -0.240  0.022 233 177 71
-0.427 -0.241  0.022 234 178 79
-0.426 -0.241  0.023 232 185 106
-0.475 -0.218  0.002 200 123 105
-0.474 -0.218  0.002 193 135 94
-0.473 -0.219  0.003 202 143 85
-0.471 -0.219  0.003 230 172 67
-0.470 -0.220  0.004 234 174 65
-0.468 -0.220  0.005 234 176 67
-0.467 -0.221  0.005 236 176 69
-0.465 -0.221  0.005 236 176 68
-0.465 -0.222  0.006 233 177 68
-0.463 -0.223  0.007 232 175 65
-0.462 -0.223  0.008 235 178 66
-0.461 -0.225  0.009 235 176 67
-0.460 -0.226  0.010 235 176 65
-0.459 -0.227  0.011 233 177 67
-0.458 -0.228  0.012 234 176 67
-0.457 -0.229  0.012 234 175 66
-0.456 -0.230  0.013 236 177 66
-0.455 -0.230  0.014 235 177 65
-0.454 -0.232  0.015 234 176 65
-0.453 -0.232  0.015 234 178 69
-0.452 -0.233  0.016 235 177 69
-0.451 -0.234  0.017 236 181 69
-0.450 -0.235  0.018 237 178 67
-0.449 -0.236  0.019 233 177 69
-0.448 -0.237  0.019 232 174 69
-0.446 -0.237  0.020 231 172 68
-0.445 -0.238  0.020 234 179 69
-0.443 -0.237  0.020 234 179 67
-0.441 -0.238  0.020 236 178 71
-0.439 -0.237  0.020 235 177 72
-0.438 -0.238  0.021 235 178 73
-0.436 -0.237  0.021 235 179 72
-0.434 -0.237  0.021 236 181 70
-0.433 -0.238  0.022 235 181 71
-0.431 -0.238  0.022 235 180 71
-0.430 -0.239  0.022 235 178 70
-0.428 -0.239  0.023 234 179 71
-0.427 -0.240  0.023 237 179 72
-0.426 -0.240  0.024 237 181 82
-0.424 -0.241  0.024 232 186 111
-0.476 -0.217  0.004 188 146 111
-0.475 -0.218  0.004 180 138 91
-0.473 -0.218  0.005 217 160 68
-0.472 -0.219  0.005 234 177 68
-0.471 -0.220  0.006 234 172 67
-0.469 -0.220  0.006 234 180 69
-0.468 -0.221  0.007 234 176 69
-0.467 -0.221  0.008 233 177 68
-0.466 -0.222  0.008 233 176 65
-0.464 -0.223  0.009 233 180 67
-0.463 -0.224  0.010 234 177 66
-0.462 -0.225  0.011 233 175 65
-0.462 -0.227  0.012 233 176 63
-0.460 -0.227  0.013 234 174 65
-0.460 -0.229  0.014 234 180 67
-0.459 -0.230  0.015 233 178 67
-0.458 -0.231  0.016 235 179 65
-0.457 -0.232  0.016 235 176 65
-0.456 -0.233  0.017 234 178 67
-0.454 -0.233  0.018 232 179 69
-0.453 -0.234  0.019 234 176 70
-0.452 -0.235  0.019 235 181 68
-0.451 -0.236  0.020 236 176 66
-0.450 -0.236  0.021 233 177 68
-0.449 -0.237  0.021 232 177 69
-0.447 -0.237  0.022 232 175 68
-0.446 -0.238  0.022 236 177 68
-0.444 -0.237  0.022 234 179 70
-0.442 -0.237  0.022 233 178 71
-0.440 -0.237  0.022 234 177 73
-0.438 -0.237  0.022 234 177 70
-0.436 -0.237  0.022 234 181 71
-0.434 -0.237  0.022 235 181 71
-0.433 -0.238  0.023 235 180 70
-0.432 -0.238  0.023 235 181 71
-0.430 -0.238  0.024 235 179 70
-0.429 -0.238  0.024 235 177 69
-0.428 -0.239  0.025 238 179 70
-0.426 -0.239  0.025 238 179 73
-0.425 -0.240  0.026 238 182 85
-0.476 -0.218  0.006 198 143 87
-0.474 -0.219  0.007 227 170 63
-0.473 -0.219  0.007 235 179 68
-0.471 -0.220  0.008 236 176 68
-0.470 -0.221  0.009 233 176 67
-0.469 -0.222  0.009 233 178 69
-0.468 -0.222  0.010 231 173 67
-0.467 -0.223  0.011 233 178 67
-0.466 -0.224  0.012 235 177 66
-0.464 -0.225  0.012 234 178 65
-0.464 -0.226  0.014 235 175 63
-0.463 -0.227  0.014 234 177 65
-0.462 -0.228  0.015 235 176 67
-0.461 -0.229  0.016 235 180 68
-0.460 -0.231  0.017 236 176 65
-0.459 -0.231  0.018 237 182 65
-0.458 -0.232  0.019 238 178 63
-0.457 -0.233  0.020 235 176 66
-0.456 -0.234  0.020 233 178 68
-0.455 -0.235  0.021 233 178 69
-0.453 -0.235  0.021 234 177 67
-0.452 -0.236  0.022 235 175 65
-0.451 -0.237  0.023 233 177 68
-0.449 -0.237  0.023 234 179 68
-0.448 -0.237  0.023 234 177 66
-0.446 -0.237  0.023 237 176 67
-0.444 -0.237  0.023 235 177 70
-0.443 -0.237  0.024 234 179 70
-0.441 -0.237  0.024 233 177 70
-0.439 -0.237  0.024 234 178 70
-0.437 -0.236  0.024 233 181 71
-0.435 -0.236  0.024 234 181 71
-0.434 -0.237  0.024 235 180 69
-0.432 -0.237  0.025 236 181 70
-0.430 -0.237  0.025 236 181 69
-0.429 -0.238  0.025 236 179 70
-0.428 -0.238  0.026 238 179 69
-0.426 -0.239  0.027 238 179 69
-0.425 -0.239  0.027 239 180 74
-0.424 -0.240  0.028 235 190 102
-0.477 -0.219  0.009 213 162 86
-0.475 -0.220  0.009 232 175 64
-0.474 -0.220  0.010 237 177 65
-0.473 -0.221  0.010 235 177 68
-0.471 -0.221  0.011 235 178 67
-0.470 -0.222  0.012 235 178 69
-0.469 -0.223  0.013 233 177 69
-0.468 -0.224  0.013 235 176 66
-0.467 -0.225  0.014 234 175 65
-0.466 -0.226  0.015 236 178 63
-0.465 -0.227  0.016 234 177 63
-0.464 -0.228  0.017 234 176 65
-0.463 -0.229  0.018 237 176 67
-0.462 -0.230  0.018 236 177 68
-0.461 -0.231  0.019 238 173 64
-0.460 -0.232  0.020 237 181 63
-0.459 -0.233  0.021 236 181 64
-0.458 -0.234  0.022 235 178 64
-0.457 -0.235  0.022 234 177 65
-0.456 -0.235  0.023 236 177 68
-0.454 -0.236  0.023 235 176 68
-0.453 -0.236  0.024 234 177 66
-0.452 -0.237  0.024 234 178 68
-0.450 -0.237  0.025 235 180 68
-0.448 -0.237  0.025 236 178 66
-0.447 -0.237  0.025 239 179 68
-0.445 -0.237  0.025 236 178 69
-0.443 -0.237  0.025 236 180 70
-0.441 -0.237  0.026 234 177 68
-0.439 -0.237  0.026 235 179 70
-0.438 -0.236  0.026 234 182 71
-0.435 -0.236  0.025 233 182 71
-0.434 -0.236  0.026 234 180 68
-0.432 -0.236  0.026 238 181 70
-0.431 -0.237  0.026 238 181 71
-0.429 -0.237  0.027 237 181 70
-0.428 -0.238  0.028 238 179 68
-0.427 -0.238  0.028 238 179 67
-0.426 -0.239  0.029 239 179 69
-0.425 -0.240  0.030 239 186 86
-0.477 -0.219  0.011 219 164 88
-0.476 -0.220  0.011 235 177 65
-0.475 -0.220  0.012 237 179 66
-0.473 -0.221  0.012 237 178 65
-0.473 -0.222  0.013 238 175 66
-0.471 -0.223  0.014 235 173 66
-0.470 -0.224  0.015 235 179 69
-0.470 -0.225  0.016 236 174 66
-0.468 -0.226  0.017 233 174 68
-0.467 -0.226  0.017 234 176 65
-0.466 -0.228  0.018 235 177 65
-0.465 -0.229  0.019 233 176 65
-0.464 -0.230  0.020 235 179 70
-0.463 -0.231  0.021 236 177 69
-0.462 -0.231  0.021 236 176 66
-0.461 -0.233  0.022 236 176 65
-0.460 -0.233  0.023 235 178 66
-0.459 -0.234  0.024 236 178 66
-0.458 -0.235  0.024 234 177 67
-0.456 -0.235  0.025 234 180 70
-0.455 -0.236  0.025 236 178 67
-0.453 -0.236  0.025 233 178 67
-0.452 -0.236  0.026 234 176 69
-0.450 -0.236  0.026 236 181 71
-0.449 -0.236  0.026 238 178 68
-0.447 -0.236  0.026 238 182 71
-0.446 -0.237  0.027 235 182 70
-0.444 -0.237  0.027 236 178 68
-0.442 -0.237  0.027 237 176 67
-0.440 -0.236  0.027 236 179 69
-0.439 -0.237  0.028 234 179 69
-0.436 -0.236  0.027 234 180 69
-0.434 -0.235  0.027 234 180 70
-0.433 -0.236  0.028 237 179 70
-0.431 -0.236  0.028 236 179 69
-0.430 -0.237  0.029 236 180 69
-0.429 -0.238  0.029 237 179 68
-0.427 -0.238  0.030 238 180 68
-0.426 -0.239  0.030 238 179 70
-0.425 -0.240  0.031 241 182 78
-0.425 -0.241  0.032 234 187 106
-0.478 -0.219  0.012 221 163 86
-0.477 -0.220  0.013 234 177 67
-0.476 -0.221  0.014 236 178 64
-0.474 -0.221  0.014 237 174 62
-0.474 -0.223  0.016 238 176 65
-0.473 -0.224  0.016 235 176 66
-0.471 -0.225  0.017 236 177 67
-0.471 -0.226  0.018 236 177 69
-0.470 -0.227  0.019 234 176 66
-0.468 -0.228  0.020 236 175 65
-0.468 -0.229  0.021 235 176 66
-0.466 -0.230  0.021 234 177 66
-0.465 -0.230  0.022 234 177 69
-0.464 -0.231  0.023 235 178 68
-0.463 -0.232  0.024 237 178 67
-0.463 -0.234  0.025 235 179 68
-0.461 -0.234  0.025 235 176 65
-0.460 -0.235  0.026 235 177 65
-0.459 -0.235  0.026 233 177 65
-0.457 -0.236  0.027 236 179 70
-0.456 -0.236  0.027 236 177 68
-0.454 -0.236  0.027 234 177 68
-0.452 -0.236  0.027 235 175 66
-0.451 -0.236  0.028 235 179 69
-0.449 -0.236  0.028 236 182 70
-0.448 -0.236  0.028 236 181 70
-0.446 -0.236  0.028 236 180 68
-0.445 -0.237  0.029 237 179 67
-0.443 -0.237  0.029 237 178 68
-0.441 -0.237  0.029 236 179 69
-0.439 -0.237  0.029 236 179 70
-0.437 -0.236  0.029 236 180 70
-0.435 -0.235  0.029 235 181 70
-0.433 -0.236  0.029 237 182 69
-0.432 -0.236  0.030 236 181 68
-0.430 -0.236  0.030 235 180 69
-0.429 -0.237  0.031 237 181 70
-0.428 -0.237  0.031 238 179 68
-0.427 -0.238  0.032 237 179 69
-0.426 -0.239  0.033 242 182 74
-0.425 -0.240  0.034 238 186 95
-0.479 -0.219  0.014 224 161 80
-0.477 -0.220  0.015 232 176 69
-0.476 -0.221  0.016 233 171 63
-0.475 -0.222  0.016 236 175 63
-0.475 -0.223  0.018 238 176 66
-0.474 -0.224  0.019 237 179 64
-0.473 -0.226  0.020 239 179 67
-0.472 -0.227  0.021 237 175 66
-0.471 -0.228  0.021 234 178 66
-0.470 -0.229  0.022 236 175 65
-0.469 -0.230  0.023 235 177 66
-0.468 -0.231  0.024 236 177 65
-0.467 -0.231  0.025 235 177 69
-0.466 -0.232  0.025 234 175 66
-0.465 -0.233  0.026 235 178 67
-0.464 -0.234  0.027 236 179 66
-0.462 -0.235  0.027 237 176 65
-0.461 -0.236  0.028 235 176 65
-0.460 -0.236  0.028 234 177 67
-0.458 -0.236  0.029 234 178 70
-0.457 -0.236  0.029 235 179 71
-0.455 -0.236  0.029 232 177 68
-0.453 -0.236  0.029 234 177 65
-0.452 -0.236  0.030 236 179 68
-0.450 -0.236  0.030 236 177 67
-0.448 -0.236  0.030 237 176 67
-0.447 -0.236  0.030 238 179 69
-0.445 -0.236  0.030 238 180 68
-0.443 -0.236  0.030 237 180 71
-0.442 -0.236  0.031 238 178 70
-0.440 -0.236  0.031 238 177 69
-0.437 -0.235  0.030 235 181 69
-0.436 -0.235  0.031 236 180 67
-0.434 -0.235  0.031 236 183 69
-0.432 -0.236  0.031 236 182 69
-0.430 -0.235  0.031 236 182 68
-0.430 -0.237  0.032 237 182 70
-0.428 -0.237  0.033 238 179 68
-0.427 -0.238  0.034 237 180 71
-0.427 -0.239  0.035 242 182 74
-0.426 -0.240  0.035 240 185 95
-0.479 -0.219  0.016 218 162 81
-0.478 -0.219  0.016 230 171 64
-0.477 -0.221  0.017 234 174 66
-0.476 -0.221  0.018 238 171 63
-0.475 -0.223  0.020 241 177 65
-0.475 -0.225  0.021 237 180 66
-0.474 -0.226  0.022 237 177 65
-0.473 -0.227  0.023 238 176 64
-0.472 -0.228  0.024 235 178 65
-0.471 -0.229  0.024 236 177 65
-0.470 -0.231  0.025 238 179 61
-0.469 -0.231  0.026 236 178 66
-0.468 -0.232  0.027 233 177 67
-0.467 -0.233  0.027 234 179 68
-0.466 -0.234  0.028 236 177 65
-0.465 -0.235  0.029 237 181 66
-0.463 -0.235  0.029 238 178 64
-0.462 -0.236  0.030 237 178 64
-0.461 -0.236  0.031 237 177 67
-0.459 -0.236  0.031 235 177 65
-0.458 -0.236  0.031 237 178 65
-0.456 -0.236  0.031 235 179 67
-0.454 -0.236  0.031 235 176 69
-0.452 -0.236  0.031 236 182 71
-0.451 -0.236  0.031 235 178 67
-0.449 -0.235  0.031 236 178 67
-0.447 -0.235  0.031 237 178 68
-0.445 -0.236  0.032 237 178 68
-0.444 -0.236  0.032 236 179 69
-0.442 -0.235  0.032 236 178 68
-0.440 -0.235  0.032 238 178 70
-0.438 -0.235  0.032 236 179 69
-0.436 -0.235  0.032 237 180 67
-0.435 -0.235  0.033 238 182 70
-0.433 -0.235  0.033 238 182 68
-0.431 -0.235  0.033 238 183 68
-0.430 -0.237  0.034 237 181 67
-0.429 -0.237  0.034 237 181 69
-0.428 -0.238  0.035 238 179 71
-0.427 -0.239  0.036 243 182 73
-0.426 -0.240  0.037 240 187 93
-0.480 -0.218  0.017 215 159 85
-0.478 -0.219  0.018 229 169 60
-0.478 -0.221  0.019 234 176 66
-0.477 -0.221  0.020 238 170 61
-0.476 -0.223  0.021 239 172 63
-0.475 -0.225  0.023 240 176 64
-0.475 -0.226  0.024 240 179 65
-0.474 -0.227  0.025 239 178 63
-0.473 -0.229  0.025 238 181 66
-0.472 -0.230  0.026 237 179 65
-0.471 -0.231  0.027 237 178 66
-0.470 -0.232  0.028 236 181 67
-0.469 -0.233  0.029 237 178 66
-0.468 -0.233  0.030 237 180 68
-0.467 -0.235  0.030 239 179 67
-0.466 -0.235  0.031 239 177 64
-0.465 -0.236  0.031 237 181 66
-0.463 -0.236  0.032 237 178 66
-0.462 -0.237  0.032 238 175 66
-0.460 -0.237  0.033 235 178 66
-0.459 -0.237  0.033 237 177 64
-0.457 -0.236  0.033 238 180 68
-0.455 -0.236  0.033 237 178 68
-0.453 -0.236  0.033 237 178 68
-0.451 -0.236  0.033 235 176 68
-0.450 -0.236  0.033 236 180 67
-0.448 -0.235  0.033 236 181 67
-0.446 -0.235  0.033 238 181 68
-0.444 -0.235  0.033 237 180 70
-0.442 -0.235  0.034 236 180 70
-0.440 -0.235  0.034 237 179 69
-0.439 -0.235  0.034 236 180 69
-0.437 -0.234  0.034 238 179 68
-0.435 -0.235  0.034 238 180 68
-0.434 -0.235  0.035 239 182 68
-0.432 -0.235  0.035 238 183 70
-0.431 -0.236  0.036 238 181 68
-0.429 -0.236  0.036 237 180 69
-0.428 -0.237  0.037 237 180 70
-0.428 -0.238  0.038 242 183 73
-0.426 -0.239  0.038 239 188 94
-0.480 -0.217  0.018 211 156 89
-0.479 -0.219  0.019 221 161 59
-0.478 -0.220  0.021 231 173 69
-0.477 -0.221  0.022 226 165 61
-0.477 -0.224  0.023 233 170 62
-0.476 -0.225  0.025 237 175 64
-0.476 -0.227  0.026 239 178 65
-0.475 -0.228  0.027 239 177 64
-0.474 -0.230  0.028 238 178 64
-0.473 -0.230  0.029 236 180 66
-0.472 -0.232  0.030 238 178 68
-0.471 -0.233  0.030 238 182 69
-0.470 -0.234  0.031 240 180 65
-0.469 -0.234  0.032 241 178 63
-0.468 -0.235  0.033 239 180 68
-0.467 -0.235  0.033 238 178 65
-0.465 -0.236  0.033 236 179 66
-0.464 -0.236  0.034 236 182 69
-0.462 -0.236  0.034 238 178 66
-0.461 -0.236  0.034 236 179 66
-0.459 -0.236  0.034 237 179 67
-0.457 -0.236  0.035 238 177 66
-0.455 -0.236  0.034 239 177 66
-0.454 -0.235  0.034 240 176 66
-0.452 -0.236  0.035 238 179 68
-0.450 -0.235  0.035 238 178 65
-0.448 -0.235  0.035 237 181 69
-0.446 -0.235  0.035 237 178 69
-0.445 -0.235  0.035 236 177 70
-0.443 -0.234  0.035 235 177 67
-0.441 -0.234  0.035 236 179 68
-0.439 -0.234  0.035 236 180 70
-0.437 -0.234  0.035 238 180 71
-0.435 -0.234  0.036 239 180 67
-0.434 -0.234  0.036 238 182 70
-0.433 -0.235  0.037 237 179 69
-0.431 -0.236  0.037 238 178 68
-0.430 -0.236  0.038 238 179 68
-0.429 -0.237  0.038 237 180 70
-0.428 -0.237  0.039 242 183 75
-0.427 -0.238  0.040 238 186 97
-0.480 -0.216  0.019 212 154 89
-0.479 -0.217  0.020 212 151 65
-0.478 -0.219  0.022 231 169 67
-0.478 -0.221  0.023 227 168 68
-0.478 -0.224  0.025 227 164 61
-0.477 -0.226  0.026 234 177 68
-0.477 -0.227  0.028 237 175 64
-0.476 -0.229  0.029 240 175 65
-0.475 -0.230  0.030 240 178 67
-0.474 -0.231  0.031 238 179 66
-0.474 -0.233  0.032 238 179 67
-0.472 -0.233  0.032 239 180 66
-0.471 -0.234  0.033 242 180 62
-0.470 -0.234  0.034 241 179 63
-0.469 -0.235  0.034 239 183 68
-0.467 -0.235  0.035 238 180 64
-0.466 -0.236  0.035 238 182 67
-0.465 -0.236  0.035 237 180 66
-0.463 -0.236  0.036 237 179 64
-0.461 -0.236  0.036 235 179 64
-0.460 -0.236  0.036 238 175 65
-0.458 -0.236  0.036 236 179 66
-0.456 -0.236  0.036 238 180 69
-0.455 -0.236  0.036 237 178 66
-0.453 -0.236  0.036 238 181 67
-0.451 -0.235  0.036 238 179 67
-0.449 -0.235  0.037 237 180 68
-0.447 -0.235  0.036 237 178 68
-0.445 -0.235  0.037 237 179 68
-0.443 -0.234  0.036 236 180 67
-0.441 -0.233  0.036 237 181 67
-0.439 -0.233  0.036 239 182 67
-0.437 -0.233  0.037 238 183 68
-0.436 -0.233  0.037 238 182 69
-0.434 -0.233  0.037 239 181 67
-0.433 -0.235  0.038 238 179 68
-0.432 -0.235  0.039 238 178 68
-0.431 -0.236  0.039 238 179 67
-0.429 -0.236  0.040 240 181 70
-0.428 -0.237  0.040 247 188 79
-0.427 -0.237  0.041 239 184 97
-0.479 -0.214  0.020 209 154 87
-0.478 -0.215  0.021 205 149 70
-0.478 -0.218  0.023 222 159 56
-0.477 -0.219  0.024 231 173 68
-0.478 -0.223  0.026 231 169 65
-0.478 -0.225  0.028 233 170 64
-0.477 -0.227  0.030 238 178 64
-0.477 -0.229  0.031 237 179 64
-0.476 -0.231  0.032 236 178 64
-0.475 -0.232  0.033 238 182 69
-0.475 -0.233  0.034 238 175 66
-0.473 -0.233  0.034 241 178 65
-0.472 -0.234  0.035 239 181 65
-0.471 -0.235  0.035 240 180 63
-0.470 -0.235  0.036 239 180 66
-0.468 -0.236  0.036 239 179 63
-0.467 -0.236  0.037 239 182 65
-0.465 -0.236  0.037 240 180 63
-0.464 -0.236  0.037 237 178 65
-0.462 -0.236  0.037 234 180 68
-0.461 -0.236  0.038 236 179 67
-0.459 -0.236  0.038 236 179 64
-0.457 -0.236  0.038 236 179 67
-0.455 -0.236  0.038 235 177 69
-0.454 -0.236  0.038 237 179 67
-0.452 -0.236  0.038 238 177 66
-0.450 -0.235  0.038 238 181 65
-0.448 -0.235  0.038 237 179 67
-0.446 -0.235  0.038 235 180 68
-0.444 -0.234  0.038 237 180 68
-0.441 -0.232  0.037 237 182 70
-0.439 -0.233  0.038 238 181 67
-0.437 -0.232  0.038 239 180 67
-0.436 -0.232  0.038 238 183 71
-0.435 -0.233  0.039 239 181 69
-0.433 -0.234  0.039 240 179 67
-0.432 -0.234  0.040 239 180 67
-0.431 -0.235  0.040 237 179 68
-0.429 -0.235  0.041 244 183 74
-0.428 -0.236  0.041 245 188 86
-0.426 -0.236  0.042 237 185 103
-0.480 -0.210  0.019 173 172 139
-0.480 -0.211  0.020 162 147 117
-0.479 -0.212  0.021 192 143 81
-0.478 -0.214  0.022 202 147 76
-0.478 -0.217  0.024 211 147 58
-0.478 -0.219  0.025 225 163 57
-0.478 -0.222  0.028 234 174 68
-0.478 -0.225  0.030 233 173 67
-0.478 -0.228  0.031 236 175 63
-0.478 -0.230  0.033 238 178 66
-0.477 -0.231  0.034 239 174 65
-0.476 -0.233  0.035 239 177 64
-0.476 -0.234  0.036 238 179 66
-0.474 -0.234  0.036 243 181 64
-0.473 -0.235  0.037 240 180 64
-0.472 -0.235  0.037 240 179 67
-0.471 -0.236  0.038 240 176 64
-0.469 -0.236  0.038 239 179 66
-0.468 -0.236  0.038 238 181 64
-0.466 -0.236  0.039 237 178 64
-0.465 -0.236  0.039 237 178 65
-0.463 -0.236  0.039 237 180 69
-0.461 -0.236  0.039 237 177 68
-0.460 -0.236  0.040 238 180 65
-0.458 -0.236  0.040 238 179 67
-0.456 -0.236  0.040 238 176 66
-0.455 -0.236  0.040 239 180 66
-0.453 -0.236  0.040 236 181 66
-0.451 -0.236  0.040 237 181 63
-0.449 -0.235  0.040 237 181 66
-0.447 -0.235  0.040 236 180 65
-0.444 -0.233  0.039 237 179 67
-0.441 -0.232  0.039 240 183 68
-0.440 -0.232  0.039 237 182 67
-0.438 -0.232  0.039 239 180 69
-0.437 -0.232  0.040 239 179 68
-0.435 -0.232  0.040 239 181 70
-0.434 -0.233  0.041 239 180 69
-0.432 -0.234  0.041 238 179 70
-0.431 -0.234  0.042 239 180 74
-0.430 -0.235  0.042 251 191 87
-0.428 -0.234  0.042 241 186 95
-0.426 -0.235  0.043 231 186 119
-0.480 -0.207  0.019 172 139 115
-0.479 -0.208  0.020 156 100 68
-0.478 -0.210  0.021 190 138 78
-0.477 -0.211  0.022 201 145 77
-0.477 -0.215  0.024 202 146 66
-0.477 -0.217  0.026 210 150 57
-0.478 -0.221  0.028 225 165 59
-0.478 -0.224  0.031 233 176 69
-0.479 -0.227  0.033 236 174 68
-0.479 -0.230  0.035 239 180 68
-0.478 -0.231  0.036 239 175 67
-0.477 -0.233  0.037 240 180 68
-0.476 -0.234  0.038 239 179 65
-0.475 -0.234  0.038 238 174 63
-0.474 -0.235  0.039 240 181 66
-0.473 -0.235  0.039 240 177 65
-0.471 -0.236  0.040 240 180 65
-0.470 -0.236  0.040 238 179 63
-0.468 -0.236  0.040 240 180 63
-0.467 -0.236  0.040 238 179 67
-0.465 -0.236  0.041 237 178 66
-0.464 -0.236  0.041 238 180 65
-0.462 -0.236  0.041 237 178 66
-0.460 -0.236  0.041 237 177 65
-0.459 -0.236  0.041 238 180 68
-0.457 -0.236  0.042 238 178 66
-0.455 -0.236  0.042 237 177 64
-0.453 -0.236  0.042 235 179 65
-0.452 -0.236  0.042 239 182 66
-0.449 -0.235  0.042 238 180 67
-0.448 -0.234  0.042 237 180 68
-0.445 -0.233  0.041 239 179 65
-0.442 -0.232  0.040 240 180 66
-0.440 -0.232  0.041 236 182 68
-0.438 -0.231  0.041 237 180 67
-0.437 -0.232  0.041 237 181 70
-0.435 -0.232  0.042 237 181 71
-0.434 -0.233  0.042 239 181 69
-0.433 -0.233  0.043 240 182 72
-0.431 -0.233  0.043 251 190 87
-0.429 -0.233  0.043 249 200 102
-0.427 -0.233  0.043 233 179 102
-0.479 -0.205  0.019 172 136 111
-0.478 -0.206  0.020 153 106 71
-0.477 -0.207  0.021 182 128 77
-0.476 -0.209  0.022 198 147 80
-0.477 -0.212  0.025 200 140 67
-0.477 -0.215  0.026 201 138 56
-0.477 -0.219  0.029 209 150 53
-0.479 -0.224  0.032 222 164 60
-0.479 -0.226  0.034 235 176 64
-0.479 -0.229  0.036 238 175 66
-0.479 -0.231  0.037 238 181 69
-0.478 -0.233  0.039 239 177 64
-0.477 -0.234  0.039 240 176 64
-0.476 -0.234  0.040 237 177 63
-0.475 -0.235  0.040 242 176 66
-0.473 -0.235  0.041 237 177 65
-0.472 -0.236  0.041 239 180 66
-0.470 -0.236  0.041 239 176 65
-0.469 -0.236  0.042 238 177 62
-0.467 -0.236  0.042 239 179 64
-0.466 -0.236  0.042 239 178 64
-0.464 -0.236  0.043 240 181 65
-0.463 -0.236  0.043 239 179 65
-0.461 -0.236  0.043 238 176 65
-0.459 -0.236  0.043 239 173 64
-0.458 -0.236  0.043 238 178 64
-0.456 -0.236  0.043 240 180 65
-0.454 -0.236  0.044 240 180 66
-0.453 -0.236  0.044 240 178 65
-0.450 -0.235  0.043 240 178 65
-0.448 -0.234  0.043 239 180 68
-0.445 -0.233  0.043 241 182 67
-0.443 -0.231  0.042 241 180 66
-0.441 -0.231  0.042 239 181 67
-0.439 -0.231  0.042 237 179 66
-0.437 -0.231  0.043 238 184 69
-0.436 -0.231  0.043 238 180 68
-0.435 -0.232  0.044 239 180 72
-0.433 -0.232  0.044 251 191 88
-0.431 -0.232  0.044 249 208 103
-0.429 -0.232  0.044 234 182 91
-0.427 -0.231  0.044 222 172 103
-0.478 -0.202  0.019 167 127 107
-0.477 -0.204  0.021 149 107 76
-0.476 -0.205  0.022 162 118 77
-0.476 -0.207  0.023 194 148 78
-0.476 -0.210  0.025 196 143 68
-0.476 -0.212  0.027 196 136 62
-0.477 -0.217  0.030 200 137 52
-0.479 -0.222  0.033 207 148 50
-0.479 -0.226  0.035 220 163 57
-0.479 -0.229  0.037 232 172 63
-0.479 -0.231  0.039 236 175 68
-0.478 -0.232  0.040 240 180 70
-0.477 -0.233  0.041 239 179 68
-0.476 -0.234  0.041 236 176 65
-0.475 -0.235  0.042 240 176 66
-0.474 -0.235  0.042 239 177 66
-0.473 -0.236  0.043 238 180 67
-0.471 -0.235  0.043 238 179 67
-0.470 -0.236  0.044 238 179 66
-0.468 -0.236  0.044 238 178 64
-0.466 -0.236  0.044 240 177 62
-0.465 -0.236  0.044 240 179 64
-0.463 -0.236  0.044 239 178 66
-0.461 -0.236  0.044 237 177 63
-0.460 -0.236  0.045 238 176 65
-0.458 -0.236  0.045 238 173 64
-0.457 -0.236  0.045 238 177 67
-0.455 -0.236  0.045 239 178 63
-0.453 -0.236  0.045 241 182 66
-0.451 -0.234  0.045 241 178 67
-0.449 -0.234  0.045 240 182 68
-0.446 -0.233  0.044 239 178 66
-0.443 -0.231  0.044 240 180 67
-0.441 -0.231  0.044 240 177 66
-0.440 -0.231  0.044 239 178 67
-0.437 -0.230  0.044 238 179 70
-0.436 -0.231  0.044 240 180 78
-0.435 -0.231  0.045 252 196 90
-0.433 -0.231  0.045 250 198 97
-0.431 -0.231  0.045 233 179 80
-0.428 -0.230  0.045 222 165 85
-0.426 -0.229  0.045 217 172 114
-0.478 -0.201  0.020 171 114 90
-0.477 -0.201  0.021 151 109 81
-0.476 -0.203  0.022 152 114 80
-0.475 -0.205  0.024 179 132 79
-0.476 -0.209  0.026 194 139 71
-0.476 -0.211  0.028 192 135 64
-0.477 -0.216  0.031 192 131 58
-0.478 -0.220  0.034 196 134 53
-0.479 -0.225  0.037 204 143 51
-0.479 -0.228  0.039 214 156 53
-0.479 -0.230  0.040 226 168 62
-0.479 -0.232  0.041 236 173 66
-0.478 -0.233  0.042 238 177 68
-0.477 -0.234  0.043 239 173 65
-0.476 -0.235  0.044 239 175 67
-0.474 -0.235  0.044 238 174 64
-0.473 -0.236  0.045 237 178 66
-0.472 -0.235  0.045 238 177 67
-0.470 -0.236  0.045 239 176 66
-0.469 -0.236  0.045 237 179 64
-0.467 -0.236  0.046 237 178 63
-0.466 -0.236  0.046 237 178 64
-0.464 -0.236  0.046 240 176 64
-0.462 -0.236  0.046 237 176 65
-0.461 -0.236  0.046 237 177 66
-0.459 -0.236  0.047 239 177 63
-0.457 -0.235  0.046 237 178 63
-0.456 -0.235  0.047 238 178 62
-0.454 -0.235  0.047 238 179 63
-0.451 -0.234  0.046 239 181 66
-0.449 -0.233  0.046 241 180 64
-0.446 -0.232  0.046 240 180 68
-0.444 -0.231  0.045 236 178 65
-0.442 -0.230  0.045 236 178 65
-0.440 -0.230  0.045 236 177 68
-0.438 -0.230  0.045 245 180 79
-0.436 -0.230  0.045 251 211 100
-0.435 -0.230  0.046 246 189 98
-0.433 -0.230  0.046 234 174 77
-0.430 -0.229  0.046 222 166 78
-0.428 -0.228  0.046 216 165 93
-0.425 -0.227  0.045 218 181 122
-0.478 -0.199  0.021 170 111 80
-0.477 -0.200  0.022 150 115 86
-0.476 -0.202  0.023 147 110 79
-0.475 -0.204  0.025 165 131 86
-0.476 -0.207  0.027 187 136 68
-0.476 -0.210  0.029 193 134 65
-0.476 -0.214  0.031 188 131 63
-0.478 -0.219  0.035 190 132 58
-0.479 -0.223  0.037 194 130 52
-0.479 -0.227  0.040 201 138 47
-0.479 -0.229  0.041 209 149 50
-0.479 -0.231  0.043 220 160 58
-0.478 -0.233  0.044 232 172 63
-0.477 -0.234  0.045 235 178 66
-0.476 -0.235  0.045 235 173 66
-0.475 -0.235  0.046 224 167 63
-0.474 -0.236  0.046 232 176 63
-0.472 -0.236  0.046 240 176 68
-0.471 -0.236  0.047 240 176 64
-0.470 -0.236  0.047 237 176 62
-0.468 -0.236  0.047 238 179 65
-0.466 -0.236  0.048 238 177 66
-0.465 -0.236  0.048 239 179 67
-0.463 -0.236  0.048 241 177 65
-0.461 -0.236  0.048 238 177 65
-0.460 -0.236  0.048 237 173 64
-0.458 -0.235  0.048 238 178 66
-0.456 -0.235  0.048 238 179 64
-0.454 -0.235  0.048 239 180 64
-0.452 -0.234  0.048 239 180 66
-0.450 -0.233  0.048 238 180 66
-0.447 -0.232  0.047 235 178 66
-0.445 -0.231  0.047 238 181 69
-0.442 -0.230  0.047 244 178 71
-0.441 -0.230  0.047 247 190 81
-0.438 -0.229  0.047 239 187 90
-0.436 -0.229  0.047 240 178 79
-0.435 -0.229  0.047 229 167 75
-0.432 -0.228  0.047 218 156 76
-0.430 -0.227  0.046 214 159 83
-0.427 -0.227  0.046 215 166 102
-0.425 -0.226  0.046 220 183 129
-0.478 -0.198  0.022 198 155 98
-0.477 -0.199  0.023 154 120 96
-0.476 -0.200  0.024 143 107 79
-0.475 -0.202  0.026 161 120 88
-0.475 -0.205  0.027 172 131 83
-0.475 -0.208  0.029 186 136 66
-0.475 -0.210  0.031 187 132 63
-0.476 -0.215  0.034 189 131 58
-0.478 -0.221  0.038 187 127 55
-0.478 -0.224  0.040 190 127 51
-0.478 -0.227  0.041 194 132 49
-0.478 -0.229  0.043 203 138 45
-0.478 -0.231  0.044 213 152 55
-0.477 -0.232  0.045 219 164 63
-0.476 -0.233  0.046 228 174 67
-0.475 -0.235  0.047 229 169 67
-0.474 -0.235  0.048 234 179 67
-0.473 -0.236  0.048 238 179 69
-0.472 -0.236  0.049 237 176 66
-0.471 -0.237  0.049 239 176 62
-0.469 -0.236  0.049 240 178 66
-0.468 -0.237  0.050 239 172 67
-0.466 -0.236  0.049 239 175 69
-0.464 -0.236  0.049 236 173 67
-0.462 -0.236  0.049 236 177 69
-0.460 -0.235  0.050 235 177 68
-0.458 -0.235  0.049 236 175 67
-0.456 -0.234  0.049 239 178 67
-0.454 -0.234  0.049 239 180 67
-0.452 -0.233  0.049 242 181 70
-0.450 -0.233  0.049 242 180 69
-0.447 -0.231  0.049 239 180 70
-0.445 -0.231  0.049 238 185 74
-0.443 -0.231  0.049 237 180 75
-0.441 -0.230  0.049 235 172 71
-0.439 -0.229  0.048 226 165 72
-0.436 -0.228  0.048 220 159 75
-0.434 -0.228  0.048 214 154 74
-0.432 -0.227  0.048 210 153 77
-0.429 -0.225  0.047 212 160 86
-0.426 -0.224  0.047 208 168 111
-0.477 -0.198  0.025 187 152 124
-0.476 -0.199  0.026 157 109 84
-0.475 -0.201  0.027 152 114 83
-0.475 -0.203  0.028 164 119 90
-0.475 -0.206  0.030 176 122 71
-0.475 -0.208  0.032 185 133 63
-0.476 -0.214  0.035 185 132 60
-0.477 -0.218  0.038 187 129 55
-0.477 -0.221  0.040 188 128 51
-0.477 -0.224  0.041 188 127 50
-0.477 -0.227  0.043 190 130 49
-0.477 -0.228  0.044 193 133 48
-0.476 -0.230  0.046 201 135 47
-0.476 -0.232  0.047 208 145 51
-0.475 -0.234  0.048 213 154 58
-0.475 -0.235  0.049 218 163 62
-0.474 -0.235  0.050 227 171 64
-0.472 -0.236  0.050 232 176 67
-0.471 -0.236  0.050 234 175 65
-0.469 -0.235  0.050 235 176 67
-0.467 -0.235  0.050 236 177 68
-0.465 -0.235  0.050 236 174 68
-0.464 -0.235  0.050 232 172 72
-0.462 -0.234  0.050 220 159 66
-0.460 -0.234  0.051 225 165 66
-0.458 -0.234  0.051 235 176 68
-0.456 -0.233  0.050 240 181 72
-0.454 -0.233  0.050 241 181 72
-0.452 -0.232  0.050 242 181 74
-0.450 -0.231  0.050 241 180 73
-0.447 -0.230  0.050 231 178 74
-0.445 -0.230  0.050 223 170 75
-0.443 -0.229  0.050 220 162 70
-0.441 -0.229  0.050 217 156 67
-0.440 -0.229  0.050 213 151 67
-0.437 -0.228  0.050 209 147 70
-0.434 -0.226  0.049 209 151 73
-0.432 -0.226  0.049 210 157 79
-0.428 -0.224  0.048 208 160 93
-0.426 -0.222  0.047 205 170 121
-0.477 -0.196  0.025 194 168 137
-0.476 -0.198  0.026 164 114 84
-0.475 -0.199  0.027 152 107 80
-0.474 -0.201  0.029 179 117 86
-0.474 -0.203  0.030 190 112 77
-0.473 -0.205  0.032 186 121 64
-0.475 -0.211  0.035 187 128 58
-0.475 -0.214  0.037 185 128 56
-0.476 -0.218  0.040 187 126 51
-0.476 -0.221  0.042 184 128 54
-0.476 -0.224  0.043 184 123 53
-0.476 -0.226  0.045 186 130 53
-0.476 -0.228  0.046 189 128 47
-0.476 -0.231  0.048 191 125 47
-0.475 -0.232  0.049 195 128 46
-0.475 -0.234  0.050 198 136 47
-0.474 -0.234  0.051 206 140 49
-0.472 -0.235  0.051 212 147 51
-0.471 -0.235  0.051 216 151 51
-0.469 -0.234  0.051 218 155 54
-0.467 -0.234  0.051 219 161 57
-0.465 -0.234  0.051 221 163 59
-0.463 -0.233  0.051 221 163 62
-0.462 -0.233  0.051 217 161 62
-0.460 -0.233  0.051 219 165 65
-0.458 -0.232  0.051 221 170 68
-0.456 -0.232  0.051 220 167 66
-0.454 -0.231  0.051 220 163 65
-0.451 -0.230  0.051 220 161 65
-0.449 -0.229  0.050 222 158 60
-0.447 -0.229  0.051 218 157 66
-0.445 -0.228  0.050 214 154 71
-0.443 -0.228  0.050 210 149 69
-0.440 -0.227  0.050 206 146 66
-0.439 -0.227  0.051 205 149 68
-0.437 -0.227  0.051 206 149 70
-0.433 -0.224  0.050 208 154 76
-0.431 -0.223  0.049 206 158 86
-0.427 -0.221  0.048 198 159 108
-0.476 -0.194  0.026 191 164 141
-0.475 -0.196  0.027 187 125 84
-0.474 -0.197  0.028 176 114 84
-0.474 -0.199  0.030 191 116 82
-0.473 -0.201  0.031 195 107 75
-0.473 -0.204  0.032 194 105 71
-0.472 -0.205  0.033 189 115 61
-0.472 -0.207  0.035 184 127 57
-0.472 -0.210  0.037 184 128 53
-0.472 -0.213  0.039 183 125 51
-0.472 -0.216  0.041 184 125 53
-0.472 -0.218  0.042 188 130 56
-0.475 -0.226  0.047 187 129 51
-0.475 -0.229  0.048 184 126 50
-0.475 -0.231  0.050 186 123 47
-0.474 -0.232  0.051 184 125 46
-0.473 -0.233  0.051 187 130 48
-0.472 -0.234  0.052 192 129 46
-0.471 -0.234  0.053 200 137 46
-0.468 -0.233  0.052 198 135 48
-0.468 -0.234  0.053 199 137 48
-0.465 -0.232  0.052 202 142 51
-0.463 -0.231  0.052 205 142 52
-0.461 -0.232  0.052 203 145 54
-0.459 -0.231  0.052 204 145 53
-0.458 -0.231  0.052 208 145 55
-0.455 -0.230  0.052 207 145 56
-0.454 -0.230  0.052 205 145 58
-0.451 -0.229  0.052 200 142 62
-0.448 -0.227  0.051 205 147 60
-0.447 -0.227  0.051 204 146 64
-0.444 -0.226  0.051 205 141 66
-0.442 -0.226  0.051 206 145 64
-0.440 -0.226  0.051 205 146 70
-0.438 -0.225  0.051 205 149 73
-0.436 -0.224  0.051 205 150 74
-0.432 -0.222  0.050 205 157 83
-0.430 -0.221  0.050 192 157 101
-0.476 -0.192  0.027 191 164 141
-0.475 -0.194  0.028 194 131 93
-0.474 -0.195  0.029 184 122 99
-0.473 -0.197  0.030 195 115 83
-0.473 -0.199  0.031 195 108 72
-0.472 -0.201  0.033 194 103 69
-0.471 -0.202  0.033 195 101 65
-0.471 -0.204  0.035 188 109 57
-0.471 -0.207  0.037 183 117 52
-0.471 -0.210  0.039 183 129 54
-0.471 -0.214  0.041 186 125 50
-0.471 -0.216  0.043 187 123 53
-0.475 -0.224  0.047 186 128 54
-0.475 -0.227  0.049 186 126 51
-0.474 -0.229  0.050 185 126 49
-0.474 -0.230  0.051 185 125 50
-0.473 -0.232  0.052 186 121 49
-0.472 -0.232  0.053 186 129 51
-0.470 -0.231  0.053 188 128 49
-0.468 -0.231  0.052 191 127 49
-0.466 -0.230  0.052 191 130 45
-0.464 -0.230  0.053 191 130 49
-0.462 -0.230  0.053 192 134 52
-0.461 -0.230  0.053 192 132 53
-0.459 -0.230  0.053 196 133 52
-0.457 -0.229  0.053 199 136 56
-0.455 -0.228  0.053 197 137 55
-0.453 -0.228  0.053 198 137 60
-0.450 -0.227  0.052 194 136 61
-0.448 -0.226  0.052 199 144 62
-0.446 -0.225  0.052 200 139 64
-0.443 -0.224  0.051 201 145 69
-0.441 -0.223  0.052 205 146 70
-0.440 -0.225  0.052 203 147 73
-0.437 -0.223  0.052 201 150 75
-0.435 -0.222  0.051 198 152 83
-0.431 -0.219  0.050 189 152 101
-0.429 -0.218  0.050 177 165 130
-0.475 -0.190  0.027 185 159 140
-0.474 -0.191  0.028 195 133 97
-0.473 -0.192  0.029 192 130 102
-0.473 -0.195  0.031 197 114 82
-0.472 -0.197  0.032 196 108 76
-0.471 -0.199  0.033 198 101 69
-0.471 -0.200  0.034 198 97 64
-0.470 -0.203  0.036 193 95 61
-0.470 -0.204  0.037 188 95 58
-0.470 -0.208  0.039 177 111 56
-0.470 -0.211  0.041 180 123 55
-0.471 -0.215  0.044 185 130 57
-0.474 -0.222  0.047 186 128 52
-0.474 -0.225  0.050 186 128 51
-0.474 -0.227  0.051 183 127 50
-0.474 -0.229  0.052 185 122 46
-0.473 -0.231  0.053 183 124 48
-0.471 -0.230  0.053 184 125 49
-0.469 -0.229  0.053 185 129 50
-0.467 -0.228  0.053 188 127 50
-0.465 -0.229  0.053 188 128 48
-0.463 -0.228  0.053 192 132 51
-0.462 -0.228  0.053 191 131 52
-0.460 -0.228  0.053 190 134 53
-0.459 -0.228  0.054 190 135 56
-0.457 -0.228  0.054 191 134 55
-0.454 -0.227  0.053 191 137 58
-0.452 -0.226  0.054 195 139 63
-0.450 -0.225  0.053 192 138 63
-0.447 -0.224  0.053 198 145 66
-0.444 -0.222  0.052 200 141 62
-0.440 -0.218  0.050 200 142 68
-0.437 -0.217  0.050 201 143 69
-0.437 -0.220  0.052 199 150 77
-0.431 -0.213  0.048 188 152 89
-0.428 -0.212  0.048 174 147 104
-0.425 -0.211  0.048 178 163 133
-0.423 -0.210  0.047 161 170 150
-0.474 -0.187  0.028 180 158 135
-0.473 -0.188  0.028 191 141 107
-0.472 -0.189  0.029 194 130 102
-0.471 -0.191  0.030 199 113 83
-0.470 -0.192  0.031 198 105 74
-0.469 -0.194  0.032 198 101 67
-0.469 -0.196  0.034 196 92 62
-0.469 -0.198  0.035 192 92 60
-0.469 -0.201  0.037 189 93 58
-0.469 -0.204  0.039 184 93 60
-0.469 -0.208  0.041 177 93 58
-0.469 -0.211  0.043 174 107 52
-0.472 -0.218  0.047 174 120 51
-0.473 -0.222  0.050 179 129 55
-0.473 -0.225  0.051 182 128 51
-0.472 -0.226  0.052 184 125 48
-0.472 -0.228  0.054 182 124 50
-0.470 -0.227  0.053 184 123 45
-0.468 -0.226  0.053 186 129 48
-0.466 -0.225  0.053 186 127 46
-0.464 -0.225  0.053 187 129 48
-0.462 -0.225  0.053 189 131 50
-0.461 -0.226  0.054 190 136 53
-0.460 -0.226  0.054 190 134 51
-0.458 -0.226  0.054 190 133 55
-0.456 -0.226  0.055 192 136 58
-0.453 -0.224  0.054 192 134 57
-0.452 -0.224  0.054 194 136 59
-0.449 -0.223  0.054 193 134 61
-0.446 -0.221  0.053 198 144 67
-0.444 -0.220  0.053 197 143 67
-0.440 -0.218  0.052 195 147 75
-0.437 -0.215  0.051 190 144 81
-0.434 -0.213  0.050 162 138 92
-0.429 -0.210  0.048 137 122 115
-0.427 -0.209  0.048 132 128 132
-0.424 -0.207  0.048 163 154 141
-0.421 -0.207  0.048 150 154 149
-0.473 -0.184  0.028 182 163 136
-0.472 -0.185  0.029 187 141 109
-0.471 -0.186  0.029 192 128 104
-0.470 -0.188  0.030 196 115 87
-0.469 -0.189  0.031 196 106 74
-0.468 -0.191  0.033 194 102 72
-0.468 -0.193  0.034 192 93 62
-0.467 -0.195  0.035 189 93 62
-0.467 -0.198  0.037 191 88 54
-0.468 -0.201  0.039 189 89 58
-0.468 -0.205  0.042 186 91 60
-0.469 -0.209  0.044 183 91 61
-0.471 -0.215  0.047 183 93 59
-0.472 -0.219  0.049 176 102 55
-0.472 -0.222  0.051 162 111 55
-0.471 -0.223  0.052 168 122 59
-0.471 -0.225  0.054 174 127 58
-0.470 -0.226  0.054 179 129 52
-0.467 -0.224  0.053 181 127 48
-0.465 -0.224  0.054 184 129 47
-0.463 -0.223  0.054 188 127 48
-0.462 -0.224  0.054 185 130 49
-0.460 -0.224  0.054 188 130 50
-0.459 -0.224  0.055 188 132 51
-0.457 -0.224  0.055 189 131 53
-0.456 -0.224  0.055 189 133 56
-0.453 -0.222  0.055 190 137 56
-0.451 -0.222  0.055 191 138 61
-0.448 -0.221  0.054 192 137 61
-0.445 -0.219  0.054 192 151 80
-0.443 -0.218  0.053 168 140 83
-0.438 -0.214  0.051 141 129 93
-0.435 -0.212  0.051 134 116 107
-0.433 -0.212  0.051 119 116 116
-0.428 -0.207  0.049 112 116 130
-0.425 -0.206  0.048 120 120 132
-0.423 -0.206  0.049 150 143 136
-0.420 -0.204  0.048 168 154 138
-0.472 -0.181  0.028 174 162 142
-0.471 -0.182  0.028 184 139 108
-0.470 -0.183  0.029 189 129 104
-0.469 -0.185  0.030 193 113 85
-0.468 -0.186  0.032 195 107 76
-0.467 -0.188  0.033 192 101 73
-0.467 -0.190  0.034 192 93 65
-0.467 -0.192  0.036 190 91 63
-0.466 -0.195  0.037 193 90 56
-0.467 -0.199  0.040 195 89 56
-0.468 -0.203  0.042 192 92 59
-0.468 -0.206  0.044 193 94 61
-0.470 -0.212  0.047 191 92 61
-0.470 -0.216  0.050 169 92 64
-0.471 -0.218  0.051 121 79 67
-0.470 -0.220  0.052 111 78 72
-0.470 -0.222  0.054 114 86 66
-0.468 -0.222  0.054 120 100 63
-0.466 -0.221  0.053 129 112 65
-0.464 -0.220  0.053 139 116 64
-0.462 -0.220  0.053 152 123 62
-0.460 -0.220  0.054 160 127 63
-0.458 -0.220  0.054 168 126 59
-0.457 -0.220  0.054 171 132 64
-0.455 -0.220  0.055 168 131 65
-0.454 -0.221  0.055 159 130 67
-0.452 -0.219  0.055 153 128 69
-0.450 -0.219  0.055 150 125 74
-0.447 -0.218  0.055 148 121 78
-0.444 -0.216  0.054 125 103 92
-0.441 -0.214  0.053 116 100 101
-0.437 -0.211  0.052 106 110 110
-0.434 -0.209  0.051 102 105 119
-0.431 -0.208  0.051 101 112 124
-0.426 -0.204  0.049 112 123 133
-0.424 -0.203  0.049 119 129 139
-0.421 -0.202  0.048 137 139 137
-0.419 -0.202  0.049 184 160 141
-0.471 -0.178  0.028 179 161 142
-0.470 -0.179  0.029 181 142 109
-0.469 -0.181  0.030 171 131 105
-0.468 -0.182  0.031 186 113 86
-0.467 -0.183  0.032 188 103 77
-0.466 -0.185  0.033 190 103 75
-0.466 -0.187  0.034 192 94 67
-0.466 -0.190  0.036 191 93 66
-0.466 -0.193  0.038 192 92 59
-0.466 -0.196  0.040 193 89 58
-0.466 -0.200  0.042 193 89 58
-0.467 -0.203  0.044 176 100 62
-0.468 -0.208  0.047 165 96 64
-0.468 -0.211  0.049 144 80 63
-0.469 -0.214  0.051 117 94 72
-0.467 -0.215  0.051 119 87 71
-0.467 -0.217  0.053 122 97 71
-0.466 -0.218  0.053 105 89 73
-0.464 -0.217  0.053 93 75 77
-0.462 -0.217  0.053 86 71 78
-0.460 -0.216  0.053 96 75 80
-0.459 -0.217  0.054 114 82 78
-0.457 -0.217  0.054 116 93 75
-0.456 -0.217  0.054 131 94 77
-0.454 -0.217  0.055 140 97 77
-0.453 -0.217  0.055 129 91 79
-0.450 -0.216  0.055 132 103 82
-0.449 -0.217  0.055 124 111 88
-0.445 -0.214  0.054 104 97 92
-0.442 -0.212  0.053 109 96 97
-0.439 -0.211  0.053 120 115 104
-0.435 -0.208  0.052 101 101 110
-0.432 -0.206  0.051 98 103 118
-0.430 -0.205  0.051 102 112 125
-0.424 -0.200  0.049 131 130 139
-0.422 -0.199  0.049 126 136 148
-0.420 -0.199  0.049 135 139 143
-0.470 -0.175  0.028 179 164 141
-0.469 -0.176  0.029 178 148 115
-0.468 -0.178  0.030 154 134 110
-0.468 -0.180  0.032 157 114 89
-0.467 -0.182  0.033 178 111 81
-0.466 -0.183  0.034 187 103 76
-0.466 -0.186  0.036 188 100 69
-0.465 -0.187  0.036 186 96 65
-0.465 -0.190  0.038 188 94 60
-0.464 -0.192  0.040 191 92 60
-0.464 -0.195  0.041 190 96 61
-0.464 -0.197  0.043 163 98 63
-0.464 -0.200  0.044 151 100 66
-0.463 -0.202  0.046 138 97 65
-0.463 -0.204  0.047 134 100 69
-0.465 -0.209  0.050 129 94 71
-0.464 -0.211  0.051 129 89 66
-0.463 -0.212  0.052 113 98 69
-0.462 -0.214  0.053 111 87 76
-0.460 -0.213  0.053 81 75 76
-0.459 -0.213  0.053 72 73 83
-0.457 -0.213  0.054 90 72 80
-0.455 -0.213  0.054 95 87 82
-0.454 -0.214  0.054 114 86 82
-0.452 -0.214  0.055 124 89 77
-0.451 -0.214  0.055 128 109 85
-0.449 -0.213  0.055 129 111 86
-0.447 -0.213  0.055 103 88 91
-0.445 -0.213  0.055 110 94 92
-0.442 -0.212  0.055 124 110 100
-0.439 -0.210  0.054 108 102 102
-0.435 -0.206  0.053 93 101 110
-0.432 -0.204  0.052 98 105 119
-0.428 -0.202  0.051 108 111 127
-0.424 -0.198  0.050 124 128 141
-0.421 -0.197  0.049 124 133 141
-0.419 -0.197  0.050 133 140 145
-0.470 -0.173  0.029 175 159 139
-0.469 -0.174  0.030 174 148 119
-0.468 -0.175  0.031 146 138 115
-0.467 -0.177  0.032 129 113 94
-0.466 -0.178  0.033 132 104 86
-0.465 -0.181  0.034 145 102 82
-0.465 -0.183  0.036 171 103 69
-0.465 -0.186  0.038 178 101 61
-0.464 -0.188  0.039 179 99 58
-0.464 -0.190  0.040 173 101 62
-0.464 -0.193  0.042 171 100 63
-0.463 -0.195  0.043 167 103 59
-0.462 -0.196  0.044 156 103 63
-0.462 -0.199  0.046 131 95 68
-0.461 -0.200  0.047 120 89 65
-0.460 -0.201  0.048 126 98 69
-0.459 -0.203  0.049 122 91 70
-0.458 -0.202  0.049 124 99 68
-0.455 -0.201  0.048 124 95 71
-0.453 -0.201  0.049 105 87 78
-0.451 -0.200  0.048 83 70 77
-0.449 -0.199  0.048 83 75 73
-0.447 -0.200  0.049 118 83 76
-0.446 -0.200  0.049 118 83 71
-0.445 -0.201  0.050 122 106 71
-0.443 -0.202  0.051 110 95 79
-0.442 -0.202  0.051 103 86 83
-0.441 -0.203  0.052 104 86 87
-0.440 -0.205  0.053 121 113 96
-0.438 -0.204  0.053 107 99 102
-0.436 -0.205  0.053 95 97 104
-0.434 -0.203  0.053 93 102 112
-0.430 -0.201  0.052 96 104 119
-0.428 -0.200  0.052 101 110 124
-0.423 -0.196  0.051 110 118 130
-0.421 -0.196  0.050 122 129 136
-0.418 -0.195  0.050 134 141 146
-0.469 -0.170  0.029 173 156 141
-0.468 -0.171  0.030 172 147 116
-0.467 -0.173  0.031 148 139 113
-0.466 -0.174  0.032 127 116 96
-0.465 -0.176  0.033 116 107 89
-0.464 -0.178  0.035 127 104 84
-0.464 -0.180  0.036 164 117 73
-0.464 -0.183  0.038 175 118 68
-0.464 -0.186  0.040 178 116 64
-0.463 -0.187  0.041 180 124 67
-0.462 -0.189  0.042 182 123 66
-0.462 -0.192  0.044 186 130 64
-0.461 -0.193  0.045 184 134 64
-0.461 -0.196  0.046 180 135 64
-0.460 -0.196  0.047 176 132 67
-0.458 -0.197  0.047 176 121 71
-0.457 -0.197  0.047 149 103 68
-0.455 -0.196  0.048 113 93 68
-0.453 -0.196  0.048 95 93 72
-0.451 -0.197  0.048 91 86 71
-0.449 -0.195  0.048 81 66 64
-0.447 -0.195  0.048 82 64 58
-0.445 -0.196  0.049 106 66 56
-0.444 -0.196  0.049 124 74 53
-0.443 -0.197  0.050 146 96 61
-0.442 -0.199  0.051 163 108 65
-0.440 -0.199  0.051 167 117 72
-0.440 -0.200  0.052 165 112 77
-0.438 -0.201  0.053 129 106 84
-0.437 -0.201  0.053 103 94 95
-0.435 -0.202  0.054 97 98 103
-0.433 -0.201  0.054 94 101 115
-0.429 -0.198  0.053 94 104 118
-0.426 -0.197  0.052 101 110 123
-0.422 -0.194  0.051 110 119 129
-0.419 -0.192  0.051 127 131 134
-0.417 -0.192  0.051 148 146 141
-0.468 -0.168  0.030 177 169 147
-0.467 -0.168  0.031 171 148 120
-0.466 -0.170  0.032 148 137 111
-0.465 -0.171  0.033 126 117 99
-0.464 -0.173  0.034 114 109 93
-0.463 -0.175  0.035 137 110 84
-0.463 -0.177  0.037 169 126 73
-0.463 -0.180  0.038 175 126 70
-0.462 -0.182  0.040 180 125 66
-0.462 -0.185  0.041 190 133 66
-0.461 -0.186  0.042 194 136 69
-0.461 -0.189  0.044 195 135 64
-0.460 -0.190  0.045 199 139 62
-0.459 -0.191  0.046 201 144 64
-0.458 -0.192  0.046 195 139 66
-0.456 -0.192  0.047 198 147 74
-0.454 -0.192  0.047 172 128 64
-0.453 -0.192  0.047 134 95 54
-0.451 -0.192  0.047 99 61 51
-0.448 -0.191  0.047 83 62 52
-0.446 -0.191  0.047 84 62 55
-0.445 -0.191  0.048 108 65 43
-0.444 -0.192  0.049 138 86 48
-0.443 -0.193  0.049 166 113 57
-0.442 -0.195  0.050 181 121 62
-0.441 -0.196  0.051 194 131 63
-0.440 -0.197  0.052 203 138 64
-0.439 -0.198  0.053 205 144 72
-0.438 -0.199  0.054 191 141 80
-0.436 -0.199  0.054 159 120 93
-0.433 -0.198  0.054 115 97 102
-0.430 -0.195  0.053 99 102 112
-0.427 -0.194  0.052 97 108 116
-0.423 -0.191  0.051 103 114 124
-0.421 -0.191  0.051 115 122 130
-0.419 -0.190  0.052 135 135 138
-0.416 -0.189  0.051 170 154 144
-0.468 -0.165  0.031 177 171 145
-0.467 -0.166  0.032 169 155 124
-0.465 -0.167  0.032 147 138 109
-0.464 -0.169  0.033 125 119 103
-0.464 -0.171  0.035 116 116 97
-0.463 -0.172  0.036 148 117 86
-0.462 -0.175  0.037 170 124 73
-0.462 -0.177  0.039 178 128 68
-0.461 -0.179  0.040 182 132 66
-0.461 -0.182  0.042 198 140 68
-0.460 -0.184  0.043 201 148 75
-0.460 -0.186  0.044 199 139 66
-0.459 -0.187  0.045 207 150 68
-0.458 -0.189  0.046 210 152 74
-0.457 -0.189  0.047 204 143 66
-0.455 -0.189  0.047 203 145 73
-0.453 -0.189  0.047 187 132 61
-0.451 -0.189  0.047 154 103 55
-0.449 -0.188  0.047 116 61 47
-0.447 -0.187  0.047 101 63 49
-0.445 -0.187  0.047 119 69 51
-0.443 -0.188  0.048 153 103 49
-0.442 -0.189  0.049 175 114 55
-0.441 -0.190  0.049 191 129 56
-0.440 -0.192  0.051 203 136 60
-0.440 -0.193  0.052 209 139 63
-0.439 -0.194  0.053 214 147 64
-0.438 -0.195  0.053 221 154 71
-0.436 -0.196  0.054 221 157 80
-0.435 -0.196  0.054 210 152 90
-0.432 -0.196  0.054 142 130 103
-0.429 -0.194  0.054 105 112 118
-0.426 -0.192  0.053 105 114 125
-0.423 -0.190  0.053 110 120 137
-0.420 -0.189  0.052 121 135 146
-0.418 -0.188  0.052 151 165 156
-0.467 -0.163  0.031 179 168 144
-0.466 -0.164  0.032 169 151 121
-0.465 -0.165  0.033 146 141 113
-0.464 -0.166  0.034 125 124 107
-0.463 -0.168  0.035 116 119 101
-0.462 -0.170  0.036 150 121 88
-0.462 -0.173  0.038 174 129 72
-0.461 -0.175  0.039 181 130 66
-0.461 -0.177  0.041 184 132 65
-0.460 -0.179  0.042 196 147 72
-0.460 -0.181  0.043 201 152 77
-0.459 -0.183  0.045 201 141 66
-0.458 -0.185  0.046 207 152 73
-0.457 -0.185  0.046 209 151 76
-0.456 -0.186  0.047 206 149 75
-0.454 -0.186  0.047 214 157 94
-0.452 -0.186  0.047 198 134 62
-0.450 -0.186  0.048 151 106 61
-0.448 -0.185  0.048 121 63 48
-0.446 -0.184  0.048 138 74 47
-0.444 -0.184  0.048 165 111 53
-0.442 -0.185  0.048 183 122 54
-0.441 -0.186  0.049 194 126 58
-0.440 -0.187  0.050 203 135 55
-0.440 -0.189  0.051 210 141 60
-0.439 -0.190  0.052 216 142 63
-0.438 -0.192  0.053 220 152 67
-0.437 -0.193  0.054 224 157 72
-0.436 -0.194  0.055 225 159 79
-0.434 -0.194  0.055 226 163 93
-0.432 -0.193  0.055 174 151 108
-0.429 -0.192  0.055 123 136 128
-0.426 -0.190  0.054 116 143 137
-0.422 -0.188  0.053 136 162 158
-0.420 -0.187  0.053 135 175 179
-0.417 -0.186  0.053 150 171 175
-0.465 -0.161  0.033 169 152 122
-0.464 -0.162  0.034 143 139 117
-0.463 -0.164  0.035 124 126 109
-0.462 -0.166  0.036 111 119 104
-0.462 -0.168  0.037 147 121 89
-0.461 -0.170  0.039 174 135 73
-0.461 -0.172  0.040 181 130 66
-0.460 -0.175  0.041 185 134 64
-0.460 -0.178  0.043 192 139 66
-0.459 -0.180  0.044 197 141 67
-0.459 -0.181  0.046 199 142 66
-0.458 -0.182  0.046 207 148 67
-0.456 -0.183  0.047 207 145 70
-0.455 -0.184  0.048 221 158 84
-0.453 -0.184  0.048 212 167 106
-0.451 -0.184  0.048 197 133 63
-0.449 -0.183  0.048 137 100 62
-0.448 -0.183  0.049 124 71 52
-0.445 -0.183  0.049 165 110 50
-0.444 -0.184  0.049 185 122 51
-0.442 -0.184  0.050 195 131 57
-0.441 -0.185  0.051 204 135 57
-0.441 -0.187  0.052 207 139 59
-0.440 -0.188  0.053 215 144 61
-0.439 -0.189  0.054 219 147 64
-0.438 -0.191  0.055 223 156 72
-0.437 -0.192  0.055 234 167 86
-0.435 -0.192  0.056 233 164 83
-0.434 -0.192  0.056 233 168 94
-0.432 -0.192  0.056 201 163 101
-0.429 -0.190  0.056 144 138 99
-0.426 -0.189  0.055 129 146 112
-0.422 -0.187  0.055 137 156 135
-0.419 -0.185  0.054 143 172 162
-0.416 -0.184  0.054 155 176 162
-0.465 -0.158  0.033 168 151 122
-0.464 -0.160  0.034 144 143 118
-0.463 -0.162  0.036 123 129 113
-0.462 -0.164  0.037 112 120 106
-0.461 -0.166  0.038 139 116 90
-0.461 -0.168  0.040 172 136 73
-0.460 -0.170  0.041 179 131 66
-0.460 -0.173  0.042 184 133 65
-0.460 -0.176  0.044 188 134 63
-0.459 -0.178  0.045 193 139 63
-0.458 -0.180  0.047 198 140 63
-0.458 -0.181  0.048 202 145 63
-0.456 -0.182  0.048 204 148 71
-0.455 -0.182  0.049 221 167 89
-0.453 -0.182  0.049 208 151 84
-0.451 -0.182  0.049 194 130 60
-0.449 -0.182  0.049 130 91 56
-0.447 -0.182  0.050 161 97 44
-0.446 -0.182  0.050 188 125 49
-0.444 -0.182  0.050 197 131 53
-0.442 -0.183  0.051 204 134 58
-0.442 -0.184  0.052 207 138 60
-0.441 -0.186  0.053 212 146 63
-0.440 -0.187  0.054 217 149 69
-0.439 -0.189  0.055 220 149 69
-0.438 -0.190  0.056 227 166 81
-0.437 -0.191  0.056 228 172 95
-0.435 -0.191  0.057 235 171 92
-0.434 -0.191  0.057 232 176 106
-0.432 -0.191  0.057 205 169 99
-0.428 -0.189  0.057 151 142 100
-0.426 -0.188  0.057 135 157 108
-0.422 -0.186  0.056 143 168 118
-0.419 -0.184  0.056 155 178 135
-0.416 -0.182  0.055 170 179 146
-0.464 -0.156  0.034 168 156 126
-0.463 -0.158  0.035 145 143 119
-0.462 -0.160  0.036 124 130 117
-0.461 -0.161  0.037 112 120 110
-0.461 -0.163  0.039 122 115 96
-0.460 -0.166  0.040 166 135 76
-0.459 -0.167  0.041 179 130 65
-0.459 -0.171  0.043 183 131 63
-0.460 -0.174  0.045 187 132 61
-0.459 -0.176  0.047 191 139 62
-0.458 -0.178  0.048 196 141 60
-0.457 -0.179  0.048 203 141 62
-0.456 -0.180  0.049 204 150 72
-0.455 -0.181  0.050 210 151 73
-0.453 -0.181  0.050 207 145 64
-0.451 -0.181  0.050 181 125 59
-0.449 -0.180  0.050 145 82 53
-0.447 -0.180  0.051 181 120 50
-0.445 -0.180  0.051 195 131 53
-0.444 -0.181  0.052 202 134 55
-0.442 -0.181  0.052 205 137 59
-0.442 -0.183  0.053 211 145 64
-0.441 -0.184  0.054 222 162 79
-0.440 -0.186  0.055 220 155 75
-0.439 -0.187  0.056 221 151 71
-0.438 -0.188  0.057 224 156 74
-0.437 -0.189  0.058 226 163 85
-0.435 -0.189  0.058 238 177 100
-0.433 -0.189  0.058 232 170 98
-0.431 -0.189  0.058 199 170 102
-0.428 -0.188  0.058 151 148 98
-0.426 -0.186  0.058 139 162 110
-0.422 -0.184  0.057 145 174 120
-0.419 -0.182  0.057 158 181 133
-0.415 -0.180  0.056 181 185 144
-0.463 -0.153  0.035 168 160 128
-0.462 -0.155  0.036 144 143 120
-0.462 -0.157  0.037 125 131 117
-0.461 -0.159  0.038 112 122 109
-0.460 -0.161  0.040 110 120 97
-0.460 -0.164  0.041 158 124 78
-0.459 -0.166  0.042 177 131 67
-0.459 -0.169  0.044 182 128 61
-0.459 -0.173  0.046 187 133 65
-0.459 -0.175  0.047 193 135 62
-0.458 -0.177  0.049 196 138 61
-0.457 -0.178  0.050 203 143 66
-0.456 -0.179  0.050 207 150 78
-0.454 -0.179  0.051 206 146 66
-0.453 -0.180  0.051 199 139 59
-0.451 -0.179  0.051 170 106 52
-0.449 -0.179  0.052 164 100 47
-0.447 -0.179  0.052 186 130 55
-0.446 -0.179  0.052 198 132 55
-0.444 -0.180  0.053 202 137 59
-0.443 -0.181  0.054 203 136 62
-0.442 -0.182  0.055 211 151 69
-0.441 -0.183  0.056 214 150 70
-0.440 -0.184  0.056 216 146 68
-0.439 -0.185  0.057 219 156 71
-0.438 -0.187  0.058 222 157 74
-0.436 -0.187  0.058 224 161 87
-0.435 -0.188  0.059 231 174 101
-0.433 -0.188  0.059 229 170 93
-0.430 -0.187  0.059 183 169 102
-0.428 -0.186  0.059 145 154 101
-0.425 -0.185  0.059 156 166 115
-0.422 -0.182  0.058 157 175 125
-0.419 -0.182  0.058 161 178 136
-0.463 -0.151  0.035 165 154 125
-0.462 -0.153  0.037 143 142 119
-0.461 -0.155  0.038 125 129 110
-0.460 -0.157  0.039 113 121 100
-0.460 -0.159  0.041 107 111 88
-0.460 -0.162  0.042 138 116 74
-0.459 -0.164  0.043 171 130 69
-0.459 -0.168  0.045 181 130 64
-0.459 -0.171  0.047 184 131 62
-0.458 -0.173  0.048 188 133 60
-0.458 -0.175  0.050 195 139 63
-0.457 -0.176  0.051 202 147 66
-0.455 -0.177  0.051 203 145 67
-0.454 -0.177  0.052 203 144 65
-0.452 -0.178  0.052 190 132 60
-0.451 -0.178  0.053 179 111 45
-0.449 -0.177  0.053 181 112 47
-0.447 -0.178  0.053 193 129 55
-0.446 -0.179  0.054 199 133 55
-0.445 -0.180  0.055 202 137 60
-0.443 -0.180  0.055 204 141 65
-0.442 -0.181  0.056 207 145 67
-0.441 -0.182  0.057 209 145 67
-0.440 -0.184  0.058 211 150 69
-0.438 -0.184  0.058 218 152 71
-0.437 -0.185  0.059 222 159 78
-0.436 -0.185  0.059 222 164 86
-0.434 -0.185  0.060 225 161 87
-0.432 -0.185  0.060 224 168 93
-0.430 -0.185  0.060 168 157 101
-0.427 -0.184  0.060 141 157 105
-0.425 -0.183  0.060 150 175 122
-0.421 -0.181  0.059 163 186 133
-0.418 -0.179  0.059 167 184 143
-0.461 -0.147  0.036 169 152 121
-0.460 -0.149  0.037 142 128 106
-0.460 -0.152  0.038 127 121 94
-0.460 -0.155  0.040 120 121 88
-0.460 -0.158  0.042 113 116 81
-0.459 -0.161  0.043 116 113 76
-0.459 -0.162  0.044 159 122 70
-0.459 -0.166  0.046 177 129 66
-0.459 -0.169  0.048 182 130 62
-0.458 -0.171  0.049 186 136 59
-0.457 -0.172  0.050 195 136 60
-0.456 -0.174  0.051 204 143 66
-0.455 -0.174  0.052 206 146 65
-0.453 -0.175  0.052 200 142 64
-0.452 -0.176  0.053 194 122 50
-0.450 -0.176  0.053 194 123 48
-0.448 -0.176  0.054 195 126 50
-0.447 -0.177  0.054 197 125 51
-0.446 -0.178  0.055 198 132 55
-0.444 -0.178  0.056 198 138 61
-0.443 -0.179  0.056 202 143 65
-0.442 -0.180  0.057 207 139 62
-0.441 -0.181  0.058 210 145 64
-0.440 -0.182  0.059 213 149 70
-0.438 -0.183  0.059 217 154 74
-0.437 -0.183  0.060 223 164 84
-0.435 -0.183  0.060 224 161 81
-0.433 -0.183  0.060 226 164 85
-0.431 -0.183  0.061 218 170 94
-0.429 -0.183  0.061 178 164 102
-0.426 -0.181  0.061 145 157 106
-0.424 -0.180  0.061 142 169 122
-0.420 -0.178  0.060 164 196 145
-0.417 -0.175  0.059 166 184 145
-0.461 -0.144  0.036 170 154 120
-0.460 -0.146  0.037 151 130 101
-0.459 -0.149  0.039 134 130 96
-0.460 -0.153  0.041 123 129 91
-0.459 -0.156  0.043 113 122 83
-0.459 -0.159  0.044 108 120 78
-0.458 -0.160  0.045 124 120 73
-0.458 -0.164  0.047 158 121 68
-0.458 -0.167  0.049 174 128 66
-0.457 -0.169  0.050 182 130 62
-0.457 -0.171  0.051 193 135 59
-0.456 -0.172  0.052 200 141 66
-0.454 -0.172  0.053 202 137 62
-0.453 -0.173  0.053 194 125 55
-0.451 -0.173  0.054 198 131 52
-0.450 -0.174  0.054 205 135 53
-0.448 -0.174  0.055 203 135 55
-0.447 -0.175  0.056 202 132 55
-0.446 -0.176  0.056 201 129 55
-0.445 -0.177  0.057 198 137 62
-0.443 -0.178  0.058 200 139 61
-0.442 -0.179  0.059 206 143 63
-0.441 -0.180  0.060 210 148 66
-0.440 -0.181  0.060 213 148 72
-0.438 -0.181  0.061 217 157 78
-0.436 -0.182  0.061 219 159 82
-0.434 -0.181  0.061 224 159 82
-0.432 -0.181  0.061 225 163 85
-0.430 -0.180  0.061 187 160 94
-0.428 -0.180  0.061 151 150 99
-0.425 -0.179  0.061 141 155 106
-0.422 -0.177  0.061 144 172 120
-0.419 -0.175  0.060 154 183 141
-0.415 -0.172  0.060 173 180 143
-0.459 -0.140  0.036 169 152 118
-0.458 -0.141  0.037 159 136 102
-0.458 -0.145  0.039 140 139 97
-0.459 -0.150  0.042 124 134 91
-0.458 -0.153  0.043 113 127 83
-0.458 -0.156  0.045 112 124 78
-0.458 -0.158  0.046 110 124 76
-0.458 -0.162  0.048 122 115 74
-0.458 -0.165  0.050 121 107 67
-0.457 -0.167  0.051 132 113 68
-0.456 -0.169  0.052 166 123 59
-0.455 -0.170  0.053 184 126 60
-0.454 -0.170  0.054 197 125 50
-0.452 -0.171  0.054 202 132 54
-0.451 -0.172  0.055 203 141 59
-0.450 -0.172  0.056 208 144 60
-0.448 -0.173  0.056 209 143 62
-0.447 -0.174  0.057 209 141 61
-0.446 -0.175  0.058 205 137 58
-0.445 -0.176  0.058 200 135 59
-0.443 -0.177  0.059 200 137 61
-0.443 -0.179  0.060 206 137 64
-0.441 -0.180  0.061 208 150 70
-0.440 -0.180  0.061 213 154 76
-0.438 -0.180  0.062 218 157 79
-0.436 -0.179  0.062 220 159 82
-0.434 -0.179  0.062 220 160 86
-0.431 -0.178  0.062 200 165 95
-0.429 -0.177  0.062 154 130 91
-0.426 -0.176  0.062 135 140 97
-0.424 -0.175  0.062 137 154 107
-0.421 -0.174  0.062 144 167 118
-0.417 -0.171  0.061 157 180 132
-0.414 -0.169  0.060 180 186 146
-0.457 -0.134  0.035 167 153 121
-0.457 -0.138  0.037 154 138 105
-0.456 -0.140  0.039 140 142 96
-0.457 -0.146  0.042 128 137 90
-0.457 -0.149  0.043 120 133 81
-0.458 -0.153  0.046 127 131 80
-0.457 -0.156  0.047 122 128 82
-0.457 -0.160  0.049 102 106 73
-0.457 -0.163  0.051 95 92 63
-0.457 -0.165  0.052 119 89 58
-0.456 -0.167  0.053 167 125 60
-0.455 -0.168  0.054 186 126 55
-0.453 -0.168  0.055 198 132 52
-0.452 -0.169  0.055 204 140 62
-0.451 -0.170  0.056 215 147 68
-0.449 -0.171  0.057 222 153 71
-0.448 -0.172  0.057 215 147 63
-0.447 -0.173  0.058 214 144 61
-0.446 -0.174  0.059 215 147 64
-0.445 -0.175  0.060 212 144 66
-0.444 -0.176  0.061 208 140 66
-0.442 -0.177  0.061 199 139 68
-0.441 -0.178  0.062 193 134 76
-0.440 -0.178  0.062 207 157 84
-0.438 -0.178  0.063 213 160 86
-0.435 -0.176  0.062 216 159 85
-0.432 -0.176  0.062 205 154 91
-0.430 -0.175  0.062 155 120 93
-0.427 -0.174  0.062 126 123 88
-0.425 -0.173  0.062 128 136 98
-0.422 -0.172  0.062 137 149 107
-0.419 -0.171  0.062 146 165 121
-0.416 -0.169  0.061 159 186 141
-0.455 -0.130  0.035 166 152 121
-0.455 -0.133  0.037 149 134 105
-0.454 -0.135  0.039 140 141 97
-0.457 -0.143  0.042 133 138 89
-0.456 -0.146  0.044 124 135 80
-0.457 -0.150  0.046 123 132 84
-0.457 -0.154  0.048 109 123 83
-0.457 -0.157  0.050 95 103 67
-0.457 -0.161  0.052 94 101 61
-0.457 -0.163  0.053 122 105 58
-0.456 -0.165  0.054 169 128 63
-0.455 -0.166  0.055 185 131 58
-0.453 -0.167  0.056 195 136 61
-0.452 -0.168  0.056 200 148 72
-0.450 -0.168  0.057 205 154 81
-0.449 -0.170  0.058 210 153 73
-0.448 -0.170  0.058 211 150 62
-0.447 -0.171  0.059 216 149 62
-0.446 -0.172  0.060 216 149 65
-0.445 -0.174  0.061 217 153 69
-0.444 -0.175  0.062 218 152 75
-0.443 -0.176  0.063 218 158 84
-0.441 -0.177  0.063 173 98 80
-0.439 -0.177  0.064 166 109 75
-0.437 -0.176  0.064 179 128 89
-0.434 -0.174  0.063 184 132 94
-0.431 -0.173  0.063 176 99 89
-0.428 -0.171  0.063 159 97 83
-0.426 -0.170  0.062 137 119 93
-0.423 -0.169  0.062 132 139 100
-0.421 -0.169  0.063 138 154 108
-0.418 -0.167  0.062 149 169 124
-0.415 -0.165  0.062 163 184 142
-0.453 -0.124  0.035 167 151 120
-0.453 -0.127  0.037 148 128 102
-0.452 -0.129  0.038 140 134 95
-0.451 -0.132  0.039 134 139 94
-0.451 -0.135  0.041 122 134 87
-0.451 -0.139  0.043 123 133 84
-0.457 -0.153  0.049 100 98 76
-0.457 -0.156  0.051 92 97 66
-0.457 -0.159  0.053 96 107 64
-0.456 -0.161  0.054 116 114 64
-0.456 -0.164  0.055 165 127 63
-0.454 -0.165  0.056 187 129 58
-0.453 -0.165  0.057 194 132 59
-0.451 -0.166  0.057 200 139 62
-0.450 -0.166  0.058 202 143 62
-0.449 -0.168  0.059 204 140 62
-0.448 -0.169  0.060 208 145 61
-0.447 -0.170  0.060 213 150 64
-0.445 -0.171  0.061 217 151 65
-0.445 -0.172  0.062 221 154 70
-0.443 -0.173  0.063 221 163 81
-0.443 -0.175  0.064 219 165 94
-0.441 -0.176  0.065 175 115 89
-0.439 -0.176  0.065 161 78 73
-0.437 -0.175  0.065 172 83 74
-0.434 -0.172  0.064 180 81 76
-0.430 -0.170  0.064 181 86 77
-0.428 -0.169  0.064 178 94 82
-0.425 -0.168  0.063 169 104 95
-0.422 -0.166  0.063 150 142 107
-0.419 -0.165  0.063 146 157 117
-0.416 -0.164  0.063 158 170 136
-0.413 -0.162  0.063 174 183 152
-0.453 -0.123  0.036 168 148 118
-0.452 -0.124  0.037 155 127 99
-0.451 -0.125  0.038 146 122 90
-0.451 -0.129  0.040 137 139 91
-0.450 -0.132  0.042 123 135 88
-0.451 -0.137  0.044 118 131 86
-0.456 -0.150  0.050 100 92 69
-0.456 -0.154  0.052 93 91 66
-0.456 -0.157  0.054 92 96 64
-0.456 -0.160  0.055 104 111 64
-0.455 -0.162  0.056 157 118 59
-0.454 -0.163  0.057 183 127 59
-0.453 -0.163  0.058 191 135 60
-0.451 -0.164  0.058 196 140 60
-0.450 -0.164  0.059 197 139 59
-0.449 -0.166  0.060 202 140 62
-0.447 -0.166  0.060 206 146 64
-0.446 -0.168  0.061 210 146 64
-0.445 -0.169  0.062 216 150 67
-0.444 -0.171  0.063 219 154 72
-0.443 -0.172  0.064 219 162 80
-0.442 -0.173  0.065 216 157 81
-0.441 -0.174  0.065 184 129 96
-0.439 -0.173  0.066 172 81 75
-0.437 -0.173  0.066 179 81 74
-0.433 -0.170  0.065 184 82 78
-0.430 -0.168  0.065 190 87 81
-0.427 -0.166  0.064 196 96 90
-0.424 -0.165  0.064 193 100 91
-0.420 -0.163  0.063 173 121 100
-0.418 -0.162  0.063 167 136 119
-0.415 -0.161  0.063 173 153 145
-0.413 -0.160  0.063 185 171 157
-0.453 -0.120  0.037 169 148 115
-0.452 -0.123  0.039 162 123 97
-0.451 -0.125  0.040 152 110 90
-0.451 -0.128  0.042 139 124 86
-0.451 -0.131  0.044 125 138 92
-0.451 -0.135  0.045 110 127 91
-0.455 -0.147  0.051 101 96 68
-0.456 -0.151  0.053 94 92 65
-0.456 -0.154  0.055 93 91 65
-0.456 -0.158  0.056 98 100 59
-0.455 -0.160  0.058 125 111 62
-0.454 -0.161  0.058 169 126 65
-0.453 -0.162  0.059 184 131 63
-0.451 -0.163  0.060 190 134 60
-0.450 -0.163  0.060 194 134 62
-0.449 -0.165  0.061 198 140 64
-0.447 -0.166  0.062 202 144 63
-0.446 -0.166  0.062 206 146 63
-0.444 -0.167  0.063 211 147 69
-0.443 -0.168  0.064 212 151 74
-0.442 -0.169  0.065 214 155 81
-0.441 -0.170  0.066 213 153 84
-0.440 -0.171  0.066 185 124 94
-0.438 -0.171  0.066 177 82 73
-0.436 -0.170  0.067 189 90 81
-0.432 -0.168  0.066 190 93 91
-0.429 -0.165  0.065 198 101 97
-0.425 -0.163  0.065 210 109 110
-0.423 -0.162  0.065 206 100 93
-0.419 -0.160  0.064 192 110 100
-0.416 -0.158  0.064 185 119 116
-0.414 -0.157  0.064 188 135 132
-0.411 -0.156  0.064 197 160 146
-0.452 -0.118  0.038 168 145 115
-0.452 -0.121  0.040 163 123 98
-0.451 -0.122  0.041 158 109 90
-0.451 -0.127  0.043 148 100 80
-0.451 -0.130  0.045 131 122 85
-0.451 -0.134  0.047 119 132 89
-0.454 -0.144  0.052 104 105 71
-0.455 -0.149  0.054 97 100 64
-0.455 -0.152  0.056 97 100 67
-0.455 -0.156  0.057 96 101 66
-0.455 -0.159  0.059 106 103 66
-0.454 -0.161  0.060 130 105 65
-0.453 -0.161  0.061 159 121 62
-0.452 -0.163  0.061 178 126 61
-0.450 -0.163  0.062 187 131 65
-0.449 -0.164  0.063 194 138 68
-0.448 -0.165  0.063 199 141 67
-0.446 -0.165  0.064 203 145 72
-0.444 -0.165  0.064 203 147 77
-0.443 -0.165  0.065 204 148 83
-0.441 -0.166  0.065 198 146 89
-0.440 -0.167  0.066 179 131 93
-0.439 -0.168  0.067 166 95 84
-0.437 -0.168  0.067 175 80 76
-0.434 -0.167  0.067 185 81 82
-0.431 -0.165  0.066 191 91 95
-0.427 -0.162  0.066 208 131 121
-0.424 -0.160  0.065 202 115 129
-0.422 -0.159  0.065 207 107 101
-0.418 -0.157  0.065 179 118 113
-0.416 -0.156  0.065 158 143 146
-0.413 -0.155  0.065 170 169 163
-0.452 -0.116  0.040 164 144 117
-0.451 -0.118  0.041 163 122 97
-0.450 -0.120  0.042 161 107 87
-0.450 -0.124  0.044 156 96 80
-0.450 -0.128  0.046 155 105 84
-0.450 -0.131  0.047 138 120 83
-0.454 -0.142  0.052 120 121 80
-0.454 -0.146  0.054 109 110 74
-0.455 -0.150  0.056 107 109 71
-0.455 -0.155  0.059 108 105 71
-0.455 -0.158  0.060 99 96 68
-0.455 -0.160  0.062 127 83 62
-0.453 -0.161  0.062 130 103 68
-0.452 -0.161  0.063 133 126 70
-0.450 -0.161  0.063 141 130 74
-0.448 -0.162  0.064 154 131 83
-0.447 -0.162  0.064 170 110 75
-0.445 -0.162  0.064 189 114 80
-0.443 -0.162  0.065 196 110 87
-0.442 -0.162  0.065 182 95 85
-0.440 -0.163  0.066 146 87 84
-0.439 -0.165  0.067 152 84 81
-0.437 -0.165  0.067 162 84 82
-0.436 -0.165  0.068 172 81 80
-0.433 -0.164  0.068 180 83 84
-0.430 -0.161  0.067 186 89 94
-0.426 -0.159  0.067 197 93 96
-0.423 -0.157  0.066 199 99 99
-0.420 -0.156  0.066 200 104 104
-0.417 -0.154  0.066 153 132 131
-0.414 -0.153  0.066 139 157 164
-0.412 -0.152  0.066 164 181 175
-0.452 -0.115  0.041 165 145 116
-0.451 -0.117  0.042 161 120 94
-0.450 -0.119  0.043 160 108 90
-0.450 -0.122  0.045 157 95 81
-0.450 -0.126  0.047 159 86 78
-0.450 -0.129  0.049 153 83 73
-0.453 -0.138  0.053 150 100 78
-0.453 -0.143  0.055 134 110 87
-0.454 -0.147  0.057 109 97 79
-0.454 -0.151  0.059 94 87 79
-0.454 -0.155  0.061 92 81 80
-0.454 -0.158  0.062 125 77 66
-0.453 -0.159  0.063 132 79 65
-0.451 -0.159  0.064 125 112 72
-0.450 -0.159  0.064 133 152 91
-0.448 -0.159  0.064 148 146 105
-0.446 -0.160  0.065 166 74 72
-0.444 -0.159  0.065 181 81 84
-0.442 -0.159  0.065 196 124 112
-0.440 -0.159  0.066 179 86 90
-0.439 -0.161  0.067 119 92 100
-0.438 -0.161  0.067 115 100 102
-0.436 -0.161  0.068 145 95 97
-0.435 -0.162  0.068 164 85 90
-0.432 -0.161  0.068 176 87 85
-0.429 -0.159  0.068 183 92 89
-0.426 -0.157  0.067 189 89 92
-0.422 -0.155  0.067 191 99 99
-0.420 -0.153  0.067 172 116 119
-0.416 -0.151  0.067 133 144 153
-0.413 -0.149  0.066 134 161 169
-0.411 -0.149  0.066 164 180 175
-0.452 -0.114  0.043 164 142 115
-0.451 -0.116  0.044 162 119 95
-0.451 -0.119  0.045 162 110 91
-0.451 -0.122  0.047 160 92 78
-0.450 -0.125  0.049 160 86 74
-0.450 -0.129  0.051 158 79 73
-0.452 -0.136  0.054 160 84 78
-0.452 -0.140  0.056 148 81 75
-0.453 -0.144  0.058 105 76 74
-0.453 -0.149  0.060 86 79 88
-0.454 -0.153  0.062 88 84 91
-0.453 -0.155  0.063 110 82 77
-0.452 -0.156  0.064 133 73 66
-0.451 -0.157  0.065 139 77 66
-0.449 -0.157  0.065 141 116 87
-0.447 -0.157  0.065 148 92 91
-0.445 -0.156  0.065 168 68 66
-0.443 -0.156  0.066 180 77 75
-0.441 -0.156  0.066 188 83 89
-0.439 -0.156  0.067 157 99 104
-0.438 -0.157  0.067 108 116 127
-0.436 -0.158  0.068 98 128 140
-0.435 -0.158  0.068 112 128 145
-0.434 -0.159  0.069 128 122 132
-0.431 -0.158  0.069 146 111 124
-0.428 -0.157  0.069 158 107 124
-0.425 -0.154  0.068 162 110 127
-0.421 -0.152  0.068 155 134 135
-0.419 -0.151  0.068 135 140 154
-0.415 -0.149  0.067 128 151 164
-0.412 -0.147  0.067 137 162 168
-0.409 -0.145  0.067 164 180 170
-0.452 -0.112  0.044 164 140 114
-0.451 -0.114  0.045 160 125 96
-0.451 -0.117  0.047 166 115 92
-0.451 -0.120  0.048 161 97 82
-0.451 -0.124  0.050 160 89 76
-0.450 -0.127  0.052 163 82 72
-0.451 -0.133  0.054 157 79 70
-0.451 -0.137  0.056 124 80 71
-0.451 -0.140  0.058 96 84 81
-0.452 -0.145  0.060 87 83 89
-0.452 -0.148  0.062 92 84 85
-0.451 -0.149  0.063 101 92 86
-0.450 -0.151  0.064 107 82 77
-0.449 -0.152  0.065 130 74 63
-0.447 -0.152  0.065 148 76 69
-0.445 -0.152  0.065 156 71 67
-0.444 -0.153  0.066 168 71 66
-0.442 -0.153  0.066 179 76 74
-0.440 -0.153  0.067 162 91 94
-0.438 -0.153  0.067 120 115 126
-0.437 -0.155  0.068 104 140 152
-0.435 -0.155  0.068 120 159 172
-0.433 -0.155  0.069 116 164 179
-0.432 -0.156  0.070 106 160 184
-0.429 -0.154  0.069 111 163 193
-0.428 -0.154  0.070 129 168 203
-0.424 -0.152  0.069 128 176 203
-0.421 -0.149  0.069 123 176 197
-0.418 -0.148  0.069 121 162 181
-0.415 -0.146  0.068 126 161 176
-0.410 -0.141  0.067 140 164 170
-0.452 -0.110  0.045 164 142 115
-0.451 -0.112  0.046 151 129 101
-0.451 -0.115  0.048 141 113 97
-0.450 -0.118  0.049 143 103 84
-0.450 -0.121  0.051 155 96 76
-0.450 -0.125  0.053 159 90 71
-0.450 -0.129  0.055 146 83 71
-0.450 -0.132  0.056 108 81 73
-0.450 -0.136  0.058 91 78 74
-0.450 -0.140  0.060 89 76 70
-0.450 -0.142  0.062 94 77 69
-0.448 -0.144  0.062 120 80 69
-0.447 -0.145  0.063 114 80 65
-0.447 -0.147  0.064 108 82 66
-0.445 -0.147  0.065 118 88 69
-0.443 -0.148  0.065 126 91 71
-0.442 -0.149  0.066 130 90 79
-0.441 -0.150  0.067 127 98 93
-0.440 -0.151  0.068 114 109 114
-0.438 -0.151  0.068 97 133 143
-0.436 -0.151  0.069 96 147 167
-0.434 -0.152  0.069 103 161 181
-0.432 -0.152  0.069 103 168 189
-0.431 -0.153  0.070 100 171 204
-0.428 -0.151  0.070 130 189 226
-0.426 -0.151  0.070 149 218 248
-0.423 -0.148  0.070 122 192 230
-0.420 -0.147  0.070 116 186 215
-0.417 -0.145  0.069 122 175 195
-0.414 -0.143  0.069 129 176 191
-0.407 -0.137  0.067 142 176 182
-0.451 -0.107  0.046 163 144 119
-0.450 -0.109  0.047 144 133 104
-0.450 -0.112  0.049 126 114 101
-0.449 -0.115  0.050 122 104 93
-0.449 -0.118  0.052 124 93 79
-0.449 -0.122  0.054 146 87 72
-0.449 -0.126  0.056 150 89 72
-0.449 -0.129  0.057 138 86 70
-0.449 -0.133  0.059 116 81 69
-0.449 -0.136  0.061 98 76 68
-0.448 -0.139  0.062 128 75 64
-0.448 -0.141  0.063 152 85 64
-0.447 -0.143  0.064 151 82 62
-0.446 -0.144  0.065 136 82 61
-0.444 -0.144  0.066 111 91 66
-0.442 -0.145  0.066 107 106 80
-0.442 -0.147  0.067 104 102 94
-0.440 -0.148  0.068 99 113 113
-0.439 -0.148  0.069 89 122 130
-0.437 -0.148  0.069 87 139 152
-0.435 -0.149  0.070 90 149 173
-0.433 -0.149  0.070 95 162 186
-0.432 -0.149  0.070 102 169 197
-0.430 -0.150  0.071 102 178 214
-0.427 -0.149  0.071 117 196 238
-0.425 -0.147  0.071 119 192 232
-0.422 -0.145  0.071 112 185 222
-0.419 -0.144  0.070 120 185 209
-0.415 -0.141  0.070 128 153 164
-0.412 -0.139  0.070 139 158 167
-0.405 -0.132  0.067 150 159 167
-0.450 -0.103  0.046 161 142 117
-0.449 -0.105  0.048 147 132 103
-0.449 -0.108  0.049 124 113 104
-0.448 -0.112  0.051 113 105 95
-0.448 -0.115  0.053 106 94 85
-0.448 -0.119  0.054 113 85 78
-0.448 -0.122  0.056 123 86 71
-0.448 -0.126  0.058 146 86 71
-0.448 -0.130  0.060 149 86 68
-0.448 -0.133  0.061 143 82 67
-0.447 -0.135  0.062 167 87 64
-0.447 -0.138  0.064 179 89 65
-0.446 -0.140  0.065 179 87 63
-0.445 -0.142  0.066 171 85 60
-0.443 -0.142  0.066 148 84 62
-0.442 -0.143  0.067 116 94 71
-0.441 -0.144  0.068 106 100 86
-0.439 -0.145  0.069 103 109 109
-0.438 -0.145  0.069 94 124 132
-0.436 -0.146  0.070 89 137 153
-0.435 -0.147  0.071 90 149 171
-0.433 -0.147  0.071 93 160 184
-0.431 -0.147  0.071 97 165 195
-0.430 -0.148  0.072 97 171 203
-0.427 -0.146  0.072 100 177 212
-0.424 -0.145  0.072 100 181 215
-0.421 -0.143  0.071 107 181 216
-0.417 -0.140  0.071 113 169 198
-0.413 -0.137  0.070 123 137 159
-0.410 -0.136  0.070 139 155 170
-0.402 -0.126  0.067 159 158 160
-0.449 -0.099  0.047 162 142 117
-0.448 -0.102  0.048 145 136 106
-0.448 -0.105  0.050 124 115 106
-0.448 -0.109  0.052 112 105 98
-0.447 -0.112  0.053 105 96 91
-0.447 -0.116  0.055 100 90 81
-0.447 -0.120  0.057 102 84 74
-0.447 -0.123  0.059 115 83 74
-0.447 -0.126  0.060 141 82 68
-0.447 -0.129  0.062 175 88 65
-0.446 -0.132  0.063 190 94 66
-0.446 -0.135  0.065 193 94 64
-0.445 -0.137  0.066 197 92 63
-0.444 -0.139  0.067 190 90 65
-0.443 -0.139  0.067 175 85 63
-0.441 -0.140  0.068 147 86 68
-0.440 -0.141  0.069 117 87 74
-0.438 -0.141  0.069 104 91 91
-0.437 -0.143  0.070 106 110 117
-0.436 -0.144  0.071 99 130 143
-0.434 -0.144  0.072 95 142 163
-0.433 -0.145  0.072 95 152 177
-0.430 -0.144  0.072 96 160 188
-0.429 -0.146  0.073 95 167 196
-0.426 -0.143  0.073 96 170 202
-0.423 -0.142  0.073 100 176 205
-0.419 -0.139  0.072 114 178 199
-0.416 -0.136  0.072 115 146 170
-0.411 -0.133  0.071 123 129 147
-0.408 -0.130  0.070 138 144 155
-0.400 -0.122  0.068 166 162 158
-0.448 -0.096  0.048 157 144 119
-0.447 -0.098  0.049 141 139 116
-0.447 -0.102  0.051 125 124 114
-0.447 -0.106  0.053 113 112 102
-0.447 -0.109  0.054 104 102 93
-0.446 -0.112  0.056 104 92 86
-0.446 -0.116  0.058 105 87 77
-0.446 -0.119  0.059 115 81 73
-0.446 -0.122  0.061 145 77 67
-0.445 -0.125  0.062 184 99 70
-0.445 -0.128  0.064 197 99 68
-0.445 -0.131  0.065 205 93 65
-0.444 -0.134  0.066 217 100 70
-0.443 -0.135  0.067 210 104 77
-0.442 -0.137  0.068 196 90 70
-0.441 -0.138  0.069 179 86 66
-0.439 -0.139  0.070 123 81 69
-0.438 -0.140  0.071 114 77 77
-0.437 -0.141  0.071 123 83 84
-0.435 -0.142  0.072 128 99 108
-0.433 -0.142  0.072 114 124 136
-0.431 -0.142  0.073 108 140 157
-0.430 -0.142  0.073 109 156 173
-0.428 -0.142  0.074 106 161 180
-0.425 -0.140  0.073 108 164 185
-0.422 -0.139  0.073 111 167 187
-0.418 -0.136  0.073 114 143 172
-0.414 -0.133  0.072 116 129 153
-0.408 -0.126  0.070 127 136 152
-0.405 -0.124  0.070 142 146 156
-0.398 -0.117  0.068 176 170 158
-0.447 -0.093  0.049 151 144 121
-0.446 -0.095  0.050 138 139 116
-0.446 -0.099  0.052 121 130 120
-0.446 -0.103  0.054 110 116 108
-0.446 -0.106  0.055 107 105 94
-0.445 -0.109  0.057 111 92 80
-0.445 -0.113  0.059 128 88 72
-0.445 -0.116  0.060 140 84 66
-0.445 -0.119  0.062 164 88 65
-0.444 -0.122  0.063 188 92 66
-0.444 -0.126  0.065 198 91 64
-0.444 -0.129  0.066 206 91 62
-0.443 -0.131  0.067 216 96 66
-0.443 -0.133  0.069 216 98 77
-0.442 -0.135  0.070 226 102 81
-0.440 -0.136  0.070 209 99 75
-0.439 -0.137  0.071 132 85 74
-0.437 -0.137  0.072 125 72 73
-0.436 -0.138  0.072 143 76 73
-0.434 -0.139  0.073 166 86 86
-0.432 -0.138  0.073 166 96 100
-0.430 -0.139  0.074 156 99 108
-0.428 -0.139  0.074 135 112 125
-0.426 -0.139  0.074 126 119 136
-0.423 -0.137  0.074 147 119 139
-0.420 -0.135  0.074 126 125 144
-0.414 -0.128  0.072 120 132 150
-0.410 -0.125  0.072 120 125 145
-0.406 -0.122  0.071 128 135 155
-0.401 -0.117  0.070 150 150 157
-0.447 -0.090  0.050 153 145 120
-0.446 -0.093  0.051 136 133 108
-0.446 -0.096  0.053 123 126 115
-0.446 -0.100  0.055 112 120 107
-0.445 -0.104  0.056 106 102 92
-0.445 -0.107  0.058 134 92 75
-0.445 -0.110  0.059 151 90 70
-0.444 -0.113  0.061 156 88 67
-0.444 -0.117  0.062 174 91 65
-0.444 -0.120  0.064 186 92 68
-0.444 -0.123  0.066 196 92 62
-0.443 -0.126  0.067 205 93 61
-0.443 -0.128  0.068 213 94 63
-0.442 -0.131  0.069 223 99 76
-0.441 -0.132  0.070 231 128 99
-0.440 -0.133  0.071 218 107 84
-0.438 -0.134  0.072 149 84 76
-0.437 -0.135  0.072 146 75 73
-0.435 -0.135  0.073 146 75 70
-0.433 -0.136  0.074 156 83 77
-0.431 -0.135  0.074 173 85 82
-0.429 -0.135  0.074 173 89 87
-0.427 -0.134  0.074 155 93 93
-0.421 -0.128  0.073 144 93 96
-0.417 -0.126  0.072 175 101 106
-0.414 -0.123  0.072 139 115 128
-0.410 -0.121  0.071 141 125 143
-0.406 -0.117  0.071 135 126 138
-0.402 -0.114  0.070 136 136 147
-0.398 -0.111  0.070 162 156 152
-0.446 -0.088  0.051 157 148 117
-0.446 -0.090  0.052 139 132 101
-0.446 -0.095  0.054 126 121 100
-0.445 -0.098  0.056 114 108 96
-0.445 -0.101  0.057 106 97 88
-0.445 -0.105  0.059 149 96 79
-0.444 -0.107  0.060 162 93 71
-0.444 -0.110  0.062 168 90 70
-0.443 -0.114  0.063 185 98 72
-0.443 -0.117  0.065 185 95 73
-0.443 -0.121  0.067 193 94 67
-0.443 -0.124  0.068 202 89 64
-0.442 -0.126  0.069 210 93 66
-0.441 -0.128  0.071 223 95 69
-0.440 -0.130  0.071 231 106 80
-0.439 -0.130  0.072 216 95 77
-0.437 -0.131  0.073 188 89 72
-0.435 -0.131  0.073 179 83 74
-0.434 -0.132  0.074 156 77 72
-0.432 -0.132  0.074 147 79 73
-0.430 -0.132  0.075 157 83 79
-0.428 -0.131  0.075 161 86 85
-0.424 -0.128  0.074 158 89 86
-0.420 -0.125  0.073 156 88 88
-0.416 -0.122  0.073 183 102 103
-0.413 -0.120  0.073 148 119 126
-0.409 -0.116  0.072 176 131 128
-0.404 -0.112  0.071 186 137 127
-0.400 -0.110  0.071 171 141 141
-0.397 -0.108  0.071 184 159 149
-0.446 -0.085  0.052 157 151 116
-0.445 -0.089  0.054 144 136 99
-0.445 -0.093  0.056 129 126 96
-0.445 -0.096  0.057 113 105 96
-0.444 -0.099  0.059 106 97 92
-0.444 -0.102  0.060 148 93 83
-0.443 -0.105  0.061 167 95 73
-0.443 -0.108  0.063 174 90 69
-0.443 -0.111  0.065 185 103 74
-0.442 -0.114  0.066 186 98 76
-0.443 -0.118  0.068 191 95 72
-0.442 -0.121  0.069 195 90 65
-0.441 -0.123  0.070 192 90 64
-0.440 -0.125  0.071 204 92 66
-0.439 -0.126  0.072 217 88 69
-0.438 -0.127  0.073 221 90 69
-0.436 -0.128  0.073 223 95 73
-0.434 -0.128  0.074 212 93 77
-0.433 -0.129  0.075 179 81 76
-0.431 -0.129  0.075 155 83 78
-0.428 -0.128  0.075 151 85 81
-0.426 -0.128  0.076 154 87 84
-0.424 -0.127  0.076 160 90 86
-0.418 -0.121  0.074 177 90 92
-0.415 -0.119  0.074 165 108 115
-0.412 -0.117  0.074 149 125 137
-0.407 -0.112  0.073 204 150 131
-0.403 -0.109  0.072 218 142 119
-0.398 -0.105  0.071 196 141 131
-0.445 -0.082  0.053 158 153 117
-0.445 -0.086  0.055 147 141 99
-0.445 -0.090  0.056 132 130 97
-0.444 -0.093  0.058 115 105 100
-0.444 -0.096  0.059 103 97 97
-0.443 -0.099  0.061 128 91 87
-0.443 -0.102  0.062 164 94 74
-0.442 -0.105  0.064 177 92 68
-0.442 -0.108  0.065 182 94 69
-0.441 -0.111  0.067 187 95 72
-0.441 -0.115  0.068 193 100 73
-0.441 -0.118  0.070 184 96 73
-0.440 -0.120  0.071 172 77 64
-0.439 -0.122  0.072 189 84 63
-0.438 -0.123  0.073 209 85 67
-0.437 -0.124  0.074 223 93 76
-0.435 -0.124  0.074 243 105 84
-0.433 -0.125  0.075 230 107 92
-0.431 -0.125  0.075 169 86 86
-0.429 -0.125  0.075 151 88 85
-0.427 -0.124  0.076 162 91 86
-0.425 -0.123  0.076 169 91 87
-0.422 -0.122  0.076 177 92 88
-0.417 -0.117  0.075 168 100 101
-0.414 -0.115  0.075 141 112 127
-0.409 -0.112  0.074 171 127 142
-0.404 -0.106  0.073 218 154 140
-0.401 -0.104  0.073 225 144 119
-0.396 -0.101  0.072 206 143 128
-0.445 -0.080  0.054 157 149 114
-0.445 -0.084  0.056 149 145 99
-0.445 -0.088  0.058 133 133 98
-0.444 -0.091  0.059 116 113 100
-0.443 -0.093  0.061 101 98 100
-0.443 -0.096  0.062 105 93 95
-0.442 -0.098  0.063 130 94 87
-0.441 -0.101  0.064 168 96 74
-0.441 -0.104  0.066 181 93 69
-0.440 -0.107  0.067 187 96 70
-0.440 -0.111  0.069 190 97 73
-0.440 -0.114  0.071 148 94 85
-0.439 -0.116  0.072 139 77 77
-0.438 -0.118  0.073 176 80 69
-0.437 -0.119  0.074 208 87 65
-0.436 -0.121  0.075 225 95 69
-0.434 -0.121  0.075 241 107 82
-0.432 -0.121  0.075 211 117 97
-0.430 -0.121  0.076 138 104 113
-0.428 -0.121  0.076 128 96 94
-0.425 -0.120  0.076 154 101 91
-0.423 -0.119  0.076 171 97 89
-0.420 -0.117  0.076 185 98 88
-0.415 -0.113  0.076 150 110 105
-0.412 -0.111  0.075 131 121 130
-0.408 -0.108  0.075 192 133 124
-0.402 -0.102  0.073 226 142 119
-0.398 -0.099  0.073 222 140 117
-0.395 -0.097  0.073 208 148 129
-0.444 -0.077  0.055 156 148 113
-0.445 -0.083  0.058 150 145 100
-0.444 -0.086  0.059 137 136 97
-0.443 -0.088  0.060 125 124 98
-0.442 -0.090  0.062 111 105 96
-0.442 -0.093  0.063 103 95 94
-0.441 -0.096  0.064 106 93 94
-0.440 -0.098  0.065 137 89 82
-0.440 -0.101  0.067 166 90 70
-0.440 -0.104  0.068 180 96 72
-0.439 -0.108  0.070 167 101 79
-0.439 -0.111  0.071 117 94 102
-0.438 -0.113  0.072 111 91 105
-0.437 -0.115  0.073 132 87 91
-0.436 -0.117  0.074 172 90 78
-0.435 -0.118  0.075 203 99 74
-0.433 -0.118  0.076 217 104 80
-0.431 -0.118  0.076 187 120 108
-0.428 -0.117  0.076 127 122 144
-0.426 -0.116  0.077 115 104 112
-0.424 -0.116  0.077 131 106 97
-0.421 -0.115  0.077 162 102 91
-0.419 -0.114  0.077 187 104 89
-0.415 -0.111  0.077 175 111 102
-0.412 -0.109  0.077 173 119 120
-0.407 -0.105  0.076 211 130 108
-0.401 -0.099  0.074 223 138 113
-0.397 -0.096  0.074 216 138 120
-0.394 -0.094  0.074 208 157 136
-0.444 -0.076  0.057 152 146 117
-0.445 -0.082  0.059 149 142 102
-0.444 -0.084  0.061 141 141 99
-0.443 -0.086  0.062 137 130 93
-0.442 -0.088  0.063 134 103 83
-0.441 -0.091  0.064 127 96 81
-0.440 -0.093  0.065 122 93 81
-0.439 -0.094  0.066 130 89 77
-0.439 -0.098  0.068 151 85 72
-0.438 -0.101  0.069 167 87 72
-0.438 -0.105  0.071 161 88 79
-0.438 -0.107  0.072 136 87 96
-0.437 -0.109  0.073 113 93 112
-0.436 -0.112  0.074 101 94 111
-0.435 -0.113  0.075 118 90 102
-0.434 -0.114  0.076 144 94 91
-0.432 -0.114  0.076 181 96 81
-0.430 -0.114  0.077 191 110 92
-0.428 -0.114  0.077 174 119 115
-0.425 -0.114  0.078 137 113 122
-0.423 -0.113  0.078 119 115 114
-0.420 -0.112  0.078 143 118 99
-0.418 -0.111  0.078 172 120 96
-0.414 -0.109  0.078 192 115 98
-0.411 -0.107  0.078 207 118 104
-0.407 -0.103  0.077 220 128 105
-0.401 -0.096  0.076 218 138 123
-0.396 -0.093  0.075 212 137 126
-0.393 -0.090  0.075 209 162 141
-0.444 -0.073  0.058 152 144 118
-0.445 -0.080  0.061 146 138 104
-0.444 -0.082  0.062 144 140 101
-0.443 -0.084  0.063 146 118 87
-0.442 -0.086  0.064 149 101 76
-0.441 -0.088  0.065 144 95 73
-0.440 -0.090  0.066 137 92 73
-0.438 -0.092  0.067 133 90 73
-0.438 -0.095  0.069 149 85 76
-0.438 -0.098  0.070 165 86 75
-0.438 -0.102  0.072 171 85 81
-0.437 -0.105  0.073 175 98 95
-0.436 -0.107  0.074 132 87 94
-0.435 -0.109  0.075 94 89 102
-0.434 -0.110  0.076 90 89 104
-0.433 -0.111  0.077 97 91 105
-0.431 -0.111  0.077 125 90 99
-0.429 -0.111  0.078 152 101 96
-0.426 -0.111  0.078 188 112 105
-0.424 -0.110  0.078 147 123 131
-0.422 -0.110  0.079 114 123 129
-0.420 -0.109  0.079 125 133 103
-0.417 -0.108  0.079 146 141 104
-0.413 -0.106  0.079 177 153 113
-0.410 -0.104  0.079 192 143 117
-0.406 -0.099  0.078 203 122 108
-0.399 -0.092  0.076 208 127 121
-0.395 -0.089  0.076 209 138 128
-0.391 -0.086  0.076 208 166 142
-0.443 -0.070  0.059 157 143 115
-0.444 -0.076  0.062 143 135 103
-0.443 -0.079  0.063 135 137 105
-0.442 -0.081  0.064 136 115 88
-0.441 -0.084  0.065 150 103 77
-0.440 -0.086  0.066 151 96 72
-0.439 -0.087  0.067 144 94 72
-0.438 -0.088  0.068 132 94 75
-0.437 -0.092  0.070 142 101 81
-0.437 -0.095  0.071 163 86 78
-0.437 -0.100  0.073 178 84 80
-0.437 -0.103  0.074 179 95 92
-0.436 -0.105  0.075 128 99 87
-0.435 -0.106  0.076 90 89 97
-0.434 -0.108  0.077 85 88 95
-0.432 -0.108  0.078 86 91 99
-0.430 -0.108  0.078 93 91 104
-0.428 -0.108  0.079 110 98 118
-0.426 -0.108  0.079 144 117 135
-0.423 -0.107  0.079 126 126 146
-0.421 -0.106  0.080 110 129 135
-0.418 -0.106  0.080 121 143 107
-0.415 -0.104  0.080 132 164 118
-0.412 -0.102  0.080 161 192 144
-0.409 -0.101  0.080 172 178 136
-0.404 -0.096  0.079 186 122 112
-0.398 -0.088  0.077 198 124 117
-0.393 -0.084  0.077 206 141 129
-0.389 -0.081  0.076 210 173 144
-0.440 -0.057  0.056 172 151 115
-0.442 -0.066  0.060 160 141 112
-0.443 -0.073  0.063 144 141 101
-0.442 -0.075  0.064 133 138 103
-0.442 -0.078  0.065 129 121 91
-0.441 -0.080  0.066 151 104 79
-0.440 -0.082  0.067 147 98 76
-0.438 -0.084  0.068 135 92 73
-0.437 -0.085  0.069 126 97 79
-0.437 -0.089  0.071 131 129 90
-0.436 -0.092  0.072 142 116 87
-0.436 -0.096  0.074 154 114 88
-0.436 -0.099  0.075 149 124 94
-0.435 -0.101  0.076 120 130 98
-0.433 -0.102  0.077 96 117 111
-0.432 -0.104  0.078 87 91 103
-0.431 -0.105  0.079 86 93 102
-0.428 -0.104  0.079 86 96 113
-0.427 -0.105  0.080 94 108 138
-0.424 -0.104  0.080 105 120 151
-0.422 -0.103  0.080 108 126 151
-0.420 -0.103  0.081 108 133 135
-0.417 -0.102  0.081 124 151 113
-0.414 -0.101  0.081 134 176 125
-0.411 -0.099  0.081 151 199 149
-0.408 -0.097  0.081 166 192 143
-0.402 -0.090  0.079 181 125 116
-0.396 -0.084  0.078 193 129 119
-0.391 -0.080  0.077 201 152 134
-0.439 -0.047  0.055 176 149 111
-0.439 -0.052  0.057 170 145 109
-0.441 -0.061  0.060 160 140 110
-0.442 -0.070  0.064 146 146 99
-0.441 -0.072  0.065 136 141 97
-0.441 -0.075  0.066 132 125 89
-0.440 -0.077  0.067 154 103 78
-0.439 -0.079  0.068 136 103 78
-0.437 -0.081  0.069 116 94 76
-0.436 -0.082  0.070 113 100 82
-0.435 -0.085  0.071 123 142 92
-0.435 -0.088  0.073 125 139 93
-0.435 -0.092  0.075 128 145 96
-0.435 -0.095  0.076 127 153 102
-0.434 -0.097  0.077 127 163 119
-0.432 -0.098  0.078 117 163 142
-0.431 -0.100  0.079 105 127 120
-0.430 -0.101  0.080 94 105 114
-0.428 -0.101  0.080 88 105 129
-0.425 -0.101  0.081 91 117 144
-0.423 -0.101  0.081 96 127 156
-0.421 -0.100  0.081 104 141 160
-0.419 -0.100  0.082 117 142 142
-0.416 -0.099  0.082 130 153 118
-0.413 -0.097  0.082 137 176 124
-0.410 -0.095  0.082 148 193 138
-0.406 -0.093  0.082 163 177 139
-0.399 -0.084  0.080 182 131 119
-0.393 -0.078  0.078 191 145 128
-0.437 -0.038  0.054 177 148 112
-0.438 -0.044  0.056 169 140 107
-0.438 -0.049  0.058 167 141 106
-0.440 -0.059  0.062 155 142 108
-0.442 -0.066  0.065 144 145 96
-0.441 -0.069  0.066 137 142 95
-0.440 -0.072  0.067 145 122 86
-0.439 -0.074  0.068 158 104 76
-0.438 -0.077  0.070 124 105 81
-0.436 -0.077  0.070 102 101 85
-0.435 -0.079  0.071 103 108 90
-0.435 -0.082  0.073 119 141 94
-0.434 -0.085  0.074 118 143 95
-0.434 -0.089  0.076 118 155 98
-0.433 -0.091  0.077 121 163 106
-0.432 -0.093  0.078 131 178 123
-0.431 -0.095  0.079 133 186 142
-0.430 -0.097  0.080 123 167 130
-0.428 -0.097  0.080 104 126 116
-0.427 -0.098  0.081 95 122 132
-0.425 -0.098  0.082 100 129 147
-0.422 -0.098  0.082 101 146 170
-0.420 -0.097  0.082 105 165 186
-0.418 -0.097  0.083 137 151 167
-0.415 -0.096  0.083 146 144 117
-0.412 -0.093  0.083 137 165 126
-0.408 -0.091  0.083 142 186 144
-0.405 -0.089  0.082 161 155 140
-0.397 -0.080  0.080 183 137 126
-0.437 -0.030  0.053 178 149 111
-0.436 -0.034  0.055 170 141 107
-0.437 -0.040  0.057 164 135 102
-0.437 -0.046  0.059 162 139 103
-0.440 -0.056  0.063 150 144 105
-0.441 -0.064  0.066 140 140 93
-0.440 -0.067  0.067 136 136 93
-0.440 -0.070  0.069 156 115 86
-0.439 -0.072  0.070 153 105 79
-0.438 -0.074  0.071 114 106 88
-0.436 -0.075  0.072 98 110 101
-0.435 -0.077  0.073 99 116 104
-0.434 -0.079  0.074 112 138 104
-0.433 -0.082  0.075 116 146 99
-0.433 -0.086  0.077 118 154 98
-0.433 -0.089  0.078 122 165 106
-0.431 -0.090  0.079 130 179 118
-0.430 -0.092  0.080 138 185 128
-0.429 -0.094  0.081 128 172 127
-0.427 -0.094  0.081 114 144 117
-0.425 -0.094  0.082 102 132 128
-0.424 -0.095  0.083 104 137 147
-0.422 -0.095  0.083 102 159 182
-0.419 -0.095  0.084 112 185 209
-0.417 -0.095  0.084 163 153 179
-0.414 -0.092  0.084 176 134 121
-0.410 -0.089  0.084 141 151 143
-0.407 -0.087  0.083 130 175 170
-0.403 -0.085  0.083 142 154 165
-0.396 -0.076  0.081 169 146 146
-0.436 -0.026  0.054 172 145 109
-0.436 -0.031  0.056 164 137 101
-0.436 -0.037  0.058 161 133 97
-0.437 -0.043  0.061 159 135 99
-0.439 -0.053  0.064 147 142 103
-0.440 -0.060  0.067 137 137 92
-0.440 -0.063  0.068 135 133 91
-0.439 -0.066  0.070 151 116 86
-0.438 -0.069  0.071 135 106 84
-0.437 -0.071  0.072 107 113 100
-0.435 -0.072  0.073 96 119 118
-0.434 -0.074  0.074 102 125 120
-0.433 -0.076  0.075 111 141 124
-0.433 -0.079  0.076 110 147 114
-0.433 -0.084  0.078 115 151 106
-0.432 -0.086  0.079 122 159 107
-0.431 -0.087  0.080 135 179 115
-0.429 -0.088  0.081 127 159 118
-0.428 -0.090  0.082 116 146 117
-0.427 -0.091  0.083 109 132 115
-0.424 -0.091  0.083 103 120 121
-0.422 -0.091  0.083 107 131 141
-0.420 -0.091  0.084 111 156 178
-0.418 -0.090  0.084 138 174 196
-0.416 -0.090  0.085 201 148 153
-0.413 -0.089  0.085 205 138 131
-0.408 -0.085  0.084 145 146 161
-0.405 -0.082  0.084 120 163 182
-0.401 -0.080  0.084 122 164 188
-0.393 -0.070  0.082 145 156 165
-0.388 -0.064  0.081 163 171 168
-0.435 -0.023  0.055 168 142 107
-0.435 -0.028  0.057 161 135 98
-0.435 -0.033  0.059 159 131 96
-0.436 -0.039  0.062 157 131 98
-0.438 -0.049  0.065 146 133 102
-0.439 -0.057  0.068 136 131 93
-0.439 -0.060  0.069 134 136 93
-0.438 -0.063  0.071 133 124 91
-0.437 -0.066  0.072 113 105 90
-0.436 -0.068  0.073 104 119 110
-0.435 -0.070  0.074 96 127 128
-0.434 -0.072  0.075 103 133 134
-0.433 -0.074  0.076 106 144 144
-0.432 -0.077  0.078 100 144 138
-0.432 -0.080  0.079 102 141 122
-0.431 -0.083  0.080 114 146 110
-0.430 -0.084  0.081 139 180 115
-0.428 -0.085  0.082 111 129 112
-0.427 -0.087  0.083 98 115 108
-0.425 -0.087  0.083 95 108 112
-0.423 -0.087  0.084 98 104 115
-0.421 -0.087  0.084 120 115 122
-0.419 -0.087  0.085 146 133 137
-0.416 -0.085  0.085 179 139 142
-0.414 -0.085  0.085 231 139 118
-0.411 -0.084  0.085 214 144 131
-0.407 -0.081  0.085 143 140 159
-0.403 -0.078  0.085 116 150 168
-0.400 -0.076  0.085 116 163 185
-0.392 -0.066  0.083 136 161 171
-0.386 -0.061  0.082 158 175 173
-0.434 -0.019  0.056 166 140 106
-0.435 -0.025  0.059 160 135 99
-0.434 -0.029  0.060 157 130 96
-0.435 -0.036  0.063 155 129 98
-0.438 -0.047  0.066 145 124 102
-0.439 -0.053  0.069 135 122 93
-0.438 -0.056  0.070 131 137 96
-0.437 -0.059  0.072 117 127 94
-0.437 -0.062  0.073 103 101 92
-0.436 -0.065  0.074 102 116 111
-0.434 -0.066  0.075 97 133 131
-0.433 -0.068  0.076 96 138 143
-0.432 -0.071  0.077 95 144 156
-0.431 -0.073  0.079 94 146 156
-0.431 -0.076  0.080 94 138 139
-0.430 -0.079  0.081 104 137 117
-0.428 -0.080  0.082 136 179 117
-0.427 -0.081  0.083 107 133 121
-0.426 -0.083  0.084 93 102 110
-0.424 -0.083  0.084 91 107 120
-0.422 -0.083  0.085 98 107 127
-0.420 -0.083  0.085 121 114 122
-0.418 -0.083  0.086 160 114 109
-0.415 -0.081  0.086 200 120 101
-0.412 -0.081  0.086 223 131 108
-0.409 -0.079  0.086 186 137 128
-0.405 -0.076  0.086 131 131 146
-0.402 -0.073  0.086 114 143 160
-0.397 -0.070  0.085 115 158 178
-0.390 -0.061  0.084 138 169 178
-0.385 -0.056  0.083 161 176 173
-0.435 -0.018  0.058 168 142 107
-0.435 -0.023  0.060 163 137 103
-0.435 -0.028  0.062 155 131 99
-0.435 -0.034  0.065 152 130 99
-0.436 -0.042  0.067 144 124 101
-0.438 -0.050  0.070 134 118 93
-0.437 -0.054  0.072 128 135 98
-0.437 -0.057  0.073 112 123 96
-0.436 -0.060  0.074 101 101 92
-0.435 -0.062  0.075 101 110 105
-0.434 -0.063  0.076 100 135 125
-0.433 -0.066  0.077 97 140 141
-0.431 -0.067  0.078 99 146 155
-0.431 -0.070  0.080 99 149 159
-0.430 -0.072  0.081 98 142 145
-0.429 -0.074  0.082 100 131 119
-0.427 -0.076  0.083 130 172 115
-0.426 -0.077  0.084 113 153 133
-0.424 -0.078  0.084 95 103 116
-0.423 -0.079  0.085 89 110 130
-0.421 -0.080  0.086 100 120 146
-0.418 -0.079  0.086 110 131 155
-0.417 -0.080  0.087 131 124 134
-0.413 -0.077  0.087 168 129 121
-0.411 -0.077  0.087 173 126 122
-0.408 -0.075  0.087 137 125 136
-0.404 -0.072  0.087 113 133 151
-0.400 -0.068  0.086 117 155 168
-0.395 -0.065  0.086 127 170 180
-0.389 -0.058  0.085 147 177 182
-0.435 -0.023  0.062 168 140 105
-0.435 -0.027  0.064 158 134 100
-0.435 -0.033  0.066 152 130 100
-0.436 -0.040  0.069 143 125 101
-0.437 -0.046  0.071 132 118 94
-0.436 -0.049  0.072 124 121 99
-0.436 -0.053  0.074 109 114 100
-0.435 -0.056  0.075 103 102 95
-0.434 -0.059  0.076 100 106 101
-0.433 -0.060  0.077 107 137 109
-0.432 -0.062  0.079 110 136 121
-0.431 -0.065  0.080 124 129 129
-0.430 -0.067  0.081 122 136 136
-0.429 -0.069  0.082 114 128 130
-0.428 -0.071  0.083 105 117 108
-0.426 -0.072  0.084 126 157 110
-0.424 -0.073  0.084 116 153 132
-0.423 -0.074  0.085 98 101 120
-0.421 -0.075  0.086 87 105 133
-0.420 -0.076  0.087 98 121 152
-0.417 -0.075  0.087 103 129 166
-0.415 -0.076  0.088 108 130 152
-0.412 -0.073  0.088 120 138 148
-0.410 -0.073  0.088 120 134 154
-0.406 -0.071  0.088 110 139 161
-0.401 -0.066  0.087 112 154 175
-0.397 -0.063  0.087 126 178 179
-0.393 -0.060  0.087 143 180 172
-0.388 -0.054  0.086 159 178 168
-0.435 -0.026  0.066 165 139 103
-0.435 -0.031  0.068 155 132 101
-0.436 -0.037  0.070 144 127 101
-0.436 -0.041  0.072 131 119 97
-0.435 -0.046  0.073 117 109 100
-0.435 -0.049  0.075 108 105 102
-0.434 -0.052  0.076 105 104 103
-0.433 -0.055  0.078 102 111 103
-0.432 -0.057  0.078 114 140 99
-0.431 -0.059  0.080 127 132 95
-0.429 -0.060  0.080 154 107 96
-0.428 -0.063  0.082 157 114 104
-0.427 -0.065  0.083 145 103 103
-0.426 -0.067  0.084 130 98 92
-0.425 -0.068  0.084 131 124 101
-0.423 -0.068  0.085 115 123 115
-0.421 -0.070  0.086 107 95 110
-0.420 -0.071  0.087 98 103 130
-0.418 -0.072  0.088 98 114 142
-0.416 -0.071  0.088 102 122 149
-0.413 -0.071  0.088 100 126 151
-0.410 -0.068  0.088 108 142 158
-0.407 -0.067  0.088 113 159 174
-0.403 -0.063  0.088 119 173 185
-0.398 -0.059  0.088 129 186 188
-0.394 -0.056  0.087 132 181 169
-0.390 -0.053  0.087 155 184 149
-0.386 -0.050  0.087 168 181 153
-0.435 -0.028  0.069 160 137 104
-0.435 -0.033  0.071 148 128 98
-0.435 -0.038  0.073 138 123 97
-0.434 -0.041  0.074 124 115 99
-0.433 -0.044  0.076 117 109 103
-0.433 -0.048  0.077 104 108 106
-0.432 -0.051  0.078 101 108 105
-0.431 -0.053  0.080 112 135 101
-0.429 -0.054  0.080 127 144 97
-0.428 -0.056  0.081 148 136 100
-0.427 -0.058  0.082 164 128 107
-0.426 -0.061  0.084 170 100 99
-0.425 -0.063  0.085 174 99 90
-0.423 -0.063  0.085 159 93 90
-0.422 -0.065  0.086 138 87 91
-0.420 -0.066  0.087 129 87 89
-0.419 -0.067  0.088 120 94 108
-0.417 -0.068  0.089 119 131 126
-0.414 -0.066  0.089 112 134 140
-0.412 -0.066  0.089 105 124 146
-0.408 -0.063  0.089 112 135 153
-0.404 -0.061  0.089 123 160 165
-0.401 -0.058  0.089 130 172 171
-0.396 -0.053  0.088 142 180 156
-0.392 -0.050  0.088 144 172 139
-0.389 -0.048  0.088 159 179 141
-0.385 -0.047  0.088 176 181 150
-0.434 -0.030  0.072 154 133 101
-0.434 -0.034  0.074 140 123 97
-0.433 -0.037  0.075 134 121 96
-0.432 -0.041  0.077 126 115 100
-0.432 -0.044  0.078 112 109 104
-0.431 -0.047  0.080 104 111 106
-0.430 -0.049  0.080 107 127 101
-0.428 -0.050  0.081 124 149 98
-0.427 -0.052  0.082 137 166 111
-0.426 -0.054  0.083 148 160 115
-0.425 -0.056  0.085 142 111 94
-0.423 -0.058  0.085 165 93 85
-0.422 -0.059  0.086 172 94 89
-0.420 -0.060  0.087 164 87 87
-0.419 -0.061  0.088 151 81 80
-0.417 -0.063  0.089 147 90 88
-0.415 -0.063  0.089 141 150 109
-0.412 -0.062  0.090 134 160 136
-0.410 -0.061  0.090 116 125 138
-0.406 -0.058  0.090 114 130 145
-0.402 -0.054  0.089 136 165 148
-0.398 -0.051  0.089 132 154 145
-0.394 -0.048  0.089 142 157 131
-0.391 -0.047  0.089 155 169 135
-0.387 -0.044  0.089 166 178 146
-0.434 -0.032  0.076 147 130 99
-0.433 -0.035  0.077 139 125 96
-0.432 -0.039  0.078 134 122 99
-0.431 -0.041  0.079 128 119 100
-0.430 -0.043  0.081 119 127 99
-0.429 -0.045  0.082 116 135 97
-0.427 -0.046  0.082 124 139 92
-0.425 -0.047  0.083 126 155 106
-0.424 -0.049  0.084 129 142 103
-0.423 -0.052  0.085 126 109 88
-0.422 -0.053  0.086 160 94 76
-0.420 -0.055  0.087 163 90 79
-0.419 -0.055  0.088 159 81 77
-0.417 -0.056  0.089 160 78 80
-0.416 -0.058  0.090 174 92 90
-0.414 -0.059  0.090 166 139 106
-0.411 -0.058  0.091 160 156 128
-0.408 -0.056  0.091 128 118 126
-0.405 -0.055  0.091 111 124 139
-0.400 -0.049  0.090 116 127 144
-0.396 -0.047  0.090 124 134 151
-0.392 -0.044  0.090 146 153 144
-0.390 -0.043  0.090 162 166 146
-0.386 -0.040  0.090 174 175 151
-0.432 -0.032  0.078 145 130 98
-0.432 -0.036  0.080 140 127 97
-0.431 -0.038  0.081 136 125 98
-0.430 -0.041  0.082 128 141 94
-0.428 -0.042  0.083 122 146 96
-0.426 -0.043  0.084 119 143 95
-0.425 -0.044  0.085 121 149 97
-0.423 -0.046  0.085 122 124 91
-0.422 -0.047  0.086 129 106 84
-0.420 -0.049  0.087 165 99 77
-0.419 -0.050  0.088 172 93 78
-0.417 -0.051  0.089 167 83 77
-0.415 -0.052  0.090 180 82 80
-0.414 -0.054  0.091 196 94 93
-0.413 -0.055  0.091 199 108 102
-0.410 -0.054  0.092 185 116 107
-0.407 -0.053  0.092 138 112 119
-0.404 -0.051  0.092 113 120 133
-0.398 -0.044  0.091 116 129 148
-0.394 -0.041  0.091 125 140 162
-0.391 -0.040  0.091 148 153 153
-0.388 -0.039  0.092 168 164 148
-0.385 -0.037  0.092 187 173 149
-0.431 -0.033  0.081 141 129 100
-0.430 -0.036  0.082 134 130 99
-0.429 -0.038  0.083 127 142 95
-0.428 -0.039  0.084 127 153 95
-0.426 -0.040  0.085 127 154 101
-0.424 -0.041  0.086 121 147 99
-0.422 -0.042  0.087 125 129 95
-0.421 -0.044  0.088 135 105 87
-0.419 -0.045  0.088 173 103 79
-0.418 -0.046  0.089 188 97 78
-0.416 -0.047  0.090 197 96 78
-0.414 -0.047  0.091 210 97 81
-0.413 -0.050  0.092 223 105 92
-0.411 -0.050  0.092 227 128 109
-0.409 -0.050  0.093 185 127 114
-0.406 -0.049  0.093 140 119 125
-0.403 -0.047  0.093 116 123 142
-0.398 -0.043  0.093 114 131 155
-0.394 -0.040  0.093 121 140 161
-0.391 -0.038  0.093 149 155 154
-0.388 -0.036  0.093 175 166 150
-0.430 -0.034  0.084 144 132 100
-0.429 -0.037  0.085 134 136 103
-0.427 -0.037  0.086 135 154 101
-0.426 -0.038  0.087 141 169 113
-0.424 -0.039  0.087 141 173 121
-0.422 -0.039  0.088 137 126 107
-0.420 -0.041  0.089 139 113 94
-0.418 -0.042  0.090 175 103 85
-0.417 -0.042  0.090 195 101 78
-0.415 -0.043  0.091 211 101 78
-0.413 -0.044  0.092 224 108 82
-0.411 -0.045  0.093 235 117 91
-0.410 -0.046  0.093 225 130 104
-0.407 -0.046  0.094 177 127 116
-0.405 -0.045  0.094 149 128 129
-0.402 -0.044  0.095 131 129 140
-0.397 -0.039  0.094 125 131 150
-0.394 -0.037  0.094 140 143 152
-0.390 -0.035  0.094 168 162 150
-0.430 -0.035  0.087 153 140 115
-0.428 -0.036  0.088 145 143 113
-0.426 -0.037  0.088 151 146 112
-0.424 -0.037  0.089 154 148 115
-0.422 -0.038  0.090 152 139 113
-0.420 -0.039  0.091 149 134 109
-0.418 -0.040  0.091 172 118 103
-0.416 -0.039  0.092 195 105 89
-0.414 -0.040  0.092 215 103 83
-0.412 -0.040  0.093 229 109 85
-0.410 -0.041  0.094 228 123 97
-0.409 -0.042  0.095 199 133 111
-0.406 -0.042  0.095 172 138 124
-0.403 -0.041  0.095 161 143 135
-0.401 -0.040  0.096 156 149 142
-0.396 -0.035  0.095 162 151 146
-0.426 -0.036  0.090 164 147 120
-0.424 -0.036  0.091 153 147 116
-0.422 -0.037  0.092 157 140 118
-0.420 -0.038  0.092 157 141 117
-0.418 -0.038  0.093 161 136 118
-0.416 -0.037  0.093 177 134 114
-0.414 -0.037  0.094 193 130 106
-0.411 -0.037  0.094 199 129 107
-0.410 -0.039  0.095 194 137 120
-0.407 -0.038  0.096 183 144 128

