-0.832  0.001 -0.091 144 164 123
-0.830  0.003 -0.089 136 163 128
-0.832 -0.001 -0.093 151 167 120
-0.829  0.001 -0.091 93 103 69
-0.828  0.003 -0.089 84 93 61
-0.826  0.005 -0.088 109 93 77
-0.822  0.006 -0.084 118 139 113
-0.820  0.008 -0.082 158 161 129
-0.829 -0.001 -0.093 106 109 80
-0.827  0.001 -0.092 74 96 61
-0.825  0.003 -0.089 78 97 59
-0.824  0.004 -0.088 76 96 63
-0.821  0.006 -0.086 77 96 63
-0.818  0.007 -0.082 96 94 70
-0.815  0.009 -0.080 112 122 93
-0.814  0.011 -0.079 138 155 127
-0.827 -0.003 -0.094 117 97 101
-0.827 -0.001 -0.094 78 97 68
-0.825  0.001 -0.092 114 103 59
-0.824  0.003 -0.091 148 145 65
-0.823  0.005 -0.090 183 131 67
-0.820  0.006 -0.087 112 95 63
-0.817  0.008 -0.084 76 102 68
-0.814  0.009 -0.081 78 103 68
-0.812  0.011 -0.079 92 101 69
-0.811  0.012 -0.078 115 110 87
-0.811  0.014 -0.078 131 153 125
-0.825 -0.005 -0.095 127 101 101
-0.825 -0.003 -0.095 80 90 57
-0.825 -0.001 -0.095 88 104 56
-0.824  0.001 -0.094 159 155 70
-0.822  0.003 -0.092 127 118 63
-0.821  0.004 -0.091 163 142 68
-0.818  0.006 -0.088 115 108 73
-0.816  0.008 -0.086 91 114 73
-0.814  0.009 -0.084 88 113 74
-0.810  0.011 -0.081 89 113 74
-0.809  0.012 -0.079 87 114 76
-0.809  0.014 -0.079 93 112 77
-0.808  0.016 -0.078 119 115 93
-0.809  0.018 -0.079 137 161 129
-0.823 -0.007 -0.096 132 114 110
-0.823 -0.005 -0.095 83 90 56
-0.822 -0.003 -0.095 74 100 56
-0.822 -0.001 -0.095 148 114 57
-0.821  0.001 -0.094 132 129 71
-0.820  0.003 -0.093 111 137 81
-0.819  0.004 -0.092 134 121 72
-0.817  0.006 -0.089 172 132 80
-0.814  0.008 -0.087 131 126 77
-0.812  0.009 -0.085 108 132 81
-0.810  0.011 -0.082 105 132 82
-0.808  0.012 -0.081 100 127 81
-0.807  0.014 -0.080 96 123 83
-0.806  0.016 -0.079 99 121 85
-0.806  0.018 -0.079 115 128 94
-0.809  0.020 -0.082 143 145 109
-0.811  0.022 -0.083 168 178 141
-0.821 -0.009 -0.097 138 129 117
-0.820 -0.007 -0.095 84 92 55
-0.820 -0.005 -0.095 72 97 57
-0.820 -0.003 -0.095 139 102 54
-0.819 -0.001 -0.095 185 159 70
-0.819  0.001 -0.094 167 142 80
-0.818  0.003 -0.093 124 122 76
-0.817  0.004 -0.092 165 135 75
-0.815  0.006 -0.091 150 145 77
-0.813  0.008 -0.088 170 131 78
-0.811  0.009 -0.087 146 153 88
-0.809  0.011 -0.084 125 153 88
-0.807  0.012 -0.082 119 144 91
-0.806  0.014 -0.081 115 141 93
-0.805  0.016 -0.080 110 138 96
-0.805  0.018 -0.080 130 149 105
-0.805  0.019 -0.080 144 158 121
-0.806  0.021 -0.081 158 170 133
-0.808  0.024 -0.083 181 178 142
-0.811  0.026 -0.086 193 184 146
-0.819 -0.011 -0.097 145 147 118
-0.818 -0.009 -0.096 89 97 59
-0.817 -0.007 -0.096 74 94 57
-0.817 -0.005 -0.095 113 104 56
-0.817 -0.003 -0.095 194 127 67
-0.817 -0.001 -0.095 206 146 74
-0.816  0.001 -0.094 147 124 74
-0.816  0.002 -0.094 165 124 74
-0.815  0.004 -0.093 169 169 77
-0.813  0.006 -0.091 142 170 83
-0.812  0.008 -0.090 150 142 80
-0.810  0.009 -0.088 177 137 73
-0.808  0.011 -0.086 164 147 77
-0.806  0.013 -0.084 139 156 99
-0.805  0.014 -0.083 131 155 103
-0.805  0.016 -0.083 136 156 109
-0.804  0.018 -0.081 155 164 123
-0.803  0.019 -0.081 173 179 137
-0.804  0.021 -0.081 184 188 143
-0.804  0.023 -0.082 180 184 149
-0.805  0.025 -0.082 175 178 140
-0.807  0.028 -0.085 169 180 139
-0.816 -0.013 -0.097 158 169 128
-0.816 -0.011 -0.096 93 90 70
-0.815 -0.009 -0.096 70 93 58
-0.815 -0.007 -0.096 95 112 56
-0.815 -0.005 -0.096 173 147 65
-0.814 -0.003 -0.095 211 146 67
-0.814 -0.001 -0.095 160 130 66
-0.814  0.000 -0.094 131 143 75
-0.813  0.002 -0.094 190 149 68
-0.813  0.004 -0.093 181 143 63
-0.811  0.006 -0.092 156 170 74
-0.810  0.008 -0.091 183 165 84
-0.809  0.009 -0.090 194 153 86
-0.807  0.011 -0.088 162 160 83
-0.805  0.013 -0.086 156 161 103
-0.805  0.014 -0.085 146 177 118
-0.804  0.016 -0.084 174 179 132
-0.803  0.018 -0.083 201 198 141
-0.802  0.019 -0.082 196 193 145
-0.802  0.021 -0.083 190 195 154
-0.802  0.023 -0.083 181 190 157
-0.803  0.025 -0.083 161 179 143
-0.805  0.027 -0.085 145 162 133
-0.808  0.030 -0.089 136 149 129
-0.814 -0.015 -0.098 171 181 135
-0.813 -0.013 -0.097 99 91 82
-0.813 -0.011 -0.096 70 93 62
-0.813 -0.009 -0.096 75 97 59
-0.812 -0.007 -0.096 133 134 60
-0.812 -0.005 -0.095 195 153 70
-0.811 -0.003 -0.095 156 137 64
-0.811 -0.002 -0.095 117 141 77
-0.811  0.000 -0.094 158 158 70
-0.810  0.002 -0.093 163 169 73
-0.810  0.004 -0.093 163 148 70
-0.809  0.006 -0.092 152 148 72
-0.808  0.008 -0.092 161 150 71
-0.807  0.009 -0.091 159 157 78
-0.806  0.011 -0.089 136 161 99
-0.805  0.013 -0.088 172 149 125
-0.804  0.014 -0.087 208 208 136
-0.803  0.016 -0.086 247 195 157
-0.802  0.018 -0.085 225 231 163
-0.800  0.019 -0.083 227 205 156
-0.801  0.021 -0.084 204 201 159
-0.801  0.023 -0.084 179 188 154
-0.801  0.025 -0.084 151 172 136
-0.803  0.027 -0.086 124 146 113
-0.805  0.030 -0.089 102 121 105
-0.807  0.032 -0.090 136 140 110
-0.811 -0.015 -0.097 120 91 93
-0.810 -0.013 -0.096 75 88 56
-0.810 -0.011 -0.096 70 95 57
-0.810 -0.009 -0.096 113 161 77
-0.809 -0.007 -0.095 134 148 77
-0.809 -0.005 -0.095 142 164 81
-0.808 -0.004 -0.094 117 127 74
-0.808 -0.002 -0.094 155 133 71
-0.807  0.000 -0.093 194 150 71
-0.807  0.002 -0.092 180 144 69
-0.807  0.004 -0.092 151 151 72
-0.806  0.006 -0.092 153 146 67
-0.806  0.007 -0.092 149 146 71
-0.805  0.009 -0.091 140 164 92
-0.804  0.011 -0.090 167 148 129
-0.803  0.013 -0.089 216 224 178
-0.803  0.014 -0.088 216 188 177
-0.802  0.016 -0.087 245 215 184
-0.801  0.018 -0.086 242 232 202
-0.799  0.019 -0.084 218 233 182
-0.799  0.021 -0.085 200 206 156
-0.799  0.023 -0.085 160 173 137
-0.799  0.025 -0.085 128 153 113
-0.801  0.027 -0.087 102 125 92
-0.804  0.030 -0.089 93 122 90
-0.805  0.032 -0.091 133 134 110
-0.810 -0.017 -0.099 126 101 108
-0.808 -0.015 -0.097 80 96 63
-0.807 -0.013 -0.096 69 92 56
-0.807 -0.011 -0.096 145 102 63
-0.806 -0.009 -0.095 190 125 65
-0.806 -0.007 -0.094 132 135 70
-0.805 -0.006 -0.094 96 119 71
-0.804 -0.004 -0.093 148 127 79
-0.804 -0.002 -0.093 178 139 72
-0.804 -0.000 -0.092 156 162 70
-0.804  0.002 -0.092 180 156 71
-0.803  0.004 -0.092 158 140 72
-0.803  0.005 -0.091 149 152 70
-0.804  0.007 -0.092 145 161 85
-0.803  0.009 -0.092 138 152 114
-0.803  0.011 -0.091 208 226 171
-0.802  0.013 -0.091 218 173 182
-0.802  0.015 -0.090 220 192 192
-0.801  0.016 -0.089 254 239 171
-0.799  0.018 -0.087 255 218 189
-0.798  0.019 -0.086 199 223 208
-0.798  0.021 -0.086 163 187 141
-0.798  0.023 -0.086 133 155 118
-0.797  0.025 -0.085 105 133 101
-0.800  0.027 -0.088 95 119 90
-0.802  0.029 -0.090 100 122 96
-0.807 -0.019 -0.098 138 124 112
-0.806 -0.017 -0.097 83 89 59
-0.805 -0.015 -0.096 64 91 56
-0.804 -0.013 -0.095 68 94 59
-0.803 -0.011 -0.095 187 111 70
-0.803 -0.009 -0.094 206 127 67
-0.803 -0.008 -0.094 119 113 73
-0.802 -0.006 -0.093 87 118 70
-0.801 -0.004 -0.092 112 131 75
-0.801 -0.002 -0.092 167 134 78
-0.801 -0.000 -0.092 143 158 79
-0.800  0.001 -0.091 140 169 77
-0.800  0.003 -0.091 162 168 83
-0.800  0.005 -0.091 147 160 84
-0.801  0.007 -0.092 118 158 99
-0.801  0.009 -0.092 194 209 151
-0.802  0.011 -0.093 223 207 171
-0.802  0.013 -0.093 218 168 130
-0.801  0.015 -0.092 233 188 181
-0.800  0.016 -0.091 254 181 178
-0.799  0.018 -0.090 242 242 207
-0.798  0.020 -0.089 189 193 154
-0.797  0.021 -0.088 140 159 118
-0.797  0.023 -0.088 108 134 102
-0.797  0.025 -0.088 92 119 91
-0.799  0.027 -0.090 93 117 95
-0.801  0.030 -0.092 114 124 103
-0.804 -0.021 -0.098 149 152 119
-0.803 -0.019 -0.097 90 92 63
-0.802 -0.017 -0.096 64 91 58
-0.802 -0.015 -0.096 64 91 59
-0.801 -0.013 -0.095 65 92 59
-0.801 -0.011 -0.094 106 90 55
-0.800 -0.010 -0.094 113 88 57
-0.800 -0.008 -0.094 86 100 62
-0.799 -0.006 -0.093 81 113 70
-0.799 -0.004 -0.093 92 122 71
-0.798 -0.002 -0.092 121 140 72
-0.798 -0.000 -0.092 122 145 81
-0.798  0.001 -0.091 125 151 84
-0.798  0.003 -0.091 139 154 77
-0.798  0.005 -0.091 139 154 89
-0.798  0.007 -0.092 171 157 122
-0.799  0.009 -0.092 197 216 179
-0.799  0.011 -0.093 235 126 117
-0.800  0.013 -0.093 243 179 126
-0.799  0.015 -0.093 239 194 171
-0.799  0.016 -0.092 252 245 205
-0.798  0.018 -0.092 200 204 187
-0.797  0.020 -0.091 152 168 130
-0.798  0.022 -0.092 118 140 112
-0.798  0.024 -0.091 93 118 90
-0.798  0.026 -0.091 88 121 91
-0.798  0.027 -0.091 102 122 94
-0.801  0.030 -0.095 126 135 109
-0.801 -0.022 -0.098 159 169 125
-0.801 -0.021 -0.097 95 91 69
-0.800 -0.019 -0.097 68 88 55
-0.800 -0.017 -0.096 64 90 57
-0.799 -0.015 -0.096 64 92 59
-0.799 -0.013 -0.095 66 94 74
-0.798 -0.011 -0.094 56 96 91
-0.798 -0.010 -0.094 63 95 67
-0.798 -0.008 -0.094 68 101 64
-0.797 -0.006 -0.093 74 107 69
-0.796 -0.004 -0.092 85 114 75
-0.796 -0.002 -0.092 95 125 79
-0.796 -0.001 -0.092 107 138 85
-0.795  0.001 -0.092 117 144 91
-0.795  0.003 -0.092 123 153 93
-0.795  0.005 -0.091 139 152 95
-0.796  0.007 -0.092 204 176 129
-0.796  0.009 -0.092 202 169 169
-0.797  0.011 -0.094 233 130 133
-0.797  0.013 -0.093 228 208 175
-0.798  0.015 -0.094 247 252 227
-0.797  0.016 -0.093 202 231 198
-0.798  0.018 -0.094 154 169 129
-0.798  0.020 -0.094 131 146 113
-0.798  0.022 -0.094 107 130 102
-0.798  0.024 -0.094 106 121 91
-0.799  0.026 -0.095 104 119 91
-0.799  0.028 -0.095 125 124 98
-0.803  0.031 -0.099 143 141 117
-0.798 -0.023 -0.097 102 91 83
-0.798 -0.021 -0.097 68 88 57
-0.798 -0.019 -0.097 66 91 57
-0.797 -0.017 -0.096 62 94 58
-0.797 -0.015 -0.096 63 94 67
-0.796 -0.013 -0.095 138 153 104
-0.796 -0.012 -0.095 156 164 140
-0.796 -0.010 -0.095 172 159 100
-0.795 -0.008 -0.094 93 94 84
-0.795 -0.006 -0.093 69 100 62
-0.794 -0.004 -0.092 77 106 69
-0.794 -0.002 -0.092 85 115 76
-0.794 -0.001 -0.092 94 123 83
-0.793  0.001 -0.092 102 134 85
-0.793  0.003 -0.092 110 142 90
-0.793  0.005 -0.092 153 161 95
-0.793  0.007 -0.092 156 194 127
-0.794  0.009 -0.093 202 208 182
-0.795  0.011 -0.094 253 212 163
-0.795  0.013 -0.094 255 197 176
-0.795  0.014 -0.094 214 244 200
-0.795  0.016 -0.094 154 169 134
-0.796  0.018 -0.095 126 152 120
-0.796  0.020 -0.095 112 139 112
-0.797  0.022 -0.096 106 115 102
-0.798  0.024 -0.097 104 116 99
-0.799  0.026 -0.098 172 114 94
-0.800  0.028 -0.099 181 151 113
-0.804  0.031 -0.103 172 148 122
-0.796 -0.024 -0.098 116 96 100
-0.796 -0.023 -0.097 71 88 57
-0.796 -0.021 -0.097 63 90 56
-0.795 -0.019 -0.097 63 89 58
-0.794 -0.017 -0.096 63 94 63
-0.794 -0.015 -0.096 96 97 80
-0.794 -0.013 -0.095 169 128 97
-0.793 -0.012 -0.095 165 155 125
-0.793 -0.010 -0.095 166 175 130
-0.793 -0.008 -0.094 88 107 118
-0.792 -0.006 -0.094 68 96 61
-0.791 -0.004 -0.093 71 100 63
-0.791 -0.003 -0.092 77 105 68
-0.791 -0.001 -0.092 82 112 73
-0.791  0.001 -0.092 89 119 78
-0.791  0.003 -0.092 96 126 86
-0.791  0.005 -0.092 120 138 92
-0.791  0.007 -0.092 132 180 104
-0.792  0.008 -0.093 208 177 130
-0.793  0.010 -0.094 187 209 172
-0.793  0.012 -0.094 184 200 185
-0.793  0.014 -0.095 172 169 130
-0.794  0.016 -0.095 141 150 116
-0.794  0.018 -0.096 121 141 103
-0.795  0.020 -0.097 100 126 93
-0.796  0.022 -0.097 103 121 94
-0.798  0.024 -0.100 135 111 89
-0.800  0.027 -0.102 192 169 108
-0.801  0.029 -0.103 210 140 113
-0.805  0.032 -0.108 201 159 123
-0.794 -0.026 -0.099 128 109 107
-0.794 -0.024 -0.098 77 90 54
-0.793 -0.023 -0.097 63 92 56
-0.793 -0.021 -0.097 63 91 56
-0.793 -0.019 -0.097 65 92 59
-0.792 -0.017 -0.096 97 92 80
-0.792 -0.015 -0.096 131 122 120
-0.792 -0.013 -0.096 165 188 147
-0.791 -0.012 -0.095 154 149 125
-0.791 -0.010 -0.095 115 131 123
-0.790 -0.008 -0.094 113 125 89
-0.790 -0.006 -0.094 76 92 60
-0.789 -0.005 -0.093 65 96 60
-0.789 -0.003 -0.093 70 100 62
-0.788 -0.001 -0.092 76 106 66
-0.788  0.001 -0.092 83 110 73
-0.788  0.003 -0.092 88 119 82
-0.788  0.005 -0.092 106 129 89
-0.789  0.007 -0.093 122 142 101
-0.790  0.008 -0.094 152 163 116
-0.791  0.010 -0.095 158 187 125
-0.792  0.012 -0.096 144 175 130
-0.792  0.014 -0.096 131 155 119
-0.793  0.016 -0.097 122 137 105
-0.793  0.018 -0.097 104 128 95
-0.795  0.020 -0.099 101 132 86
-0.795  0.022 -0.100 118 104 88
-0.798  0.025 -0.102 198 126 93
-0.801  0.027 -0.106 172 126 105
-0.803  0.030 -0.108 204 154 116
-0.792 -0.028 -0.099 137 138 118
-0.791 -0.026 -0.098 82 89 57
-0.791 -0.025 -0.098 65 91 56
-0.791 -0.023 -0.098 65 92 55
-0.791 -0.021 -0.097 65 92 59
-0.790 -0.019 -0.097 81 95 69
-0.790 -0.017 -0.096 95 135 100
-0.790 -0.015 -0.096 135 165 134
-0.789 -0.014 -0.096 153 136 143
-0.789 -0.012 -0.095 112 136 121
-0.788 -0.010 -0.095 142 157 108
-0.788 -0.008 -0.094 92 124 122
-0.787 -0.006 -0.093 69 94 59
-0.787 -0.005 -0.093 64 96 60
-0.786 -0.003 -0.092 66 98 62
-0.786 -0.001 -0.092 71 101 66
-0.786  0.001 -0.092 74 106 73
-0.786  0.003 -0.092 82 112 79
-0.786  0.004 -0.092 97 122 82
-0.786  0.006 -0.092 109 137 96
-0.786  0.008 -0.093 132 143 114
-0.788  0.010 -0.094 129 142 112
-0.788  0.012 -0.095 120 143 110
-0.790  0.014 -0.096 107 129 97
-0.791  0.016 -0.097 97 123 92
-0.792  0.018 -0.099 102 113 87
-0.794  0.020 -0.101 104 98 83
-0.795  0.023 -0.102 124 116 92
-0.798  0.025 -0.106 182 152 114
-0.803  0.028 -0.111 187 163 129
-0.789 -0.030 -0.098 153 163 126
-0.789 -0.028 -0.098 96 89 67
-0.789 -0.026 -0.098 67 89 57
-0.788 -0.025 -0.098 63 91 58
-0.788 -0.023 -0.098 65 91 59
-0.788 -0.021 -0.097 68 97 63
-0.787 -0.019 -0.097 91 134 85
-0.787 -0.017 -0.096 138 183 119
-0.787 -0.015 -0.096 146 151 104
-0.786 -0.014 -0.095 119 162 114
-0.786 -0.012 -0.095 136 126 100
-0.786 -0.010 -0.095 110 155 125
-0.785 -0.008 -0.094 79 98 64
-0.785 -0.006 -0.094 66 94 65
-0.784 -0.005 -0.092 69 97 63
-0.784 -0.003 -0.092 67 101 66
-0.783 -0.001 -0.092 72 101 67
-0.783  0.001 -0.092 85 106 71
-0.783  0.002 -0.092 85 114 79
-0.783  0.004 -0.091 98 120 87
-0.784  0.006 -0.093 112 128 96
-0.784  0.008 -0.093 114 136 101
-0.785  0.010 -0.094 106 126 104
-0.787  0.012 -0.096 96 122 94
-0.789  0.014 -0.098 92 117 83
-0.790  0.016 -0.099 103 106 84
-0.791  0.018 -0.101 103 95 91
-0.793  0.021 -0.103 119 107 86
-0.795  0.023 -0.105 179 130 107
-0.800  0.026 -0.110 221 194 155
-0.805  0.029 -0.116 191 187 173
-0.785 -0.030 -0.097 95 114 104
-0.785 -0.028 -0.097 71 103 67
-0.785 -0.026 -0.097 63 92 58
-0.785 -0.025 -0.097 64 92 60
-0.785 -0.023 -0.097 65 97 63
-0.785 -0.021 -0.097 87 127 84
-0.785 -0.019 -0.096 162 137 116
-0.784 -0.017 -0.096 138 182 141
-0.784 -0.016 -0.096 124 152 96
-0.784 -0.014 -0.095 117 106 105
-0.784 -0.012 -0.095 111 141 126
-0.784 -0.010 -0.095 84 112 74
-0.783 -0.008 -0.094 107 104 81
-0.782 -0.007 -0.093 117 126 86
-0.782 -0.005 -0.093 79 100 84
-0.781 -0.003 -0.092 70 101 77
-0.781 -0.001 -0.092 78 105 71
-0.781  0.000 -0.091 91 106 75
-0.781  0.002 -0.091 95 117 82
-0.781  0.004 -0.091 100 128 90
-0.781  0.006 -0.092 103 132 100
-0.782  0.008 -0.093 106 129 99
-0.783  0.010 -0.094 95 120 88
-0.786  0.012 -0.097 90 116 85
-0.788  0.014 -0.100 85 117 84
-0.789  0.016 -0.101 97 123 97
-0.791  0.019 -0.103 104 99 85
-0.793  0.021 -0.106 139 129 100
-0.795  0.023 -0.108 208 180 134
-0.801  0.026 -0.114 240 202 159
-0.783 -0.032 -0.097 115 111 101
-0.783 -0.030 -0.097 71 93 57
-0.783 -0.028 -0.097 62 95 60
-0.782 -0.026 -0.096 63 92 60
-0.782 -0.025 -0.096 61 94 62
-0.782 -0.023 -0.096 96 98 86
-0.782 -0.021 -0.096 149 124 122
-0.782 -0.019 -0.096 156 159 140
-0.782 -0.017 -0.096 141 151 124
-0.782 -0.016 -0.096 117 117 121
-0.782 -0.014 -0.096 163 159 116
-0.782 -0.012 -0.096 97 96 95
-0.781 -0.010 -0.094 109 117 90
-0.780 -0.008 -0.094 107 103 113
-0.780 -0.007 -0.093 111 136 105
-0.779 -0.005 -0.092 105 136 119
-0.779 -0.003 -0.092 120 106 102
-0.778 -0.001 -0.092 94 115 80
-0.778  0.000 -0.092 92 117 89
-0.778  0.002 -0.092 96 124 87
-0.778  0.004 -0.092 105 124 92
-0.778  0.006 -0.092 106 126 89
-0.780  0.008 -0.094 99 121 85
-0.782  0.010 -0.096 87 115 85
-0.785  0.012 -0.099 80 114 83
-0.787  0.014 -0.102 92 118 83
-0.789  0.017 -0.103 102 109 90
-0.791  0.019 -0.106 152 105 89
-0.793  0.021 -0.108 215 157 117
-0.796  0.024 -0.112 204 174 162
-0.802  0.027 -0.118 225 200 167
-0.782 -0.034 -0.098 134 130 114
-0.781 -0.032 -0.097 82 90 64
-0.781 -0.030 -0.097 62 90 60
-0.781 -0.028 -0.097 64 93 60
-0.780 -0.026 -0.097 63 91 61
-0.781 -0.025 -0.097 90 94 78
-0.780 -0.023 -0.096 121 123 120
-0.780 -0.021 -0.096 165 181 142
-0.780 -0.019 -0.096 168 146 113
-0.780 -0.017 -0.096 120 148 116
-0.780 -0.016 -0.096 151 153 98
-0.779 -0.014 -0.095 110 107 109
-0.779 -0.012 -0.095 74 96 76
-0.778 -0.010 -0.094 95 138 111
-0.777 -0.009 -0.093 87 133 94
-0.777 -0.007 -0.092 92 130 93
-0.776 -0.005 -0.092 95 130 87
-0.776 -0.003 -0.091 108 124 101
-0.776 -0.002 -0.091 118 153 96
-0.776  0.000 -0.091 102 141 116
-0.776  0.002 -0.092 97 121 90
-0.776  0.004 -0.092 97 122 89
-0.777  0.006 -0.093 96 119 89
-0.778  0.008 -0.094 89 117 87
-0.780  0.010 -0.096 85 109 81
-0.784  0.012 -0.101 91 109 87
-0.787  0.015 -0.104 97 115 96
-0.789  0.017 -0.106 135 115 99
-0.791  0.019 -0.109 212 166 123
-0.794  0.022 -0.112 241 200 167
-0.797  0.024 -0.116 234 187 157
-0.802  0.027 -0.122 202 181 161
-0.780 -0.034 -0.099 116 115 97
-0.779 -0.032 -0.098 81 95 71
-0.779 -0.030 -0.098 74 94 60
-0.779 -0.028 -0.098 64 91 60
-0.778 -0.027 -0.097 61 93 64
-0.778 -0.025 -0.097 109 109 89
-0.778 -0.023 -0.097 112 158 123
-0.778 -0.021 -0.097 120 124 125
-0.777 -0.019 -0.096 110 115 78
-0.777 -0.018 -0.096 143 137 72
-0.777 -0.016 -0.096 133 136 94
-0.777 -0.014 -0.095 80 93 61
-0.776 -0.012 -0.095 61 97 73
-0.775 -0.010 -0.094 84 129 95
-0.774 -0.009 -0.093 125 126 91
-0.774 -0.007 -0.092 83 120 100
-0.773 -0.005 -0.092 113 103 73
-0.773 -0.003 -0.092 135 121 86
-0.773 -0.002 -0.091 137 163 112
-0.773  0.000 -0.091 108 152 128
-0.774  0.002 -0.092 94 117 84
-0.775  0.004 -0.093 88 115 83
-0.776  0.006 -0.095 85 115 82
-0.778  0.008 -0.097 86 115 80
-0.783  0.011 -0.103 95 110 88
-0.786  0.013 -0.106 96 117 105
-0.788  0.015 -0.109 128 132 117
-0.791  0.018 -0.112 206 181 134
-0.794  0.020 -0.116 236 185 159
-0.797  0.023 -0.119 240 201 175
-0.803  0.026 -0.126 240 194 157
-0.779 -0.034 -0.100 117 80 71
-0.778 -0.032 -0.100 77 82 63
-0.778 -0.030 -0.099 74 91 63
-0.777 -0.028 -0.098 73 97 69
-0.777 -0.027 -0.098 73 93 63
-0.777 -0.025 -0.098 79 92 65
-0.776 -0.023 -0.097 78 116 86
-0.776 -0.021 -0.097 77 112 90
-0.775 -0.019 -0.096 69 96 63
-0.775 -0.018 -0.096 91 110 74
-0.775 -0.016 -0.096 77 99 82
-0.775 -0.014 -0.096 68 98 60
-0.774 -0.012 -0.094 65 95 65
-0.773 -0.011 -0.093 72 98 66
-0.772 -0.009 -0.093 98 124 77
-0.772 -0.007 -0.092 109 137 93
-0.771 -0.005 -0.092 123 134 95
-0.771 -0.004 -0.091 140 143 99
-0.771 -0.002 -0.091 144 157 112
-0.771 -0.000 -0.091 103 120 98
-0.772  0.002 -0.092 87 118 91
-0.772  0.004 -0.093 90 115 82
-0.774  0.006 -0.095 84 109 77
-0.776  0.008 -0.097 87 120 82
-0.781  0.010 -0.103 188 171 103
-0.786  0.013 -0.109 168 145 126
-0.788  0.015 -0.112 208 188 166
-0.792  0.018 -0.116 234 178 158
-0.795  0.020 -0.119 243 186 158
-0.798  0.023 -0.123 221 191 161
-0.777 -0.034 -0.101 112 79 69
-0.776 -0.032 -0.100 77 81 60
-0.776 -0.030 -0.100 76 81 58
-0.776 -0.028 -0.100 72 84 61
-0.775 -0.027 -0.099 71 84 65
-0.775 -0.025 -0.099 80 98 64
-0.774 -0.023 -0.097 73 90 61
-0.773 -0.021 -0.097 64 95 58
-0.773 -0.019 -0.096 64 93 59
-0.773 -0.018 -0.096 61 97 61
-0.773 -0.016 -0.096 63 96 63
-0.772 -0.014 -0.096 64 95 59
-0.771 -0.012 -0.095 65 96 61
-0.771 -0.011 -0.094 65 98 63
-0.770 -0.009 -0.094 73 103 64
-0.770 -0.007 -0.093 86 99 72
-0.770 -0.005 -0.093 99 123 97
-0.770 -0.004 -0.092 102 139 115
-0.769 -0.002 -0.092 103 117 92
-0.769 -0.000 -0.092 93 115 81
-0.770  0.002 -0.093 85 115 85
-0.771  0.004 -0.094 86 113 80
-0.772  0.006 -0.096 82 116 80
-0.774  0.008 -0.098 192 141 90
-0.779  0.010 -0.104 232 175 131
-0.786  0.013 -0.111 221 182 162
-0.788  0.016 -0.115 230 188 161
-0.792  0.018 -0.119 238 178 145
-0.795  0.021 -0.123 228 183 147
-0.799  0.023 -0.127 188 174 144
-0.776 -0.034 -0.103 111 80 67
-0.775 -0.032 -0.102 78 84 60
-0.774 -0.030 -0.101 77 81 59
-0.774 -0.028 -0.100 74 82 60
-0.773 -0.027 -0.099 89 81 62
-0.773 -0.025 -0.099 76 94 68
-0.772 -0.023 -0.098 85 81 70
-0.772 -0.021 -0.098 78 100 60
-0.771 -0.019 -0.097 71 93 60
-0.771 -0.018 -0.097 65 96 59
-0.771 -0.016 -0.097 62 95 62
-0.771 -0.014 -0.096 65 96 60
-0.770 -0.012 -0.095 66 97 62
-0.769 -0.011 -0.095 67 100 65
-0.769 -0.009 -0.094 70 102 67
-0.769 -0.007 -0.094 70 104 70
-0.769 -0.005 -0.094 82 105 74
-0.769 -0.004 -0.094 84 113 76
-0.769 -0.002 -0.094 86 113 81
-0.769 -0.000 -0.094 85 113 80
-0.769  0.002 -0.095 82 112 81
-0.771  0.004 -0.097 81 112 77
-0.772  0.006 -0.098 166 126 86
-0.774  0.008 -0.101 235 196 127
-0.779  0.011 -0.107 232 186 159
-0.786  0.013 -0.114 234 184 171
-0.789  0.016 -0.118 235 182 156
-0.793  0.019 -0.123 227 168 147
-0.795  0.021 -0.126 227 184 148
-0.799  0.024 -0.130 167 136 120
-0.804  0.027 -0.136 145 143 116
-0.776 -0.034 -0.106 112 78 67
-0.775 -0.032 -0.104 81 84 60
-0.774 -0.030 -0.103 78 85 59
-0.773 -0.028 -0.102 75 82 60
-0.772 -0.027 -0.101 108 100 71
-0.772 -0.025 -0.100 102 107 83
-0.771 -0.023 -0.099 96 97 72
-0.770 -0.021 -0.099 77 95 71
-0.769 -0.019 -0.098 87 77 66
-0.769 -0.018 -0.098 72 93 63
-0.769 -0.016 -0.098 68 95 62
-0.769 -0.014 -0.097 64 96 63
-0.768 -0.012 -0.096 65 100 65
-0.767 -0.011 -0.095 68 101 66
-0.767 -0.009 -0.095 73 105 70
-0.767 -0.007 -0.095 75 105 72
-0.767 -0.005 -0.095 76 108 73
-0.767 -0.004 -0.095 79 107 78
-0.767 -0.002 -0.095 86 107 76
-0.768  0.000 -0.096 83 116 80
-0.769  0.002 -0.097 81 111 79
-0.770  0.004 -0.098 112 126 81
-0.772  0.006 -0.100 226 212 109
-0.773  0.008 -0.103 242 192 129
-0.778  0.011 -0.108 230 191 157
-0.785  0.014 -0.116 239 190 151
-0.789  0.016 -0.121 247 185 145
-0.793  0.019 -0.126 235 153 136
-0.796  0.021 -0.130 185 134 131
-0.800  0.024 -0.134 145 137 107
-0.804  0.027 -0.139 157 154 120
-0.776 -0.034 -0.108 110 80 69
-0.775 -0.032 -0.107 81 84 60
-0.774 -0.030 -0.106 79 84 59
-0.773 -0.028 -0.104 77 84 58
-0.772 -0.027 -0.103 110 104 71
-0.771 -0.025 -0.102 106 110 81
-0.770 -0.023 -0.101 101 110 88
-0.769 -0.021 -0.100 75 92 85
-0.768 -0.019 -0.099 81 81 59
-0.768 -0.018 -0.099 71 91 63
-0.768 -0.016 -0.099 89 86 60
-0.767 -0.014 -0.098 73 93 65
-0.767 -0.012 -0.097 70 99 64
-0.766 -0.011 -0.097 71 101 67
-0.766 -0.009 -0.096 74 107 75
-0.766 -0.007 -0.096 73 105 74
-0.766 -0.005 -0.096 77 106 73
-0.765 -0.004 -0.095 80 107 76
-0.766 -0.002 -0.096 80 110 76
-0.766  0.000 -0.097 78 110 77
-0.767  0.002 -0.098 87 122 78
-0.769  0.004 -0.101 206 191 92
-0.771  0.006 -0.102 248 208 116
-0.773  0.008 -0.105 240 187 144
-0.777  0.011 -0.109 235 194 160
-0.784  0.014 -0.119 208 185 145
-0.788  0.016 -0.123 225 177 150
-0.792  0.019 -0.128 174 136 143
-0.796  0.022 -0.133 146 128 99
-0.799  0.024 -0.137 140 146 114
-0.776 -0.034 -0.111 103 81 76
-0.775 -0.032 -0.110 80 86 57
-0.774 -0.030 -0.109 79 84 60
-0.773 -0.028 -0.107 76 84 62
-0.771 -0.026 -0.106 110 105 71
-0.770 -0.025 -0.105 111 115 82
-0.769 -0.023 -0.103 116 109 82
-0.768 -0.021 -0.102 82 92 78
-0.768 -0.019 -0.101 115 105 71
-0.767 -0.018 -0.101 106 94 70
-0.766 -0.016 -0.099 84 87 70
-0.766 -0.014 -0.099 81 93 68
-0.765 -0.012 -0.098 93 97 62
-0.764 -0.011 -0.097 82 93 72
-0.764 -0.009 -0.097 86 106 70
-0.764 -0.007 -0.097 83 107 73
-0.764 -0.005 -0.097 74 107 75
-0.764 -0.004 -0.097 75 105 73
-0.764 -0.002 -0.097 76 105 72
-0.765  0.000 -0.098 76 110 77
-0.766  0.002 -0.099 194 143 83
-0.769  0.004 -0.102 248 204 107
-0.770  0.006 -0.105 251 202 121
-0.773  0.008 -0.107 238 187 160
-0.776  0.011 -0.111 222 189 177
-0.783  0.014 -0.121 229 158 122
-0.788  0.017 -0.127 181 130 107
-0.793  0.019 -0.132 140 126 100
-0.796  0.022 -0.136 133 138 108
-0.801  0.025 -0.142 164 156 122
-0.776 -0.034 -0.114 108 78 63
-0.775 -0.032 -0.113 81 86 59
-0.774 -0.030 -0.112 79 85 61
-0.773 -0.028 -0.110 79 83 62
-0.771 -0.026 -0.109 109 100 68
-0.770 -0.025 -0.107 123 108 78
-0.768 -0.023 -0.105 128 108 72
-0.767 -0.021 -0.103 87 88 70
-0.766 -0.019 -0.102 133 87 68
-0.766 -0.018 -0.102 128 135 108
-0.765 -0.016 -0.101 87 106 95
-0.764 -0.014 -0.100 88 80 61
-0.764 -0.012 -0.099 82 98 69
-0.763 -0.011 -0.098 74 86 68
-0.763 -0.009 -0.098 80 95 61
-0.762 -0.007 -0.097 81 99 69
-0.762 -0.005 -0.097 76 107 75
-0.762 -0.004 -0.097 78 105 73
-0.762 -0.002 -0.097 79 110 76
-0.763 -0.000 -0.099 156 123 82
-0.764  0.002 -0.100 238 212 111
-0.768  0.004 -0.105 254 207 107
-0.770  0.006 -0.107 249 198 125
-0.773  0.009 -0.110 239 189 161
-0.775  0.011 -0.114 172 187 171
-0.783  0.014 -0.124 218 196 133
-0.790  0.017 -0.131 159 134 118
-0.794  0.020 -0.136 130 139 109
-0.797  0.023 -0.141 138 145 116
-0.801  0.025 -0.146 201 177 142
-0.806  0.028 -0.151 243 201 165
-0.776 -0.034 -0.117 105 76 63
-0.775 -0.032 -0.116 77 88 60
-0.774 -0.030 -0.115 79 84 59
-0.773 -0.028 -0.114 79 85 62
-0.771 -0.026 -0.111 120 108 75
-0.770 -0.025 -0.110 127 105 78
-0.768 -0.023 -0.108 127 110 74
-0.767 -0.021 -0.106 87 86 67
-0.766 -0.019 -0.105 101 104 74
-0.765 -0.018 -0.104 123 104 93
-0.764 -0.016 -0.102 102 114 92
-0.763 -0.014 -0.101 103 91 69
-0.762 -0.012 -0.100 89 109 87
-0.762 -0.011 -0.100 93 77 58
-0.761 -0.009 -0.099 75 97 68
-0.760 -0.007 -0.098 79 80 63
-0.760 -0.006 -0.098 77 97 64
-0.760 -0.004 -0.097 85 117 78
-0.761 -0.002 -0.098 103 127 88
-0.762 -0.000 -0.100 220 208 105
-0.763  0.002 -0.101 224 181 103
-0.767  0.004 -0.106 250 208 113
-0.769  0.006 -0.109 250 195 130
-0.772  0.009 -0.113 243 188 151
-0.777  0.011 -0.119 166 142 122
-0.785  0.015 -0.128 172 181 136
-0.790  0.017 -0.134 188 140 143
-0.794  0.020 -0.140 150 136 118
-0.798  0.023 -0.145 160 160 125
-0.802  0.026 -0.150 210 184 166
-0.807  0.029 -0.156 245 192 167
-0.777 -0.034 -0.121 106 76 63
-0.775 -0.032 -0.119 77 85 59
-0.775 -0.030 -0.119 78 86 58
-0.773 -0.028 -0.117 77 85 63
-0.772 -0.026 -0.115 116 103 70
-0.770 -0.025 -0.113 110 105 78
-0.768 -0.023 -0.111 119 105 78
-0.767 -0.021 -0.109 85 82 70
-0.766 -0.019 -0.108 116 117 84
-0.765 -0.018 -0.106 115 102 84
-0.764 -0.016 -0.105 87 78 61
-0.762 -0.014 -0.103 107 92 68
-0.761 -0.012 -0.102 86 97 89
-0.760 -0.011 -0.101 105 101 71
-0.760 -0.009 -0.100 82 105 88
-0.759 -0.007 -0.099 103 97 74
-0.759 -0.006 -0.099 84 86 57
-0.759 -0.004 -0.099 106 105 81
-0.759 -0.002 -0.099 197 176 121
-0.760 -0.000 -0.101 202 196 110
-0.761  0.002 -0.102 202 193 100
-0.766  0.004 -0.108 244 209 113
-0.768  0.006 -0.110 252 190 118
-0.771  0.009 -0.114 207 190 142
-0.777  0.012 -0.122 147 132 104
-0.783  0.015 -0.129 173 144 119
-0.789  0.017 -0.136 206 181 151
-0.794  0.020 -0.143 163 140 114
-0.798  0.023 -0.148 190 171 134
-0.802  0.026 -0.153 215 183 162
-0.806  0.029 -0.158 231 220 180
-0.777 -0.034 -0.125 106 77 64
-0.776 -0.032 -0.123 77 82 59
-0.775 -0.030 -0.122 78 82 60
-0.774 -0.028 -0.120 75 87 64
-0.772 -0.026 -0.119 116 106 73
-0.771 -0.024 -0.117 93 83 69
-0.769 -0.023 -0.114 118 114 80
-0.767 -0.021 -0.112 86 81 72
-0.766 -0.019 -0.110 117 121 86
-0.765 -0.017 -0.109 99 103 85
-0.763 -0.016 -0.107 77 80 61
-0.762 -0.014 -0.106 114 94 71
-0.761 -0.012 -0.104 85 87 71
-0.760 -0.011 -0.103 114 100 71
-0.759 -0.009 -0.102 91 113 96
-0.758 -0.007 -0.100 100 120 95
-0.758 -0.006 -0.100 86 77 60
-0.757 -0.004 -0.100 86 101 83
-0.758 -0.002 -0.101 215 168 121
-0.760  0.000 -0.103 211 182 111
-0.761  0.002 -0.104 229 180 101
-0.765  0.004 -0.110 254 207 115
-0.768  0.007 -0.113 255 190 112
-0.772  0.009 -0.118 176 152 114
-0.779  0.012 -0.128 152 137 108
-0.785  0.015 -0.134 217 164 123
-0.789  0.018 -0.140 176 155 135
-0.794  0.021 -0.146 153 149 129
-0.798  0.024 -0.152 217 195 168
-0.802  0.026 -0.157 227 198 172
-0.806  0.029 -0.162 204 221 199
-0.778 -0.034 -0.128 108 79 66
-0.776 -0.032 -0.127 80 84 57
-0.776 -0.030 -0.126 80 82 58
-0.774 -0.028 -0.124 76 85 64
-0.773 -0.026 -0.122 104 103 72
-0.771 -0.024 -0.120 85 82 68
-0.769 -0.023 -0.118 119 110 80
-0.768 -0.021 -0.116 89 84 70
-0.766 -0.019 -0.114 123 114 86
-0.765 -0.017 -0.112 98 112 94
-0.763 -0.016 -0.110 76 80 56
-0.762 -0.014 -0.108 100 86 64
-0.760 -0.012 -0.106 81 81 69
-0.758 -0.011 -0.104 119 108 79
-0.758 -0.009 -0.103 100 107 91
-0.757 -0.007 -0.102 94 118 98
-0.757 -0.005 -0.102 81 81 58
-0.756 -0.004 -0.102 80 90 70
-0.758 -0.002 -0.103 224 179 94
-0.760  0.000 -0.106 218 181 107
-0.761  0.002 -0.107 247 196 110
-0.766  0.005 -0.113 255 202 111
-0.768  0.007 -0.116 252 189 111
-0.772  0.009 -0.121 183 143 112
-0.779  0.012 -0.131 210 183 128
-0.784  0.015 -0.136 197 178 129
-0.789  0.018 -0.144 154 144 112
-0.794  0.021 -0.150 151 164 147
-0.799  0.024 -0.155 202 200 202
-0.803  0.027 -0.161 237 175 170
-0.807  0.030 -0.166 199 193 188
-0.778 -0.034 -0.132 110 85 69
-0.777 -0.032 -0.130 83 87 59
-0.776 -0.030 -0.129 79 84 59
-0.775 -0.028 -0.128 79 84 67
-0.773 -0.026 -0.125 113 116 83
-0.771 -0.024 -0.123 87 81 71
-0.769 -0.023 -0.121 114 114 83
-0.768 -0.021 -0.119 88 81 62
-0.766 -0.019 -0.117 89 82 67
-0.765 -0.017 -0.115 73 81 80
-0.763 -0.016 -0.113 71 83 60
-0.761 -0.014 -0.111 105 103 81
-0.760 -0.012 -0.109 82 81 74
-0.758 -0.011 -0.106 108 103 80
-0.757 -0.009 -0.106 103 103 80
-0.756 -0.007 -0.104 84 103 91
-0.756 -0.005 -0.104 77 82 60
-0.756 -0.004 -0.104 84 92 70
-0.757 -0.002 -0.105 222 187 101
-0.759  0.000 -0.108 217 168 109
-0.760  0.002 -0.109 251 209 116
-0.766  0.005 -0.116 255 196 110
-0.768  0.007 -0.119 215 185 117
-0.771  0.009 -0.123 222 177 129
-0.780  0.013 -0.135 217 178 144
-0.785  0.016 -0.141 172 146 116
-0.790  0.019 -0.148 150 162 119
-0.795  0.021 -0.154 184 177 149
-0.801  0.025 -0.161 204 184 202
-0.804  0.027 -0.166 231 177 166
-0.778 -0.034 -0.135 110 85 69
-0.777 -0.032 -0.134 85 88 61
-0.776 -0.030 -0.132 81 84 62
-0.775 -0.028 -0.132 80 85 68
-0.773 -0.026 -0.129 111 106 80
-0.772 -0.024 -0.127 88 81 69
-0.770 -0.022 -0.125 104 116 82
-0.768 -0.021 -0.122 85 77 62
-0.766 -0.019 -0.120 76 79 59
-0.765 -0.017 -0.118 73 82 60
-0.763 -0.015 -0.116 71 82 65
-0.761 -0.014 -0.113 100 104 82
-0.760 -0.012 -0.112 82 80 71
-0.758 -0.010 -0.109 116 108 86
-0.757 -0.009 -0.108 116 104 79
-0.756 -0.007 -0.107 86 109 95
-0.756 -0.005 -0.107 78 81 59
-0.756 -0.004 -0.107 93 94 74
-0.758 -0.001 -0.109 230 203 111
-0.760  0.001 -0.112 218 172 103
-0.763  0.003 -0.115 249 213 120
-0.768  0.005 -0.122 255 192 114
-0.770  0.008 -0.125 238 166 121
-0.775  0.010 -0.131 235 194 148
-0.782  0.013 -0.140 175 148 136
-0.785  0.016 -0.145 184 179 112
-0.791  0.019 -0.152 160 173 126
-0.796  0.022 -0.158 223 202 159
-0.802  0.025 -0.167 219 190 185
-0.778 -0.034 -0.139 108 81 65
-0.777 -0.032 -0.137 83 88 61
-0.776 -0.030 -0.136 81 86 61
-0.775 -0.028 -0.135 81 84 62
-0.773 -0.026 -0.132 86 85 60
-0.772 -0.024 -0.130 79 87 68
-0.770 -0.022 -0.128 100 115 87
-0.768 -0.021 -0.125 86 79 60
-0.766 -0.019 -0.123 76 82 58
-0.765 -0.017 -0.121 73 82 60
-0.763 -0.015 -0.119 72 82 70
-0.761 -0.014 -0.116 108 118 92
-0.760 -0.012 -0.115 88 81 70
-0.758 -0.010 -0.112 113 116 89
-0.757 -0.009 -0.111 127 115 79
-0.756 -0.007 -0.110 88 98 78
-0.756 -0.005 -0.109 78 83 59
-0.756 -0.003 -0.109 111 103 75
-0.760 -0.001 -0.115 218 212 116
-0.762  0.001 -0.118 225 182 106
-0.766  0.003 -0.123 252 209 121
-0.770  0.006 -0.128 240 184 117
-0.772  0.008 -0.130 225 187 139
-0.776  0.011 -0.136 178 144 127
-0.783  0.014 -0.146 176 137 108
-0.788  0.017 -0.151 188 176 115
-0.792  0.019 -0.157 161 167 138
-0.797  0.023 -0.164 223 206 172
-0.804  0.026 -0.173 232 157 156
-0.779 -0.034 -0.143 108 78 67
-0.778 -0.032 -0.141 82 85 60
-0.777 -0.030 -0.140 81 86 59
-0.776 -0.028 -0.139 78 86 61
-0.774 -0.026 -0.136 81 86 61
-0.772 -0.024 -0.134 82 87 68
-0.771 -0.022 -0.132 107 114 84
-0.768 -0.021 -0.129 86 80 58
-0.767 -0.019 -0.127 76 83 56
-0.765 -0.017 -0.125 74 83 60
-0.763 -0.015 -0.122 77 84 69
-0.762 -0.014 -0.120 98 119 91
-0.760 -0.012 -0.118 87 81 69
-0.758 -0.010 -0.115 100 120 92
-0.757 -0.008 -0.114 121 107 82
-0.756 -0.007 -0.113 89 89 72
-0.756 -0.005 -0.113 77 83 62
-0.757 -0.003 -0.113 137 116 76
-0.759 -0.001 -0.116 219 216 119
-0.761  0.001 -0.119 250 209 116
-0.767  0.004 -0.127 250 191 119
-0.769  0.006 -0.130 231 173 122
-0.773  0.008 -0.135 174 141 119
-0.778  0.011 -0.142 166 136 107
-0.784  0.014 -0.150 164 184 116
-0.788  0.017 -0.155 173 179 117
-0.793  0.020 -0.161 157 169 152
-0.798  0.023 -0.169 209 214 204
-0.805  0.026 -0.177 213 214 177
-0.779 -0.034 -0.147 111 79 65
-0.778 -0.032 -0.145 81 85 62
-0.777 -0.030 -0.143 79 88 58
-0.776 -0.028 -0.143 81 88 61
-0.774 -0.026 -0.139 79 84 63
-0.772 -0.024 -0.137 80 84 65
-0.770 -0.022 -0.135 87 84 63
-0.768 -0.020 -0.132 79 83 60
-0.767 -0.019 -0.130 76 82 59
-0.765 -0.017 -0.127 75 84 59
-0.763 -0.015 -0.125 81 85 66
-0.761 -0.013 -0.123 101 118 81
-0.760 -0.012 -0.121 92 85 68
-0.758 -0.010 -0.118 104 120 96
-0.757 -0.008 -0.117 113 109 78
-0.757 -0.007 -0.116 89 84 61
-0.757 -0.005 -0.116 79 84 64
-0.757 -0.003 -0.117 175 132 80
-0.760 -0.001 -0.120 240 220 121
-0.762  0.001 -0.123 255 200 118
-0.768  0.004 -0.132 247 166 117
-0.771  0.007 -0.136 183 154 129
-0.775  0.009 -0.141 163 140 106
-0.779  0.012 -0.146 161 183 114
-0.787  0.015 -0.157 181 155 111
-0.789  0.017 -0.160 174 165 118
-0.794  0.020 -0.166 157 172 155
-0.799  0.023 -0.173 199 228 205
-0.779 -0.034 -0.150 109 81 66
-0.779 -0.032 -0.149 81 86 62
-0.777 -0.030 -0.147 83 84 59
-0.776 -0.028 -0.146 82 85 59
-0.774 -0.026 -0.142 77 83 61
-0.771 -0.024 -0.139 80 85 61
-0.769 -0.022 -0.137 78 84 61
-0.767 -0.020 -0.134 76 84 62
-0.766 -0.019 -0.132 76 83 60
-0.764 -0.017 -0.130 78 82 58
-0.762 -0.015 -0.127 89 88 62
-0.761 -0.013 -0.126 99 117 83
-0.760 -0.012 -0.124 100 93 70
-0.758 -0.010 -0.122 97 117 105
-0.757 -0.008 -0.121 119 127 93
-0.757 -0.006 -0.120 94 83 59
-0.757 -0.005 -0.120 78 88 68
-0.758 -0.003 -0.121 207 155 94
-0.761 -0.000 -0.125 250 210 121
-0.763  0.002 -0.128 242 179 112
-0.769  0.004 -0.136 235 178 123
-0.773  0.007 -0.141 167 154 106
-0.777  0.010 -0.146 158 183 114
-0.781  0.012 -0.153 178 150 111
-0.789  0.016 -0.163 196 163 116
-0.792  0.018 -0.168 175 171 121
-0.796  0.021 -0.173 154 174 143
-0.802  0.024 -0.181 175 183 178
-0.780 -0.034 -0.154 111 85 69
-0.779 -0.032 -0.153 84 89 62
-0.777 -0.030 -0.151 82 87 61
-0.776 -0.028 -0.149 82 88 62
-0.774 -0.026 -0.146 80 87 62
-0.771 -0.024 -0.142 80 86 59
-0.769 -0.022 -0.139 77 84 61
-0.767 -0.020 -0.137 77 83 61
-0.765 -0.019 -0.134 75 82 59
-0.764 -0.017 -0.132 76 84 58
-0.762 -0.015 -0.130 97 93 64
-0.761 -0.013 -0.128 97 113 86
-0.760 -0.012 -0.127 108 97 73
-0.758 -0.010 -0.125 97 116 106
-0.757 -0.008 -0.124 117 127 96
-0.757 -0.006 -0.124 93 80 57
-0.757 -0.004 -0.123 81 87 68
-0.758 -0.002 -0.125 221 166 94
-0.761 -0.000 -0.129 249 184 109
-0.765  0.002 -0.134 242 172 109
-0.771  0.005 -0.143 222 194 118
-0.776  0.008 -0.149 183 146 106
-0.782  0.011 -0.157 209 175 114
-0.785  0.013 -0.162 183 180 117
-0.792  0.016 -0.171 192 161 112
-0.797  0.019 -0.178 172 169 123
-0.799  0.022 -0.181 185 176 132
-0.803  0.025 -0.186 209 183 151
-0.781 -0.034 -0.158 111 85 69
-0.780 -0.032 -0.157 86 91 62
-0.778 -0.030 -0.155 83 86 60
-0.777 -0.028 -0.154 81 86 61
-0.775 -0.026 -0.150 80 85 60
-0.771 -0.024 -0.146 79 86 59
-0.769 -0.022 -0.142 77 83 58
-0.767 -0.020 -0.140 78 84 60
-0.765 -0.019 -0.137 79 82 57
-0.763 -0.017 -0.135 76 86 61
-0.761 -0.015 -0.132 105 93 66
-0.760 -0.013 -0.131 98 119 87
-0.760 -0.011 -0.130 111 98 72
-0.759 -0.010 -0.128 93 110 98
-0.757 -0.008 -0.127 107 114 91
-0.757 -0.006 -0.127 90 81 59
-0.758 -0.004 -0.127 86 89 71
-0.759 -0.002 -0.129 223 160 93
-0.762  0.000 -0.133 243 167 109
-0.765  0.002 -0.137 200 188 123
-0.772  0.005 -0.147 172 143 104
-0.783  0.009 -0.162 153 143 106
-0.790  0.012 -0.171 207 158 110
-0.794  0.015 -0.177 181 175 117
-0.797  0.017 -0.181 176 178 119
-0.799  0.020 -0.184 161 161 122
-0.801  0.023 -0.187 187 167 138
-0.781 -0.034 -0.162 108 82 65
-0.781 -0.032 -0.162 82 89 61
-0.779 -0.030 -0.160 85 86 59
-0.778 -0.028 -0.159 84 88 61
-0.775 -0.026 -0.155 83 86 59
-0.772 -0.024 -0.150 80 85 58
-0.769 -0.022 -0.146 78 84 60
-0.767 -0.020 -0.143 76 84 60
-0.765 -0.018 -0.140 78 84 59
-0.763 -0.017 -0.138 78 84 60
-0.761 -0.015 -0.135 116 97 70
-0.760 -0.013 -0.134 91 102 86
-0.760 -0.011 -0.133 113 98 69
-0.759 -0.009 -0.131 101 108 86
-0.758 -0.008 -0.130 97 108 90
-0.757 -0.006 -0.130 84 83 60
-0.758 -0.004 -0.131 89 92 75
-0.759 -0.002 -0.133 223 161 104
-0.763  0.000 -0.138 236 178 123
-0.767  0.003 -0.143 195 142 106
-0.774  0.006 -0.153 153 159 111
-0.788  0.010 -0.172 167 141 107
-0.792  0.013 -0.178 206 149 113
-0.796  0.016 -0.184 172 150 114
-0.799  0.018 -0.188 187 174 121
-0.802  0.021 -0.192 162 154 123
-0.781 -0.034 -0.166 107 85 66
-0.781 -0.032 -0.165 83 88 60
-0.779 -0.030 -0.163 85 87 60
-0.779 -0.028 -0.163 84 86 59
-0.776 -0.026 -0.159 81 86 60
-0.772 -0.024 -0.154 80 87 59
-0.769 -0.022 -0.150 80 86 59
-0.767 -0.020 -0.147 79 83 60
-0.766 -0.018 -0.144 78 84 59
-0.764 -0.017 -0.142 77 83 56
-0.762 -0.015 -0.139 90 88 61
-0.760 -0.013 -0.137 78 88 68
-0.759 -0.011 -0.136 112 109 77
-0.759 -0.009 -0.135 107 107 86
-0.758 -0.008 -0.133 91 113 93
-0.758 -0.006 -0.133 80 84 63
-0.758 -0.004 -0.134 109 95 84
-0.761 -0.002 -0.138 228 178 123
-0.765  0.001 -0.144 227 178 117
-0.779  0.005 -0.164 173 181 107
-0.785  0.008 -0.172 137 147 107
-0.790  0.011 -0.179 184 174 115
-0.794  0.013 -0.184 209 151 114
-0.799  0.016 -0.191 202 170 117
-0.801  0.019 -0.193 170 152 123
-0.804  0.021 -0.198 148 155 139
-0.782 -0.034 -0.170 108 85 67
-0.781 -0.032 -0.170 83 88 61
-0.780 -0.030 -0.167 84 88 62
-0.780 -0.028 -0.167 84 87 62
-0.776 -0.026 -0.163 83 88 62
-0.773 -0.024 -0.158 82 87 60
-0.770 -0.022 -0.154 80 85 60
-0.768 -0.020 -0.151 79 84 60
-0.766 -0.018 -0.148 77 83 60
-0.764 -0.016 -0.145 76 85 59
-0.762 -0.015 -0.143 77 84 59
-0.761 -0.013 -0.141 77 82 63
-0.760 -0.011 -0.140 107 102 76
-0.759 -0.009 -0.138 93 102 81
-0.758 -0.007 -0.138 77 95 84
-0.758 -0.006 -0.137 81 87 61
-0.759 -0.003 -0.139 125 107 88
-0.762 -0.001 -0.143 202 189 135
-0.767  0.001 -0.149 200 178 103
-0.781  0.005 -0.169 206 157 100
-0.786  0.008 -0.177 152 140 108
-0.790  0.011 -0.183 196 178 117
-0.795  0.014 -0.189 211 148 114
-0.799  0.017 -0.195 178 142 120
-0.800  0.019 -0.196 172 153 143
-0.803  0.022 -0.201 195 212 182
-0.806  0.025 -0.205 235 229 193
-0.782 -0.034 -0.175 110 85 69
-0.782 -0.032 -0.174 85 89 64
-0.780 -0.030 -0.172 84 89 62
-0.780 -0.028 -0.171 84 87 62
-0.777 -0.026 -0.167 83 84 60
-0.773 -0.024 -0.161 82 87 61
-0.770 -0.022 -0.157 81 86 60
-0.768 -0.020 -0.154 78 84 60
-0.766 -0.018 -0.152 77 88 61
-0.764 -0.016 -0.148 77 87 64
-0.762 -0.015 -0.146 92 100 75
-0.761 -0.013 -0.145 82 83 65
-0.760 -0.011 -0.144 85 86 67
-0.759 -0.009 -0.142 80 87 63
-0.759 -0.007 -0.142 77 86 62
-0.759 -0.005 -0.142 80 87 65
-0.761 -0.003 -0.144 164 117 90
-0.763 -0.001 -0.148 161 141 124
-0.767  0.002 -0.153 202 179 103
-0.781  0.005 -0.173 216 168 104
-0.786  0.008 -0.180 156 144 105
-0.790  0.011 -0.186 202 163 114
-0.794  0.014 -0.191 193 148 120
-0.798  0.017 -0.197 175 152 141
-0.801  0.019 -0.202 202 213 188
-0.805  0.022 -0.207 213 217 193
-0.807  0.025 -0.210 235 224 182
-0.783 -0.034 -0.179 110 88 70
-0.782 -0.032 -0.178 86 91 65
-0.780 -0.030 -0.175 84 89 61
-0.780 -0.028 -0.175 82 87 62
-0.777 -0.026 -0.171 81 86 61
-0.773 -0.024 -0.165 79 86 62
-0.770 -0.022 -0.161 80 85 61
-0.768 -0.020 -0.158 79 84 61
-0.766 -0.018 -0.155 77 85 63
-0.764 -0.016 -0.152 88 90 72
-0.763 -0.014 -0.150 122 135 105
-0.762 -0.013 -0.149 93 99 85
-0.760 -0.011 -0.147 93 111 86
-0.760 -0.009 -0.146 80 87 72
-0.760 -0.007 -0.146 76 86 64
-0.760 -0.005 -0.146 79 87 68
-0.761 -0.003 -0.149 133 115 89
-0.765 -0.001 -0.153 132 129 102
-0.768  0.002 -0.159 188 184 103
-0.781  0.006 -0.176 195 197 113
-0.786  0.008 -0.183 153 141 111
-0.789  0.011 -0.189 206 176 113
-0.793  0.014 -0.194 186 179 131
-0.797  0.017 -0.199 205 215 180
-0.802  0.020 -0.206 224 198 185
-0.782 -0.034 -0.182 107 86 68
-0.782 -0.032 -0.181 86 91 66
-0.780 -0.030 -0.179 86 90 64
-0.780 -0.027 -0.178 83 90 66
-0.777 -0.025 -0.174 83 86 61
-0.773 -0.024 -0.169 81 87 64
-0.771 -0.022 -0.165 80 86 62
-0.769 -0.020 -0.163 77 84 61
-0.766 -0.018 -0.159 78 84 60
-0.764 -0.016 -0.156 84 91 72
-0.763 -0.014 -0.154 112 126 105
-0.762 -0.012 -0.153 89 98 100
-0.761 -0.010 -0.151 119 143 112
-0.761 -0.009 -0.151 124 133 99
-0.760 -0.007 -0.150 91 85 65
-0.760 -0.005 -0.151 79 88 77
-0.762 -0.003 -0.153 108 122 102
-0.765 -0.000 -0.157 132 136 101
-0.768  0.002 -0.162 198 174 106
-0.780  0.006 -0.178 213 180 110
-0.785  0.009 -0.186 180 139 108
-0.788  0.011 -0.191 192 172 121
-0.792  0.014 -0.196 210 199 159
-0.796  0.017 -0.203 227 204 183
-0.783 -0.034 -0.187 106 86 68
-0.782 -0.032 -0.185 89 89 65
-0.781 -0.030 -0.184 90 92 70
-0.780 -0.027 -0.183 103 103 82
-0.777 -0.025 -0.178 90 92 66
-0.774 -0.024 -0.173 83 86 63
-0.771 -0.022 -0.170 80 87 59
-0.769 -0.020 -0.166 79 86 58
-0.767 -0.018 -0.163 77 83 59
-0.764 -0.016 -0.160 82 89 69
-0.763 -0.014 -0.158 96 111 96
-0.762 -0.012 -0.156 102 103 85
-0.761 -0.010 -0.155 127 134 120
-0.761 -0.008 -0.154 127 137 105
-0.760 -0.007 -0.154 93 84 65
-0.761 -0.005 -0.155 79 89 73
-0.762 -0.002 -0.157 106 123 89
-0.766 -0.000 -0.161 158 147 105
-0.768  0.002 -0.166 210 171 110
-0.778  0.006 -0.179 193 155 111
-0.782  0.008 -0.186 162 151 114
-0.786  0.011 -0.192 194 166 147
-0.791  0.014 -0.198 222 204 183
-0.783 -0.034 -0.190 106 86 67
-0.782 -0.032 -0.189 85 89 65
-0.780 -0.029 -0.187 90 92 73
-0.780 -0.027 -0.186 103 121 92
-0.777 -0.025 -0.181 99 109 81
-0.774 -0.023 -0.177 96 95 69
-0.771 -0.022 -0.173 82 87 63
-0.769 -0.020 -0.170 79 85 61
-0.767 -0.018 -0.167 79 84 61
-0.765 -0.016 -0.164 82 90 68
-0.763 -0.014 -0.162 82 101 89
-0.762 -0.012 -0.159 101 114 89
-0.761 -0.010 -0.159 132 130 113
-0.761 -0.008 -0.158 107 121 89
-0.761 -0.006 -0.158 83 87 66
-0.762 -0.004 -0.159 77 90 72
-0.763 -0.002 -0.161 110 123 90
-0.766  0.000 -0.166 193 138 98
-0.769  0.003 -0.170 223 181 111
-0.776  0.006 -0.180 170 147 117
-0.781  0.008 -0.187 156 153 134
-0.785  0.011 -0.193 207 209 179
-0.783 -0.034 -0.194 104 88 66
-0.782 -0.032 -0.193 85 89 65
-0.780 -0.029 -0.190 90 93 74
-0.779 -0.027 -0.189 99 119 96
-0.777 -0.025 -0.185 94 108 85
-0.774 -0.023 -0.181 97 106 80
-0.771 -0.021 -0.177 98 98 75
-0.769 -0.020 -0.173 89 91 65
-0.767 -0.018 -0.170 80 86 63
-0.764 -0.016 -0.167 80 85 62
-0.763 -0.014 -0.165 80 89 68
-0.762 -0.012 -0.164 93 99 81
-0.762 -0.010 -0.163 130 116 93
-0.761 -0.008 -0.162 101 109 74
-0.762 -0.006 -0.163 82 86 62
-0.763 -0.004 -0.164 82 91 73
-0.764 -0.002 -0.166 114 126 93
-0.767  0.001 -0.171 197 159 106
-0.769  0.003 -0.174 224 191 117
-0.775  0.006 -0.182 167 167 128
-0.779  0.008 -0.189 197 193 159
-0.783  0.011 -0.195 228 198 174
-0.783 -0.034 -0.198 104 87 68
-0.782 -0.032 -0.197 89 90 65
-0.781 -0.029 -0.194 89 92 74
-0.779 -0.027 -0.193 97 117 95
-0.777 -0.025 -0.188 93 108 85
-0.775 -0.023 -0.185 98 113 89
-0.771 -0.021 -0.181 101 109 80
-0.769 -0.019 -0.178 103 109 79
-0.767 -0.017 -0.174 103 92 68
-0.765 -0.016 -0.171 87 86 63
-0.764 -0.014 -0.169 81 86 62
-0.763 -0.012 -0.168 84 91 65
-0.763 -0.010 -0.168 124 104 74
-0.763 -0.008 -0.168 110 112 70
-0.763 -0.006 -0.168 86 86 62
-0.765 -0.004 -0.171 87 95 72
-0.766 -0.001 -0.172 117 131 96
-0.767  0.001 -0.175 194 151 108
-0.771  0.003 -0.180 201 152 117
-0.774  0.006 -0.185 193 165 143
-0.778  0.009 -0.191 218 207 184
-0.783 -0.034 -0.202 104 86 68
-0.782 -0.032 -0.201 89 90 64
-0.781 -0.029 -0.198 87 93 73
-0.779 -0.027 -0.196 92 111 95
-0.777 -0.025 -0.192 93 110 94
-0.775 -0.023 -0.189 100 124 100
-0.772 -0.021 -0.185 101 110 89
-0.770 -0.019 -0.182 105 112 86
-0.768 -0.017 -0.179 114 105 77
-0.766 -0.015 -0.176 111 106 74
-0.765 -0.014 -0.174 105 86 62
-0.764 -0.012 -0.173 88 88 63
-0.764 -0.010 -0.173 98 87 66
-0.764 -0.008 -0.173 94 91 65
-0.764 -0.005 -0.173 84 87 62
-0.766 -0.003 -0.176 93 99 72
-0.766 -0.001 -0.177 123 135 99
-0.768  0.001 -0.180 185 172 111
-0.771  0.004 -0.184 198 184 130
-0.775  0.006 -0.189 221 211 174
-0.783 -0.034 -0.206 103 86 68
-0.782 -0.032 -0.204 87 91 64
-0.781 -0.029 -0.202 87 93 67
-0.780 -0.027 -0.200 90 97 77
-0.777 -0.025 -0.197 96 111 94
-0.776 -0.023 -0.195 100 113 95
-0.773 -0.021 -0.190 101 105 90
-0.771 -0.019 -0.187 96 111 86
-0.769 -0.017 -0.184 104 110 79
-0.767 -0.015 -0.181 112 111 81
-0.766 -0.013 -0.179 119 102 76
-0.765 -0.011 -0.178 117 104 72
-0.765 -0.009 -0.178 103 90 67
-0.765 -0.007 -0.178 87 88 68
-0.765 -0.005 -0.179 82 89 63
-0.766 -0.003 -0.180 100 105 76
-0.767 -0.001 -0.181 126 140 102
-0.769  0.001 -0.185 174 188 115
-0.771  0.004 -0.188 212 197 144
-0.775  0.006 -0.194 231 203 183
-0.783 -0.034 -0.210 103 86 67
-0.782 -0.032 -0.208 85 90 65
-0.780 -0.029 -0.205 85 91 63
-0.779 -0.027 -0.203 91 92 69
-0.777 -0.025 -0.201 93 113 92
-0.776 -0.023 -0.198 94 105 91
-0.774 -0.021 -0.195 96 111 88
-0.771 -0.019 -0.192 96 113 88
-0.769 -0.017 -0.189 98 115 90
-0.768 -0.015 -0.186 98 111 87
-0.766 -0.013 -0.184 105 109 85
-0.766 -0.011 -0.183 120 109 79
-0.766 -0.009 -0.183 126 112 81
-0.766 -0.007 -0.183 92 101 87
-0.766 -0.005 -0.184 83 89 66
-0.766 -0.003 -0.184 109 111 81
-0.768 -0.001 -0.188 145 135 102
-0.769  0.002 -0.189 177 199 129
-0.773  0.004 -0.195 222 216 172
-0.783 -0.034 -0.214 101 85 68
-0.782 -0.031 -0.212 83 89 65
-0.780 -0.029 -0.209 83 90 65
-0.779 -0.027 -0.208 92 94 71
-0.777 -0.025 -0.205 97 124 95
-0.776 -0.023 -0.202 95 108 92
-0.774 -0.021 -0.199 90 112 91
-0.772 -0.019 -0.196 93 105 90
-0.770 -0.017 -0.193 95 114 95
-0.768 -0.015 -0.191 94 112 95
-0.767 -0.013 -0.188 103 114 89
-0.766 -0.011 -0.188 117 113 84
-0.766 -0.009 -0.188 137 116 85
-0.766 -0.007 -0.187 95 102 88
-0.766 -0.005 -0.188 86 89 70
-0.767 -0.003 -0.190 112 114 86
-0.769 -0.000 -0.192 142 135 109
-0.770  0.002 -0.194 197 182 140
-0.774  0.005 -0.199 223 191 176
-0.783 -0.034 -0.217 107 94 73
-0.781 -0.031 -0.215 85 88 63
-0.780 -0.029 -0.212 82 90 65
-0.779 -0.027 -0.211 92 93 70
-0.777 -0.025 -0.208 97 116 92
-0.776 -0.023 -0.206 94 107 92
-0.774 -0.021 -0.203 91 114 91
-0.772 -0.019 -0.200 89 103 92
-0.770 -0.017 -0.198 95 118 98
-0.769 -0.015 -0.195 96 121 101
-0.767 -0.013 -0.193 103 119 95
-0.767 -0.011 -0.192 113 112 89
-0.767 -0.009 -0.193 126 111 85
-0.767 -0.007 -0.193 92 96 77
-0.767 -0.005 -0.193 86 91 72
-0.768 -0.002 -0.194 113 120 91
-0.769 -0.000 -0.197 138 146 128
-0.771  0.002 -0.199 211 205 169
-0.781 -0.031 -0.218 102 99 74
-0.779 -0.029 -0.216 87 92 69
-0.778 -0.027 -0.214 92 96 73
-0.776 -0.025 -0.211 98 108 90
-0.775 -0.023 -0.210 98 111 89
-0.774 -0.021 -0.207 98 114 88
-0.772 -0.019 -0.204 95 108 95
-0.770 -0.017 -0.202 94 114 99
-0.769 -0.015 -0.199 96 117 100
-0.768 -0.013 -0.198 99 108 96
-0.767 -0.011 -0.197 110 112 91
-0.767 -0.009 -0.197 120 106 84
-0.767 -0.006 -0.197 93 92 68
-0.767 -0.004 -0.197 86 92 74
-0.768 -0.002 -0.199 116 128 100
-0.770  0.000 -0.201 178 163 143
-0.772  0.003 -0.205 216 192 173
-0.778 -0.029 -0.218 114 108 83
-0.777 -0.027 -0.216 97 100 79
-0.775 -0.025 -0.214 96 102 86
-0.774 -0.023 -0.212 101 109 84
-0.773 -0.021 -0.210 99 112 87
-0.771 -0.019 -0.207 101 103 90
-0.770 -0.017 -0.205 95 113 96
-0.769 -0.015 -0.203 94 112 99
-0.768 -0.013 -0.201 96 110 101
-0.767 -0.010 -0.201 107 118 92
-0.767 -0.008 -0.201 115 109 84
-0.767 -0.006 -0.201 93 90 65
-0.768 -0.004 -0.202 87 95 76
-0.768 -0.002 -0.203 122 136 116
-0.770  0.000 -0.205 205 195 164
-0.775 -0.027 -0.218 125 118 93
-0.774 -0.025 -0.216 111 107 84
-0.773 -0.023 -0.214 100 103 79
-0.772 -0.021 -0.212 99 107 85
-0.771 -0.019 -0.211 100 110 88
-0.769 -0.017 -0.208 97 107 91
-0.768 -0.015 -0.206 101 108 89
-0.767 -0.012 -0.205 96 112 96
-0.767 -0.010 -0.204 102 113 91
-0.766 -0.008 -0.204 102 112 91
-0.767 -0.006 -0.204 90 90 66
-0.767 -0.004 -0.205 92 99 81
-0.768 -0.002 -0.206 159 151 132
-0.769  0.001 -0.209 211 193 175
-0.772 -0.023 -0.217 123 113 88
-0.771 -0.021 -0.215 108 107 82
-0.770 -0.019 -0.213 97 109 84
-0.768 -0.017 -0.210 104 105 86
-0.767 -0.014 -0.209 108 108 84
-0.767 -0.012 -0.208 97 112 90
-0.766 -0.010 -0.207 94 108 92
-0.766 -0.008 -0.207 98 108 91
-0.766 -0.006 -0.207 89 90 68
-0.766 -0.004 -0.208 100 106 95
-0.767 -0.002 -0.209 200 182 153
-0.769  0.001 -0.213 221 180 153
-0.770 -0.021 -0.217 136 126 93
-0.769 -0.019 -0.215 118 110 87
-0.768 -0.016 -0.214 108 105 82
-0.767 -0.014 -0.212 109 105 81
-0.765 -0.012 -0.210 103 113 86
-0.765 -0.010 -0.209 92 111 90
-0.765 -0.008 -0.209 94 103 89
-0.765 -0.006 -0.210 89 91 70
-0.766 -0.004 -0.211 127 120 114
-0.767 -0.001 -0.213 208 201 178
-0.766 -0.016 -0.215 126 119 93
-0.765 -0.014 -0.213 119 108 82
-0.765 -0.012 -0.213 105 109 80
-0.764 -0.010 -0.211 99 108 85
-0.764 -0.008 -0.212 92 103 85
-0.764 -0.006 -0.212 87 93 73
-0.767 -0.001 -0.217 196 187 177
-0.764 -0.014 -0.216 142 128 97
-0.764 -0.012 -0.215 120 116 90
-0.763 -0.010 -0.215 115 107 83
-0.763 -0.008 -0.215 95 99 79
-0.764 -0.006 -0.215 84 94 85
-0.763 -0.008 -0.218 119 112 92
-0.764 -0.006 -0.219 103 107 102

