-0.455  0.091 -0.079 179 178 119
-0.453  0.091 -0.076 161 166 109
-0.450  0.092 -0.074 169 173 111
-0.454  0.093 -0.081 164 165 109
-0.452  0.093 -0.078 150 161 72
-0.449  0.094 -0.076 180 154 65
-0.447  0.094 -0.073 185 162 72
-0.444  0.096 -0.070 169 165 94
-0.442  0.096 -0.067 179 174 119
-0.454  0.096 -0.085 177 181 120
-0.452  0.096 -0.083 154 157 92
-0.450  0.096 -0.080 157 157 65
-0.448  0.096 -0.078 195 161 56
-0.445  0.097 -0.075 217 164 50
-0.442  0.098 -0.071 218 166 50
-0.440  0.099 -0.069 208 165 58
-0.438  0.099 -0.066 185 162 74
-0.437  0.098 -0.065 169 169 101
-0.453  0.098 -0.087 167 168 109
-0.451  0.098 -0.085 146 159 77
-0.449  0.098 -0.083 178 150 60
-0.447  0.097 -0.080 208 162 50
-0.444  0.099 -0.077 221 165 48
-0.442  0.100 -0.074 226 164 45
-0.439  0.101 -0.071 226 167 47
-0.437  0.101 -0.068 227 170 51
-0.434  0.102 -0.066 219 174 55
-0.433  0.101 -0.064 206 164 66
-0.432  0.099 -0.063 173 166 90
-0.432  0.097 -0.062 174 174 117
-0.451  0.101 -0.088 163 158 98
-0.450  0.100 -0.087 145 159 68
-0.448  0.100 -0.085 189 155 58
-0.446  0.100 -0.082 217 165 49
-0.444  0.100 -0.080 227 167 50
-0.441  0.100 -0.077 227 170 50
-0.438  0.102 -0.073 229 167 48
-0.436  0.103 -0.071 230 172 50
-0.434  0.103 -0.068 228 173 51
-0.432  0.104 -0.066 229 172 50
-0.430  0.103 -0.064 226 171 53
-0.430  0.100 -0.064 216 170 59
-0.429  0.099 -0.062 193 167 74
-0.429  0.096 -0.062 169 171 100
-0.449  0.104 -0.090 157 151 95
-0.448  0.103 -0.088 149 155 65
-0.447  0.102 -0.087 193 163 58
-0.445  0.102 -0.084 218 171 58
-0.443  0.102 -0.082 224 176 86
-0.441  0.102 -0.080 239 196 93
-0.438  0.103 -0.076 235 197 96
-0.435  0.104 -0.073 227 191 94
-0.433  0.104 -0.071 226 186 89
-0.431  0.105 -0.068 226 182 82
-0.429  0.105 -0.066 230 174 64
-0.427  0.104 -0.064 224 175 51
-0.427  0.102 -0.064 231 174 50
-0.426  0.101 -0.062 226 172 53
-0.426  0.098 -0.062 214 165 65
-0.426  0.095 -0.062 172 168 88
-0.427  0.092 -0.062 169 168 112
-0.447  0.107 -0.091 171 104 92
-0.446  0.106 -0.090 170 111 62
-0.445  0.105 -0.088 196 165 58
-0.443  0.104 -0.086 221 176 64
-0.441  0.104 -0.084 230 204 117
-0.439  0.105 -0.081 207 208 168
-0.437  0.104 -0.079 148 141 139
-0.435  0.105 -0.076 170 175 148
-0.432  0.106 -0.073 206 218 168
-0.430  0.107 -0.070 204 208 170
-0.428  0.107 -0.068 210 203 153
-0.426  0.107 -0.066 217 193 121
-0.425  0.106 -0.064 220 181 79
-0.424  0.104 -0.064 235 175 54
-0.424  0.102 -0.063 240 174 51
-0.424  0.098 -0.063 236 172 51
-0.425  0.095 -0.063 219 171 58
-0.425  0.091 -0.064 194 168 75
-0.427  0.086 -0.065 167 168 97
-0.445  0.111 -0.092 171 92 91
-0.444  0.109 -0.091 185 91 57
-0.443  0.108 -0.089 210 162 58
-0.442  0.107 -0.087 225 177 65
-0.440  0.107 -0.085 225 220 126
-0.438  0.107 -0.083 206 207 165
-0.436  0.107 -0.080 142 118 131
-0.433  0.107 -0.078 103 96 85
-0.431  0.108 -0.075 112 100 96
-0.429  0.109 -0.072 139 166 133
-0.427  0.109 -0.070 195 207 167
-0.425  0.109 -0.068 206 212 175
-0.423  0.109 -0.066 204 206 168
-0.422  0.107 -0.065 208 198 149
-0.422  0.105 -0.064 220 187 88
-0.422  0.102 -0.064 238 174 55
-0.423  0.098 -0.065 242 175 52
-0.423  0.095 -0.065 242 173 51
-0.424  0.091 -0.066 234 175 55
-0.425  0.086 -0.066 216 168 68
-0.426  0.082 -0.067 169 173 93
-0.426  0.078 -0.068 170 175 120
-0.443  0.113 -0.093 171 87 88
-0.443  0.112 -0.092 185 88 56
-0.441  0.111 -0.090 212 159 55
-0.439  0.110 -0.088 222 174 60
-0.438  0.110 -0.086 228 205 109
-0.436  0.110 -0.084 203 208 160
-0.434  0.110 -0.082 138 115 130
-0.432  0.110 -0.079 103 94 77
-0.430  0.110 -0.077 89 95 84
-0.428  0.111 -0.074 91 93 85
-0.425  0.111 -0.072 101 96 84
-0.424  0.111 -0.070 123 143 114
-0.422  0.111 -0.068 184 184 166
-0.421  0.110 -0.066 206 213 175
-0.420  0.108 -0.065 203 206 171
-0.420  0.106 -0.065 205 198 147
-0.420  0.103 -0.065 229 181 83
-0.422  0.097 -0.066 245 175 51
-0.422  0.094 -0.067 247 174 53
-0.423  0.090 -0.067 248 172 52
-0.423  0.086 -0.068 243 173 56
-0.424  0.083 -0.068 219 174 67
-0.424  0.080 -0.068 197 180 96
-0.424  0.076 -0.068 176 181 121
-0.443  0.115 -0.096 172 87 87
-0.441  0.114 -0.094 183 86 58
-0.440  0.113 -0.093 210 157 59
-0.438  0.113 -0.090 223 169 53
-0.436  0.113 -0.088 228 179 77
-0.434  0.113 -0.086 202 206 143
-0.433  0.112 -0.083 138 110 126
-0.431  0.112 -0.081 101 93 77
-0.429  0.112 -0.079 91 91 78
-0.427  0.112 -0.077 94 92 78
-0.425  0.112 -0.075 92 96 82
-0.423  0.112 -0.072 89 94 79
-0.422  0.111 -0.071 92 99 84
-0.420  0.111 -0.069 119 114 108
-0.419  0.110 -0.067 162 176 159
-0.419  0.108 -0.066 201 216 172
-0.419  0.105 -0.066 202 207 166
-0.419  0.102 -0.067 208 192 132
-0.421  0.096 -0.069 244 180 53
-0.421  0.092 -0.069 250 177 55
-0.422  0.089 -0.069 248 175 55
-0.423  0.085 -0.070 248 176 57
-0.423  0.081 -0.071 245 175 59
-0.423  0.079 -0.070 227 185 84
-0.423  0.076 -0.070 183 191 126
-0.423  0.073 -0.070 181 193 127
-0.423  0.070 -0.069 176 182 127
-0.441  0.117 -0.097 169 87 92
-0.440  0.116 -0.096 179 85 56
-0.439  0.115 -0.095 206 150 59
-0.438  0.113 -0.093 223 166 54
-0.436  0.114 -0.091 230 176 58
-0.434  0.114 -0.088 233 183 78
-0.431  0.114 -0.085 171 166 130
-0.430  0.114 -0.083 108 93 95
-0.428  0.114 -0.081 90 92 82
-0.426  0.114 -0.079 91 94 79
-0.425  0.113 -0.077 89 93 80
-0.423  0.113 -0.075 88 91 79
-0.421  0.113 -0.073 91 97 81
-0.420  0.111 -0.072 88 97 84
-0.419  0.111 -0.070 98 100 84
-0.418  0.110 -0.069 116 103 96
-0.417  0.107 -0.068 138 170 132
-0.418  0.104 -0.069 196 202 163
-0.418  0.101 -0.068 207 201 146
-0.420  0.095 -0.071 244 183 62
-0.421  0.091 -0.071 250 182 63
-0.421  0.087 -0.072 251 180 62
-0.422  0.084 -0.072 249 181 62
-0.422  0.080 -0.072 245 180 63
-0.422  0.078 -0.072 203 186 72
-0.421  0.076 -0.071 170 185 90
-0.421  0.073 -0.071 161 198 109
-0.421  0.070 -0.070 162 197 119
-0.420  0.068 -0.070 177 182 118
-0.439  0.120 -0.099 169 91 91
-0.439  0.118 -0.098 172 83 60
-0.438  0.117 -0.097 201 142 59
-0.436  0.116 -0.095 227 174 72
-0.435  0.115 -0.093 255 196 91
-0.433  0.115 -0.091 255 195 84
-0.431  0.116 -0.088 234 187 84
-0.429  0.115 -0.086 209 207 145
-0.427  0.116 -0.083 177 163 134
-0.425  0.116 -0.081 111 98 104
-0.423  0.116 -0.079 89 93 81
-0.422  0.114 -0.077 89 89 80
-0.421  0.113 -0.076 87 93 82
-0.420  0.113 -0.074 90 97 83
-0.419  0.111 -0.073 90 98 84
-0.418  0.110 -0.072 95 100 84
-0.416  0.109 -0.070 94 98 85
-0.416  0.107 -0.070 106 104 100
-0.416  0.104 -0.070 184 161 130
-0.417  0.100 -0.070 203 207 160
-0.419  0.094 -0.072 255 224 111
-0.419  0.091 -0.073 255 220 106
-0.420  0.087 -0.073 255 212 109
-0.420  0.084 -0.074 255 198 96
-0.421  0.080 -0.074 212 183 78
-0.420  0.078 -0.073 168 184 88
-0.420  0.075 -0.073 157 194 98
-0.419  0.073 -0.072 159 196 97
-0.418  0.071 -0.071 160 189 100
-0.418  0.069 -0.070 164 187 106
-0.417  0.067 -0.070 184 183 123
-0.437  0.123 -0.100 168 95 92
-0.437  0.122 -0.099 171 81 63
-0.436  0.119 -0.098 199 138 66
-0.435  0.119 -0.096 245 174 77
-0.434  0.118 -0.095 255 238 115
-0.432  0.117 -0.093 255 225 127
-0.430  0.117 -0.090 245 194 86
-0.427  0.118 -0.087 235 184 72
-0.426  0.118 -0.085 217 202 121
-0.424  0.117 -0.083 206 217 179
-0.422  0.117 -0.081 189 178 158
-0.421  0.117 -0.079 126 136 105
-0.419  0.116 -0.077 94 94 91
-0.419  0.115 -0.076 88 95 87
-0.418  0.113 -0.075 92 97 84
-0.417  0.111 -0.075 90 101 87
-0.417  0.109 -0.074 95 103 86
-0.415  0.109 -0.072 97 101 87
-0.415  0.106 -0.072 145 119 120
-0.415  0.103 -0.072 199 209 168
-0.415  0.100 -0.072 218 198 157
-0.417  0.094 -0.074 254 252 157
-0.417  0.091 -0.074 255 253 161
-0.418  0.088 -0.074 255 249 156
-0.419  0.083 -0.075 211 218 142
-0.419  0.079 -0.076 170 186 94
-0.419  0.077 -0.075 157 192 95
-0.418  0.075 -0.074 156 192 100
-0.417  0.074 -0.073 154 181 108
-0.416  0.072 -0.072 156 148 107
-0.416  0.070 -0.071 145 163 102
-0.415  0.068 -0.070 168 185 111
-0.415  0.065 -0.070 181 181 126
-0.437  0.125 -0.102 168 112 95
-0.434  0.125 -0.100 168 69 64
-0.434  0.123 -0.098 170 91 71
-0.433  0.122 -0.097 206 163 94
-0.431  0.121 -0.096 231 198 107
-0.430  0.120 -0.094 242 178 78
-0.428  0.120 -0.092 244 176 64
-0.426  0.120 -0.089 239 177 61
-0.424  0.121 -0.086 236 177 59
-0.423  0.120 -0.085 227 183 90
-0.421  0.120 -0.082 214 204 161
-0.419  0.119 -0.080 209 216 180
-0.418  0.119 -0.079 194 204 167
-0.417  0.117 -0.078 161 159 124
-0.417  0.115 -0.077 104 95 103
-0.416  0.114 -0.076 92 96 82
-0.416  0.111 -0.076 92 94 84
-0.415  0.109 -0.075 94 100 87
-0.414  0.108 -0.074 145 114 110
-0.414  0.105 -0.074 197 204 150
-0.414  0.102 -0.074 204 207 154
-0.414  0.099 -0.073 239 188 92
-0.416  0.094 -0.075 255 191 72
-0.416  0.091 -0.075 255 191 74
-0.416  0.088 -0.075 211 182 79
-0.416  0.085 -0.075 169 184 90
-0.417  0.080 -0.077 155 190 92
-0.417  0.077 -0.076 156 190 99
-0.417  0.075 -0.075 156 180 114
-0.416  0.073 -0.074 150 158 132
-0.415  0.072 -0.073 151 151 135
-0.414  0.070 -0.073 140 142 122
-0.414  0.067 -0.072 156 161 99
-0.413  0.065 -0.071 164 180 112
-0.414  0.060 -0.072 178 176 115
-0.434  0.126 -0.103 162 70 67
-0.432  0.126 -0.100 165 67 59
-0.431  0.124 -0.099 167 67 60
-0.430  0.123 -0.097 180 81 58
-0.428  0.123 -0.095 196 127 52
-0.427  0.122 -0.093 221 161 57
-0.425  0.122 -0.091 229 167 53
-0.423  0.122 -0.089 231 170 52
-0.421  0.123 -0.085 232 171 53
-0.419  0.123 -0.083 233 178 57
-0.418  0.122 -0.082 228 187 95
-0.416  0.122 -0.080 213 205 161
-0.415  0.120 -0.079 210 214 172
-0.414  0.119 -0.078 201 212 173
-0.414  0.116 -0.078 184 166 147
-0.414  0.114 -0.077 116 117 102
-0.414  0.112 -0.076 88 98 95
-0.414  0.109 -0.076 132 121 117
-0.413  0.108 -0.075 194 205 156
-0.413  0.105 -0.075 205 209 146
-0.412  0.103 -0.074 227 185 108
-0.412  0.100 -0.074 254 188 61
-0.413  0.095 -0.076 245 190 62
-0.413  0.093 -0.075 196 177 69
-0.413  0.090 -0.075 160 186 86
-0.413  0.087 -0.075 153 188 92
-0.415  0.082 -0.077 158 190 97
-0.415  0.078 -0.077 160 180 114
-0.415  0.076 -0.076 152 156 136
-0.414  0.073 -0.076 149 150 137
-0.413  0.072 -0.075 150 149 136
-0.413  0.069 -0.074 148 152 126
-0.412  0.067 -0.073 133 155 99
-0.412  0.065 -0.073 147 181 101
-0.413  0.060 -0.074 161 185 99
-0.413  0.055 -0.074 181 181 116
-0.434  0.126 -0.106 154 80 80
-0.432  0.126 -0.103 147 58 54
-0.430  0.126 -0.101 155 67 59
-0.428  0.126 -0.099 160 63 56
-0.428  0.125 -0.097 164 66 59
-0.425  0.125 -0.095 172 71 57
-0.424  0.124 -0.093 183 111 53
-0.422  0.124 -0.090 213 146 50
-0.420  0.125 -0.088 226 170 54
-0.417  0.125 -0.085 228 171 51
-0.416  0.125 -0.083 232 172 51
-0.415  0.124 -0.081 235 175 53
-0.413  0.123 -0.080 231 182 83
-0.412  0.122 -0.078 214 199 137
-0.412  0.120 -0.078 208 205 154
-0.412  0.117 -0.078 212 213 157
-0.412  0.114 -0.078 194 191 139
-0.412  0.112 -0.078 168 172 103
-0.412  0.110 -0.077 189 197 136
-0.411  0.108 -0.077 219 191 128
-0.411  0.105 -0.076 240 186 71
-0.411  0.103 -0.076 254 186 58
-0.410  0.100 -0.075 247 180 64
-0.411  0.097 -0.076 198 147 67
-0.410  0.095 -0.075 162 177 86
-0.410  0.092 -0.075 151 189 91
-0.410  0.089 -0.075 153 186 97
-0.412  0.083 -0.077 157 179 113
-0.413  0.078 -0.078 153 155 131
-0.413  0.075 -0.078 149 151 138
-0.413  0.072 -0.078 148 149 136
-0.412  0.070 -0.077 149 148 132
-0.412  0.068 -0.076 146 148 127
-0.412  0.065 -0.076 125 137 106
-0.411  0.064 -0.075 149 182 99
-0.411  0.059 -0.076 155 190 100
-0.412  0.055 -0.076 172 186 109
-0.435  0.126 -0.110 155 107 94
-0.432  0.126 -0.107 119 63 56
-0.430  0.127 -0.104 99 44 37
-0.428  0.127 -0.102 133 53 50
-0.426  0.127 -0.099 154 64 56
-0.425  0.126 -0.097 160 58 60
-0.423  0.126 -0.095 162 65 62
-0.421  0.126 -0.092 168 66 59
-0.419  0.126 -0.090 179 89 55
-0.417  0.126 -0.088 205 135 49
-0.415  0.127 -0.085 225 171 54
-0.414  0.126 -0.083 230 171 47
-0.412  0.126 -0.081 231 172 48
-0.411  0.124 -0.080 236 175 51
-0.410  0.123 -0.079 237 184 59
-0.410  0.121 -0.078 237 178 61
-0.410  0.118 -0.079 237 185 70
-0.410  0.115 -0.079 236 180 73
-0.410  0.112 -0.079 231 185 61
-0.410  0.109 -0.078 240 184 55
-0.410  0.107 -0.078 250 182 52
-0.409  0.105 -0.077 255 183 53
-0.409  0.103 -0.077 244 177 63
-0.408  0.101 -0.076 213 113 64
-0.408  0.099 -0.075 188 89 81
-0.407  0.097 -0.074 165 146 97
-0.407  0.094 -0.074 160 188 102
-0.407  0.091 -0.075 156 181 108
-0.409  0.085 -0.076 152 159 129
-0.411  0.078 -0.079 150 152 139
-0.412  0.075 -0.080 149 149 138
-0.412  0.071 -0.080 149 148 133
-0.411  0.069 -0.079 147 149 128
-0.411  0.066 -0.079 130 142 109
-0.411  0.064 -0.078 136 156 86
-0.410  0.062 -0.077 160 184 106
-0.411  0.058 -0.078 161 192 111
-0.412  0.053 -0.079 171 187 110
-0.432  0.127 -0.110 137 74 64
-0.430  0.127 -0.107 86 51 44
-0.428  0.128 -0.105 67 48 47
-0.426  0.127 -0.102 84 48 54
-0.424  0.128 -0.099 123 56 57
-0.422  0.128 -0.097 152 64 59
-0.420  0.128 -0.094 160 64 60
-0.418  0.128 -0.092 165 62 59
-0.416  0.128 -0.090 166 65 59
-0.415  0.128 -0.088 173 78 58
-0.413  0.128 -0.085 190 131 54
-0.411  0.127 -0.084 219 163 54
-0.410  0.126 -0.082 231 171 47
-0.409  0.125 -0.080 234 178 53
-0.408  0.123 -0.080 235 173 52
-0.408  0.121 -0.079 239 176 51
-0.408  0.119 -0.079 244 179 50
-0.408  0.116 -0.079 247 182 51
-0.408  0.113 -0.079 248 178 48
-0.408  0.110 -0.079 250 184 51
-0.408  0.108 -0.079 253 185 54
-0.407  0.106 -0.078 243 176 63
-0.407  0.104 -0.077 211 112 65
-0.406  0.103 -0.076 195 77 76
-0.405  0.101 -0.075 198 81 93
-0.404  0.099 -0.074 174 121 115
-0.404  0.096 -0.074 158 174 105
-0.405  0.092 -0.075 159 170 115
-0.407  0.087 -0.077 150 153 139
-0.409  0.079 -0.080 152 151 138
-0.410  0.075 -0.081 152 149 135
-0.410  0.071 -0.081 148 148 128
-0.410  0.068 -0.081 133 146 113
-0.410  0.065 -0.081 136 153 89
-0.410  0.062 -0.081 152 178 107
-0.409  0.060 -0.080 161 198 128
-0.410  0.057 -0.080 157 189 117
-0.410  0.052 -0.081 168 160 118
-0.432  0.128 -0.113 152 93 91
-0.430  0.128 -0.110 109 67 61
-0.428  0.128 -0.108 125 85 67
-0.426  0.128 -0.105 145 125 87
-0.424  0.128 -0.103 142 115 80
-0.422  0.129 -0.100 131 97 75
-0.420  0.129 -0.097 116 62 65
-0.418  0.129 -0.095 147 59 55
-0.415  0.129 -0.092 160 65 61
-0.414  0.129 -0.090 162 63 59
-0.412  0.129 -0.088 163 64 61
-0.411  0.128 -0.086 169 71 60
-0.409  0.128 -0.084 182 114 56
-0.408  0.127 -0.082 216 148 51
-0.407  0.126 -0.081 230 170 53
-0.407  0.124 -0.081 234 174 49
-0.406  0.122 -0.080 237 172 47
-0.406  0.119 -0.080 242 177 48
-0.406  0.116 -0.080 247 174 46
-0.406  0.113 -0.080 250 179 48
-0.406  0.110 -0.080 253 178 51
-0.406  0.108 -0.080 240 173 62
-0.405  0.107 -0.079 210 113 65
-0.404  0.105 -0.077 192 78 75
-0.403  0.104 -0.076 192 78 83
-0.403  0.102 -0.075 199 98 96
-0.402  0.100 -0.075 186 93 94
-0.402  0.097 -0.075 157 157 95
-0.403  0.093 -0.075 157 168 122
-0.404  0.088 -0.077 150 153 137
-0.408  0.079 -0.082 150 151 137
-0.409  0.074 -0.083 150 149 134
-0.409  0.070 -0.084 140 148 120
-0.409  0.067 -0.083 139 144 99
-0.409  0.064 -0.083 156 176 105
-0.409  0.060 -0.083 161 197 125
-0.409  0.058 -0.083 161 199 117
-0.409  0.054 -0.083 167 189 121
-0.410  0.050 -0.083 179 185 134
-0.435  0.132 -0.121 163 75 72
-0.434  0.131 -0.119 172 100 86
-0.429  0.129 -0.113 129 81 70
-0.428  0.129 -0.111 132 110 80
-0.426  0.129 -0.108 146 146 117
-0.424  0.128 -0.106 114 119 105
-0.422  0.128 -0.104 96 106 87
-0.420  0.129 -0.101 108 123 103
-0.418  0.129 -0.098 128 110 92
-0.415  0.130 -0.095 112 63 60
-0.414  0.130 -0.093 143 58 57
-0.412  0.130 -0.090 157 63 60
-0.410  0.130 -0.088 159 68 61
-0.408  0.129 -0.086 164 63 61
-0.407  0.129 -0.085 170 68 60
-0.406  0.127 -0.084 182 92 57
-0.406  0.126 -0.083 210 140 50
-0.405  0.124 -0.082 227 169 51
-0.405  0.122 -0.081 236 176 52
-0.405  0.119 -0.081 240 172 45
-0.405  0.116 -0.081 246 176 46
-0.405  0.114 -0.081 248 176 51
-0.405  0.111 -0.081 242 172 60
-0.404  0.109 -0.080 210 116 65
-0.403  0.107 -0.079 188 80 77
-0.402  0.106 -0.078 190 76 81
-0.402  0.104 -0.078 192 91 94
-0.401  0.102 -0.077 175 90 98
-0.401  0.100 -0.076 183 85 85
-0.401  0.097 -0.076 161 144 92
-0.401  0.093 -0.077 157 170 118
-0.403  0.087 -0.079 152 151 138
-0.407  0.078 -0.084 152 152 137
-0.407  0.073 -0.085 145 148 128
-0.408  0.069 -0.085 139 137 107
-0.409  0.065 -0.086 155 174 107
-0.409  0.062 -0.086 160 199 127
-0.409  0.059 -0.086 161 197 120
-0.408  0.056 -0.085 136 157 115
-0.408  0.052 -0.086 147 147 121
-0.409  0.048 -0.086 178 177 120
-0.434  0.131 -0.123 155 62 67
-0.432  0.131 -0.120 161 68 63
-0.431  0.131 -0.118 163 83 72
-0.429  0.130 -0.117 151 78 67
-0.428  0.129 -0.114 131 86 73
-0.426  0.128 -0.113 152 144 105
-0.424  0.129 -0.110 144 125 107
-0.422  0.128 -0.108 95 129 100
-0.420  0.129 -0.105 68 98 87
-0.418  0.129 -0.102 90 70 75
-0.416  0.130 -0.099 131 122 86
-0.414  0.130 -0.096 105 116 97
-0.412  0.130 -0.094 104 52 35
-0.410  0.130 -0.091 134 54 55
-0.408  0.130 -0.089 155 64 60
-0.407  0.129 -0.088 161 67 64
-0.406  0.128 -0.086 164 63 60
-0.405  0.128 -0.085 168 71 63
-0.404  0.126 -0.084 178 82 57
-0.403  0.124 -0.083 198 132 51
-0.403  0.121 -0.083 226 165 53
-0.403  0.119 -0.082 238 168 45
-0.403  0.117 -0.082 246 172 48
-0.403  0.113 -0.083 240 167 59
-0.403  0.111 -0.082 209 117 61
-0.402  0.109 -0.081 192 78 75
-0.402  0.107 -0.081 189 78 81
-0.401  0.105 -0.080 190 94 93
-0.400  0.104 -0.079 179 99 109
-0.400  0.101 -0.078 144 110 123
-0.400  0.099 -0.078 177 78 79
-0.399  0.096 -0.078 163 132 90
-0.400  0.092 -0.079 161 174 114
-0.402  0.087 -0.081 154 150 137
-0.405  0.078 -0.085 148 148 132
-0.406  0.072 -0.086 137 134 112
-0.407  0.068 -0.087 145 170 100
-0.407  0.064 -0.088 159 196 119
-0.408  0.060 -0.088 158 198 122
-0.407  0.058 -0.088 171 185 119
-0.407  0.055 -0.087 162 184 115
-0.407  0.051 -0.088 157 178 110
-0.408  0.047 -0.088 174 179 114
-0.433  0.131 -0.124 153 96 80
-0.431  0.131 -0.122 156 62 61
-0.430  0.130 -0.120 160 64 63
-0.428  0.129 -0.118 144 70 66
-0.426  0.129 -0.116 144 111 82
-0.425  0.128 -0.114 155 150 109
-0.422  0.129 -0.111 132 142 108
-0.420  0.129 -0.108 91 122 105
-0.419  0.128 -0.106 77 124 114
-0.416  0.129 -0.103 84 97 93
-0.414  0.130 -0.100 148 137 98
-0.412  0.130 -0.098 147 145 112
-0.410  0.130 -0.095 91 54 53
-0.409  0.130 -0.093 86 44 39
-0.407  0.129 -0.091 110 59 54
-0.406  0.129 -0.089 145 60 57
-0.404  0.128 -0.087 158 64 61
-0.403  0.127 -0.086 163 67 64
-0.403  0.125 -0.085 165 71 65
-0.402  0.124 -0.084 173 76 62
-0.401  0.122 -0.084 190 122 58
-0.401  0.120 -0.083 225 156 53
-0.401  0.117 -0.083 235 164 58
-0.401  0.114 -0.083 209 115 61
-0.401  0.111 -0.083 192 78 72
-0.401  0.109 -0.083 189 78 80
-0.400  0.107 -0.082 194 93 93
-0.400  0.105 -0.082 180 100 114
-0.399  0.103 -0.081 167 147 138
-0.399  0.101 -0.080 143 136 129
-0.399  0.098 -0.080 179 74 73
-0.399  0.095 -0.080 165 115 85
-0.399  0.092 -0.081 163 178 112
-0.400  0.087 -0.082 149 151 134
-0.404  0.077 -0.087 134 140 115
-0.405  0.071 -0.088 145 167 94
-0.406  0.067 -0.089 153 190 106
-0.406  0.064 -0.089 157 189 110
-0.406  0.060 -0.090 133 174 114
-0.406  0.058 -0.089 143 141 134
-0.406  0.054 -0.089 159 177 113
-0.406  0.050 -0.090 158 176 107
-0.406  0.046 -0.090 176 176 112
-0.431  0.131 -0.126 158 117 95
-0.429  0.131 -0.123 160 65 68
-0.428  0.130 -0.122 162 99 76
-0.426  0.129 -0.119 141 67 72
-0.424  0.129 -0.117 145 117 87
-0.423  0.129 -0.115 149 142 109
-0.420  0.130 -0.111 108 133 117
-0.419  0.129 -0.109 77 119 110
-0.417  0.129 -0.107 97 123 109
-0.414  0.130 -0.104 87 122 103
-0.413  0.129 -0.102 152 151 110
-0.411  0.130 -0.099 167 159 115
-0.409  0.129 -0.097 92 85 77
-0.408  0.129 -0.095 61 49 30
-0.406  0.129 -0.093 71 53 36
-0.404  0.128 -0.091 93 57 42
-0.403  0.128 -0.089 131 57 58
-0.402  0.127 -0.088 153 67 63
-0.401  0.125 -0.087 161 75 69
-0.400  0.124 -0.086 169 80 77
-0.400  0.122 -0.085 169 79 89
-0.400  0.120 -0.084 186 102 69
-0.399  0.117 -0.084 196 99 56
-0.400  0.114 -0.085 189 77 72
-0.400  0.111 -0.085 190 77 81
-0.400  0.108 -0.085 194 86 92
-0.399  0.106 -0.084 183 99 114
-0.399  0.104 -0.083 165 147 143
-0.398  0.102 -0.083 155 151 140
-0.398  0.099 -0.083 150 145 128
-0.398  0.096 -0.083 168 72 75
-0.398  0.094 -0.082 165 102 86
-0.399  0.089 -0.083 164 178 110
-0.400  0.084 -0.085 131 152 118
-0.403  0.076 -0.089 142 164 90
-0.404  0.071 -0.090 153 187 102
-0.404  0.067 -0.091 154 189 112
-0.405  0.063 -0.091 170 176 113
-0.405  0.059 -0.092 159 173 100
-0.404  0.057 -0.091 144 167 108
-0.405  0.053 -0.092 143 165 103
-0.405  0.049 -0.092 153 173 105
-0.406  0.045 -0.093 179 176 115
-0.429  0.131 -0.127 163 82 82
-0.428  0.130 -0.125 162 66 70
-0.426  0.130 -0.122 157 62 66
-0.424  0.130 -0.120 150 64 66
-0.423  0.129 -0.118 143 105 81
-0.420  0.130 -0.115 135 123 102
-0.418  0.131 -0.112 84 91 94
-0.416  0.130 -0.110 80 71 54
-0.415  0.130 -0.107 91 98 76
-0.413  0.130 -0.105 89 126 104
-0.411  0.130 -0.103 153 149 109
-0.409  0.130 -0.100 166 160 116
-0.408  0.129 -0.098 95 107 99
-0.406  0.129 -0.096 60 45 25
-0.405  0.129 -0.094 61 53 30
-0.403  0.128 -0.092 63 49 36
-0.402  0.127 -0.091 83 52 45
-0.401  0.127 -0.089 109 61 56
-0.400  0.125 -0.088 145 62 64
-0.399  0.124 -0.087 161 115 98
-0.399  0.122 -0.086 193 145 132
-0.398  0.119 -0.086 195 116 96
-0.398  0.117 -0.086 184 68 68
-0.398  0.114 -0.086 205 100 85
-0.398  0.111 -0.086 198 89 102
-0.398  0.108 -0.086 185 97 112
-0.398  0.106 -0.085 168 145 136
-0.398  0.103 -0.085 154 151 145
-0.397  0.101 -0.085 150 149 140
-0.397  0.098 -0.085 153 146 126
-0.397  0.095 -0.085 152 77 82
-0.397  0.092 -0.085 168 95 88
-0.398  0.088 -0.086 164 170 99
-0.399  0.083 -0.087 150 175 100
-0.402  0.075 -0.091 153 185 102
-0.402  0.070 -0.092 156 185 103
-0.403  0.066 -0.093 132 175 111
-0.403  0.062 -0.093 120 133 131
-0.404  0.058 -0.094 115 127 95
-0.403  0.056 -0.093 102 104 74
-0.404  0.051 -0.094 108 106 76
-0.404  0.048 -0.094 140 147 92
-0.404  0.044 -0.095 147 159 111
-0.429  0.132 -0.130 164 91 82
-0.427  0.131 -0.128 155 75 71
-0.426  0.131 -0.126 148 61 69
-0.424  0.131 -0.123 141 58 68
-0.422  0.131 -0.120 137 61 65
-0.420  0.131 -0.118 135 80 71
-0.418  0.131 -0.115 135 117 92
-0.416  0.132 -0.112 110 102 92
-0.414  0.131 -0.110 75 65 61
-0.412  0.132 -0.107 64 67 67
-0.411  0.131 -0.105 83 108 91
-0.409  0.130 -0.103 153 152 108
-0.408  0.129 -0.102 166 156 116
-0.406  0.129 -0.100 97 115 106
-0.405  0.129 -0.098 53 38 44
-0.403  0.128 -0.095 48 44 58
-0.402  0.128 -0.094 48 49 59
-0.401  0.127 -0.092 53 48 45
-0.399  0.126 -0.091 73 54 36
-0.399  0.124 -0.090 91 57 50
-0.398  0.123 -0.089 127 65 62
-0.397  0.121 -0.088 170 75 73
-0.397  0.119 -0.087 174 84 81
-0.397  0.117 -0.087 178 67 74
-0.397  0.113 -0.087 202 76 89
-0.397  0.110 -0.088 190 96 116
-0.397  0.107 -0.088 172 147 133
-0.397  0.104 -0.088 155 153 143
-0.397  0.102 -0.088 153 150 139
-0.397  0.099 -0.088 148 146 136
-0.397  0.096 -0.087 152 145 126
-0.397  0.093 -0.088 139 90 89
-0.397  0.090 -0.088 168 89 84
-0.397  0.086 -0.088 162 158 91
-0.398  0.081 -0.090 155 183 102
-0.400  0.074 -0.093 150 181 108
-0.401  0.070 -0.094 163 168 107
-0.402  0.065 -0.095 154 147 89
-0.402  0.061 -0.095 119 106 81
-0.403  0.057 -0.096 83 78 66
-0.402  0.055 -0.095 68 74 67
-0.403  0.050 -0.096 87 79 62
-0.403  0.047 -0.096 119 111 77
-0.403  0.043 -0.097 109 111 95
-0.429  0.132 -0.134 151 94 95
-0.428  0.131 -0.132 132 85 88
-0.425  0.132 -0.129 121 96 91
-0.424  0.131 -0.126 112 104 99
-0.422  0.131 -0.124 109 101 98
-0.420  0.131 -0.121 111 86 89
-0.418  0.131 -0.118 125 67 74
-0.416  0.132 -0.116 135 89 72
-0.414  0.132 -0.113 131 117 95
-0.412  0.132 -0.111 106 100 89
-0.410  0.131 -0.108 66 61 67
-0.409  0.131 -0.106 87 100 86
-0.407  0.131 -0.104 152 160 116
-0.406  0.130 -0.103 165 155 116
-0.405  0.129 -0.101 138 134 109
-0.404  0.128 -0.099 135 114 81
-0.402  0.128 -0.097 135 128 94
-0.400  0.127 -0.095 138 125 94
-0.399  0.127 -0.094 131 106 79
-0.398  0.126 -0.092 81 77 59
-0.397  0.124 -0.091 60 42 51
-0.396  0.123 -0.090 81 46 34
-0.396  0.121 -0.089 101 53 43
-0.395  0.119 -0.088 151 60 62
-0.395  0.116 -0.089 175 66 71
-0.396  0.113 -0.089 190 83 91
-0.396  0.109 -0.090 175 139 121
-0.397  0.105 -0.091 155 153 143
-0.397  0.102 -0.091 150 151 141
-0.396  0.100 -0.090 150 146 136
-0.396  0.097 -0.090 147 143 132
-0.396  0.094 -0.090 148 137 123
-0.397  0.091 -0.091 137 82 93
-0.396  0.088 -0.091 171 83 84
-0.397  0.084 -0.091 163 141 91
-0.397  0.080 -0.092 155 181 106
-0.400  0.072 -0.095 138 175 113
-0.400  0.068 -0.096 118 147 131
-0.401  0.064 -0.097 103 112 101
-0.401  0.059 -0.098 82 79 70
-0.402  0.055 -0.098 68 65 55
-0.401  0.053 -0.098 67 73 62
-0.402  0.047 -0.100 75 76 64
-0.402  0.045 -0.099 88 87 70
-0.402  0.041 -0.099 95 94 90
-0.429  0.133 -0.137 119 128 115
-0.427  0.132 -0.135 102 123 128
-0.426  0.132 -0.132 89 131 137
-0.424  0.131 -0.130 83 138 141
-0.422  0.132 -0.127 77 145 148
-0.420  0.132 -0.124 80 148 152
-0.418  0.132 -0.122 87 142 150
-0.416  0.132 -0.119 100 98 115
-0.414  0.132 -0.116 127 66 71
-0.411  0.133 -0.113 138 88 75
-0.410  0.133 -0.111 129 114 93
-0.408  0.132 -0.109 91 96 91
-0.407  0.131 -0.107 113 102 90
-0.406  0.131 -0.106 152 158 119
-0.404  0.130 -0.104 155 154 118
-0.403  0.129 -0.102 138 148 116
-0.402  0.128 -0.101 129 143 115
-0.400  0.128 -0.099 131 143 116
-0.399  0.127 -0.097 151 152 115
-0.398  0.126 -0.095 162 164 119
-0.397  0.125 -0.094 149 148 112
-0.396  0.123 -0.093 112 104 82
-0.395  0.122 -0.092 69 37 53
-0.394  0.121 -0.091 70 36 33
-0.394  0.118 -0.090 143 56 57
-0.394  0.116 -0.090 172 70 75
-0.394  0.112 -0.091 178 100 103
-0.395  0.109 -0.092 162 153 142
-0.396  0.104 -0.093 151 151 142
-0.396  0.100 -0.093 151 145 136
-0.396  0.098 -0.093 147 142 132
-0.396  0.095 -0.093 147 139 129
-0.396  0.092 -0.093 135 112 109
-0.396  0.088 -0.094 163 76 81
-0.396  0.085 -0.094 188 93 98
-0.396  0.083 -0.094 169 118 96
-0.397  0.077 -0.095 161 169 108
-0.398  0.072 -0.097 156 136 98
-0.399  0.067 -0.098 108 122 82
-0.399  0.063 -0.099 73 76 66
-0.400  0.059 -0.099 66 57 54
-0.401  0.054 -0.101 62 63 55
-0.400  0.052 -0.100 60 50 41
-0.401  0.047 -0.101 65 51 39
-0.401  0.044 -0.101 74 66 56
-0.401  0.040 -0.102 102 98 84
-0.430  0.135 -0.141 119 141 130
-0.428  0.134 -0.140 95 141 138
-0.427  0.134 -0.137 79 140 141
-0.426  0.132 -0.136 74 145 149
-0.424  0.132 -0.134 71 151 156
-0.422  0.131 -0.131 69 154 159
-0.420  0.132 -0.129 66 159 165
-0.418  0.131 -0.126 68 158 168
-0.416  0.132 -0.123 70 153 163
-0.414  0.132 -0.121 76 134 144
-0.412  0.133 -0.117 95 104 110
-0.410  0.133 -0.114 116 88 82
-0.408  0.133 -0.112 137 82 81
-0.407  0.132 -0.110 121 108 87
-0.405  0.131 -0.108 114 126 87
-0.404  0.131 -0.106 144 150 113
-0.403  0.130 -0.105 155 148 112
-0.402  0.129 -0.104 130 132 106
-0.400  0.128 -0.102 102 108 93
-0.399  0.127 -0.100 104 100 83
-0.398  0.127 -0.098 115 101 83
-0.397  0.126 -0.097 104 110 92
-0.395  0.125 -0.095 129 134 116
-0.395  0.123 -0.094 151 154 113
-0.394  0.122 -0.093 110 106 93
-0.393  0.120 -0.092 90 38 46
-0.393  0.118 -0.092 146 60 65
-0.393  0.115 -0.092 172 68 84
-0.393  0.112 -0.092 171 130 118
-0.393  0.108 -0.093 155 149 141
-0.395  0.103 -0.095 151 149 137
-0.395  0.099 -0.096 149 147 133
-0.395  0.096 -0.096 146 137 129
-0.396  0.093 -0.096 136 120 112
-0.395  0.090 -0.096 158 80 86
-0.396  0.086 -0.097 188 87 85
-0.396  0.083 -0.097 197 86 91
-0.396  0.080 -0.097 180 97 100
-0.397  0.075 -0.098 145 169 124
-0.398  0.069 -0.100 118 139 115
-0.398  0.065 -0.101 104 87 64
-0.398  0.062 -0.101 89 86 64
-0.399  0.058 -0.101 66 63 57
-0.399  0.054 -0.102 51 46 42
-0.399  0.051 -0.102 52 44 39
-0.400  0.046 -0.103 64 59 49
-0.399  0.043 -0.103 77 72 60
-0.400  0.039 -0.104 108 100 82
-0.431  0.137 -0.146 124 143 125
-0.429  0.136 -0.144 96 141 134
-0.427  0.136 -0.142 82 143 143
-0.426  0.135 -0.140 83 152 153
-0.425  0.134 -0.138 83 159 157
-0.423  0.133 -0.136 69 151 160
-0.422  0.132 -0.135 67 156 163
-0.421  0.131 -0.133 67 157 166
-0.419  0.131 -0.131 64 155 165
-0.417  0.130 -0.128 65 152 160
-0.415  0.131 -0.125 66 151 157
-0.413  0.131 -0.123 67 147 153
-0.411  0.131 -0.120 72 142 143
-0.409  0.132 -0.116 84 128 126
-0.407  0.132 -0.114 108 97 100
-0.405  0.132 -0.111 131 80 85
-0.403  0.132 -0.109 123 103 84
-0.402  0.131 -0.107 135 133 104
-0.401  0.130 -0.106 130 138 113
-0.400  0.129 -0.104 96 119 109
-0.399  0.128 -0.103 65 77 87
-0.398  0.127 -0.101 99 58 48
-0.396  0.126 -0.100 84 82 70
-0.395  0.125 -0.098 80 118 97
-0.394  0.125 -0.097 128 92 82
-0.393  0.123 -0.096 156 146 98
-0.392  0.122 -0.094 147 150 117
-0.392  0.120 -0.093 123 68 65
-0.391  0.118 -0.093 156 61 68
-0.391  0.115 -0.093 167 76 91
-0.392  0.111 -0.094 160 144 132
-0.392  0.108 -0.095 151 146 136
-0.394  0.102 -0.097 149 142 132
-0.394  0.098 -0.098 147 139 130
-0.394  0.095 -0.098 136 122 112
-0.395  0.090 -0.099 158 84 85
-0.395  0.088 -0.099 187 86 86
-0.396  0.083 -0.100 194 85 90
-0.395  0.081 -0.100 198 85 88
-0.395  0.077 -0.100 179 87 84
-0.396  0.073 -0.101 140 141 88
-0.397  0.068 -0.102 84 89 76
-0.397  0.064 -0.103 77 80 62
-0.397  0.061 -0.103 71 84 59
-0.397  0.058 -0.103 56 51 38
-0.398  0.053 -0.104 50 46 34
-0.398  0.050 -0.104 63 62 52
-0.398  0.045 -0.105 74 71 64
-0.398  0.042 -0.105 83 78 69
-0.399  0.038 -0.106 103 93 80
-0.432  0.138 -0.152 140 149 122
-0.430  0.138 -0.149 108 140 130
-0.428  0.138 -0.147 85 140 138
-0.427  0.137 -0.144 84 147 146
-0.425  0.137 -0.142 103 156 159
-0.423  0.137 -0.139 90 173 170
-0.422  0.135 -0.138 75 159 166
-0.421  0.134 -0.137 67 155 168
-0.421  0.132 -0.136 67 158 168
-0.419  0.131 -0.134 72 158 166
-0.418  0.130 -0.133 68 152 157
-0.416  0.130 -0.130 68 149 154
-0.415  0.129 -0.128 68 151 155
-0.412  0.130 -0.125 70 149 151
-0.410  0.130 -0.122 82 151 149
-0.407  0.132 -0.118 84 149 136
-0.405  0.132 -0.115 80 134 136
-0.403  0.132 -0.112 96 110 119
-0.402  0.132 -0.111 121 90 87
-0.400  0.131 -0.108 132 103 90
-0.399  0.131 -0.106 129 119 96
-0.398  0.129 -0.105 112 116 92
-0.397  0.129 -0.104 64 68 70
-0.396  0.128 -0.102 84 63 57
-0.395  0.127 -0.101 65 67 64
-0.394  0.125 -0.099 76 110 89
-0.393  0.124 -0.098 144 122 100
-0.392  0.122 -0.097 161 160 124
-0.391  0.121 -0.096 157 154 118
-0.391  0.119 -0.096 145 76 80
-0.390  0.117 -0.095 166 61 69
-0.390  0.114 -0.095 170 85 97
-0.391  0.110 -0.096 157 151 140
-0.391  0.107 -0.097 146 141 130
-0.392  0.101 -0.099 150 136 126
-0.394  0.096 -0.101 140 117 114
-0.394  0.093 -0.101 157 85 89
-0.395  0.088 -0.102 188 86 85
-0.395  0.085 -0.103 198 83 89
-0.395  0.081 -0.103 194 79 86
-0.395  0.078 -0.103 186 84 85
-0.395  0.075 -0.103 163 81 75
-0.395  0.071 -0.104 109 97 74
-0.396  0.067 -0.104 65 57 49
-0.396  0.063 -0.105 64 63 45
-0.395  0.061 -0.104 52 52 40
-0.396  0.057 -0.105 46 47 35
-0.396  0.053 -0.106 62 63 49
-0.396  0.049 -0.106 84 73 68
-0.397  0.044 -0.107 92 104 85
-0.397  0.041 -0.107 100 101 88
-0.397  0.037 -0.107 111 96 85
-0.431  0.140 -0.154 131 147 124
-0.429  0.139 -0.152 101 146 133
-0.428  0.139 -0.149 87 144 142
-0.426  0.139 -0.147 83 153 151
-0.424  0.138 -0.144 90 171 161
-0.422  0.139 -0.141 92 156 168
-0.420  0.138 -0.139 76 163 170
-0.419  0.137 -0.138 68 159 171
-0.418  0.136 -0.136 85 170 174
-0.419  0.132 -0.137 135 193 179
-0.418  0.130 -0.136 144 193 180
-0.417  0.129 -0.135 117 178 168
-0.416  0.128 -0.133 81 152 157
-0.414  0.128 -0.131 71 148 152
-0.412  0.128 -0.128 85 152 144
-0.410  0.129 -0.125 135 167 132
-0.406  0.131 -0.120 113 161 110
-0.404  0.132 -0.116 88 150 139
-0.402  0.132 -0.114 81 140 138
-0.400  0.132 -0.111 91 125 127
-0.399  0.132 -0.109 113 98 97
-0.397  0.131 -0.108 135 89 87
-0.396  0.130 -0.106 130 115 93
-0.395  0.129 -0.105 115 114 92
-0.394  0.128 -0.103 95 91 74
-0.393  0.127 -0.102 59 48 66
-0.392  0.125 -0.101 69 95 79
-0.391  0.124 -0.099 148 140 107
-0.391  0.122 -0.099 164 159 124
-0.390  0.120 -0.098 153 142 110
-0.390  0.118 -0.098 154 71 75
-0.390  0.115 -0.098 173 63 71
-0.389  0.113 -0.098 169 105 99
-0.390  0.109 -0.098 152 143 135
-0.390  0.105 -0.099 148 136 125
-0.392  0.100 -0.101 143 117 111
-0.393  0.095 -0.103 161 81 88
-0.393  0.091 -0.104 189 84 87
-0.394  0.086 -0.105 200 86 93
-0.395  0.082 -0.106 198 84 86
-0.395  0.079 -0.107 186 80 83
-0.395  0.076 -0.107 172 69 75
-0.395  0.073 -0.107 123 70 62
-0.395  0.069 -0.107 75 55 41
-0.394  0.066 -0.107 58 44 38
-0.394  0.063 -0.107 48 50 54
-0.394  0.060 -0.106 44 43 41
-0.394  0.057 -0.106 67 74 56
-0.394  0.053 -0.107 86 80 73
-0.394  0.050 -0.107 90 93 92
-0.395  0.045 -0.108 99 107 100
-0.395  0.041 -0.108 112 107 97
-0.395  0.037 -0.109 133 109 91
-0.431  0.141 -0.157 126 145 126
-0.428  0.141 -0.154 92 141 135
-0.427  0.141 -0.151 76 142 142
-0.425  0.140 -0.149 78 146 144
-0.423  0.140 -0.146 88 154 145
-0.422  0.139 -0.144 87 160 152
-0.419  0.140 -0.141 74 152 164
-0.417  0.140 -0.139 69 158 171
-0.417  0.138 -0.137 72 162 171
-0.416  0.137 -0.136 98 179 179
-0.416  0.133 -0.137 137 206 199
-0.417  0.129 -0.138 140 209 202
-0.416  0.128 -0.137 115 187 187
-0.415  0.126 -0.136 82 154 160
-0.414  0.125 -0.134 73 153 152
-0.412  0.126 -0.131 87 156 140
-0.409  0.127 -0.128 124 162 122
-0.405  0.130 -0.122 126 160 121
-0.403  0.131 -0.119 142 167 125
-0.400  0.132 -0.115 101 154 125
-0.398  0.132 -0.112 76 152 149
-0.397  0.132 -0.110 85 134 131
-0.395  0.132 -0.108 104 100 109
-0.394  0.130 -0.107 132 78 87
-0.393  0.129 -0.105 133 108 86
-0.392  0.128 -0.104 125 123 96
-0.391  0.127 -0.103 98 89 89
-0.391  0.125 -0.102 88 78 92
-0.390  0.124 -0.101 151 151 117
-0.389  0.121 -0.101 159 153 118
-0.389  0.119 -0.100 146 131 103
-0.389  0.117 -0.100 158 63 69
-0.388  0.115 -0.099 176 66 76
-0.389  0.111 -0.100 165 120 106
-0.389  0.108 -0.100 149 134 124
-0.389  0.105 -0.101 144 112 109
-0.390  0.099 -0.103 162 80 88
-0.392  0.094 -0.105 189 78 88
-0.393  0.089 -0.107 201 83 95
-0.394  0.084 -0.109 200 82 88
-0.394  0.080 -0.109 188 82 83
-0.394  0.076 -0.110 177 69 73
-0.394  0.073 -0.110 155 61 65
-0.394  0.070 -0.110 97 46 38
-0.394  0.067 -0.110 52 37 30
-0.394  0.065 -0.109 50 49 36
-0.393  0.062 -0.109 45 45 41
-0.393  0.060 -0.108 53 53 51
-0.393  0.056 -0.109 73 81 76
-0.393  0.053 -0.109 86 99 91
-0.393  0.049 -0.109 98 113 106
-0.393  0.045 -0.109 109 116 109
-0.393  0.041 -0.110 112 110 106
-0.428  0.145 -0.157 126 146 124
-0.427  0.144 -0.155 89 138 134
-0.425  0.144 -0.152 72 137 137
-0.424  0.142 -0.151 82 140 132
-0.422  0.142 -0.149 112 147 118
-0.421  0.141 -0.146 135 153 106
-0.419  0.140 -0.145 121 148 115
-0.417  0.141 -0.141 85 151 145
-0.415  0.141 -0.139 71 157 166
-0.414  0.139 -0.138 73 155 160
-0.413  0.138 -0.136 86 161 165
-0.414  0.134 -0.138 96 170 171
-0.415  0.130 -0.139 96 171 171
-0.415  0.128 -0.139 90 163 167
-0.414  0.126 -0.138 79 154 157
-0.413  0.125 -0.136 75 153 152
-0.411  0.125 -0.133 83 148 144
-0.408  0.126 -0.130 118 155 132
-0.405  0.129 -0.125 154 167 117
-0.402  0.130 -0.121 140 163 108
-0.399  0.132 -0.116 124 161 132
-0.397  0.132 -0.114 131 162 136
-0.395  0.133 -0.111 91 152 143
-0.393  0.132 -0.109 78 137 146
-0.392  0.131 -0.107 99 99 117
-0.391  0.130 -0.106 123 75 83
-0.391  0.128 -0.105 140 87 77
-0.390  0.127 -0.104 125 106 93
-0.389  0.125 -0.103 112 92 96
-0.389  0.123 -0.103 142 128 105
-0.388  0.121 -0.102 149 141 110
-0.388  0.118 -0.102 140 109 92
-0.388  0.116 -0.102 164 61 68
-0.388  0.113 -0.102 178 71 86
-0.388  0.111 -0.102 160 126 114
-0.388  0.107 -0.102 141 109 107
-0.388  0.103 -0.103 161 80 86
-0.390  0.098 -0.106 187 74 86
-0.391  0.093 -0.107 199 81 97
-0.392  0.088 -0.109 198 80 88
-0.393  0.083 -0.111 194 84 84
-0.393  0.079 -0.111 180 73 83
-0.393  0.075 -0.112 168 62 70
-0.393  0.072 -0.112 119 52 59
-0.393  0.069 -0.112 67 35 30
-0.393  0.066 -0.112 45 35 29
-0.392  0.064 -0.111 42 39 32
-0.391  0.062 -0.110 45 40 36
-0.391  0.059 -0.110 67 67 58
-0.391  0.056 -0.110 96 86 75
-0.391  0.053 -0.109 108 108 94
-0.392  0.048 -0.111 117 121 107
-0.391  0.045 -0.111 121 115 104
-0.392  0.040 -0.112 122 109 106
-0.426  0.148 -0.157 130 147 122
-0.424  0.148 -0.155 91 139 132
-0.423  0.146 -0.154 74 136 136
-0.422  0.146 -0.151 77 136 131
-0.421  0.144 -0.150 112 141 109
-0.420  0.143 -0.149 163 152 79
-0.418  0.142 -0.147 184 156 67
-0.417  0.141 -0.145 165 153 84
-0.414  0.143 -0.141 113 152 126
-0.413  0.142 -0.139 74 155 165
-0.411  0.141 -0.137 68 152 160
-0.411  0.138 -0.137 71 149 155
-0.412  0.135 -0.138 73 151 154
-0.413  0.130 -0.140 73 151 155
-0.413  0.128 -0.139 76 150 155
-0.412  0.126 -0.139 74 151 153
-0.411  0.124 -0.138 75 151 148
-0.410  0.124 -0.136 79 147 143
-0.407  0.125 -0.132 97 152 142
-0.403  0.128 -0.127 121 158 129
-0.401  0.129 -0.123 113 159 132
-0.398  0.131 -0.118 125 167 121
-0.395  0.132 -0.115 123 157 127
-0.393  0.132 -0.112 83 155 159
-0.392  0.133 -0.110 75 158 165
-0.390  0.132 -0.108 139 152 155
-0.390  0.130 -0.107 122 123 123
-0.389  0.128 -0.106 122 74 77
-0.388  0.127 -0.105 131 70 78
-0.388  0.125 -0.105 135 82 76
-0.387  0.123 -0.104 136 102 93
-0.387  0.120 -0.104 135 109 92
-0.387  0.118 -0.104 154 77 74
-0.387  0.115 -0.104 176 63 71
-0.386  0.113 -0.104 181 75 95
-0.386  0.110 -0.104 148 99 103
-0.387  0.106 -0.104 154 77 82
-0.387  0.103 -0.105 186 71 84
-0.388  0.098 -0.106 198 80 92
-0.389  0.093 -0.109 197 82 88
-0.390  0.088 -0.110 192 84 88
-0.391  0.083 -0.112 193 80 90
-0.392  0.078 -0.113 180 71 85
-0.392  0.075 -0.114 158 56 66
-0.392  0.071 -0.114 99 36 37
-0.392  0.068 -0.114 54 35 25
-0.392  0.065 -0.114 44 39 27
-0.391  0.064 -0.113 38 36 26
-0.390  0.061 -0.112 49 42 36
-0.390  0.058 -0.112 71 71 66
-0.390  0.056 -0.112 97 84 86
-0.390  0.052 -0.112 116 117 99
-0.391  0.047 -0.113 112 122 108
-0.390  0.044 -0.113 111 122 106
-0.391  0.039 -0.114 139 132 106
-0.424  0.149 -0.158 119 145 124
-0.421  0.149 -0.154 83 136 132
-0.421  0.148 -0.153 71 133 134
-0.419  0.147 -0.151 86 134 123
-0.418  0.145 -0.150 137 144 90
-0.418  0.144 -0.149 187 156 55
-0.416  0.143 -0.147 200 157 52
-0.415  0.142 -0.145 183 161 73
-0.412  0.143 -0.141 125 156 121
-0.410  0.143 -0.139 73 157 168
-0.410  0.141 -0.138 63 152 163
-0.410  0.139 -0.138 65 146 154
-0.410  0.135 -0.139 66 148 154
-0.411  0.131 -0.141 68 148 156
-0.411  0.128 -0.141 70 150 154
-0.411  0.125 -0.141 71 151 153
-0.410  0.124 -0.140 70 151 153
-0.408  0.123 -0.138 71 150 151
-0.406  0.124 -0.134 75 153 155
-0.402  0.128 -0.128 80 155 152
-0.400  0.129 -0.125 84 157 154
-0.396  0.131 -0.120 92 160 145
-0.394  0.131 -0.117 85 158 151
-0.392  0.132 -0.114 74 159 166
-0.390  0.132 -0.111 75 161 172
-0.389  0.132 -0.109 124 175 176
-0.388  0.130 -0.108 93 152 158
-0.387  0.129 -0.107 91 127 125
-0.387  0.127 -0.107 104 93 107
-0.386  0.125 -0.106 129 57 65
-0.386  0.122 -0.106 135 67 68
-0.386  0.120 -0.106 143 69 68
-0.385  0.118 -0.105 168 67 69
-0.385  0.115 -0.105 189 73 69
-0.385  0.112 -0.105 188 93 86
-0.385  0.110 -0.105 167 72 86
-0.385  0.106 -0.106 180 68 77
-0.385  0.103 -0.106 194 79 94
-0.386  0.099 -0.107 196 79 88
-0.388  0.093 -0.110 193 83 84
-0.389  0.087 -0.112 189 85 94
-0.390  0.082 -0.114 191 89 104
-0.391  0.077 -0.115 186 84 89
-0.391  0.073 -0.116 134 54 66
-0.391  0.071 -0.116 84 32 29
-0.391  0.067 -0.116 58 44 27
-0.390  0.064 -0.116 43 38 23
-0.390  0.063 -0.115 41 33 23
-0.389  0.060 -0.114 59 51 38
-0.388  0.058 -0.114 82 77 70
-0.389  0.054 -0.114 95 93 101
-0.389  0.051 -0.114 105 114 106
-0.389  0.046 -0.115 112 123 108
-0.389  0.042 -0.115 126 123 110
-0.419  0.150 -0.154 115 141 125
-0.418  0.149 -0.153 87 132 128
-0.417  0.148 -0.151 84 130 118
-0.416  0.146 -0.150 132 141 88
-0.415  0.145 -0.149 186 154 59
-0.413  0.144 -0.147 198 156 60
-0.413  0.143 -0.146 171 157 82
-0.410  0.144 -0.142 111 152 130
-0.408  0.144 -0.139 71 153 170
-0.407  0.142 -0.138 62 147 159
-0.408  0.139 -0.139 61 145 153
-0.408  0.136 -0.139 63 146 154
-0.409  0.132 -0.141 65 146 155
-0.409  0.129 -0.141 68 149 154
-0.409  0.126 -0.142 68 152 155
-0.408  0.125 -0.140 67 152 157
-0.406  0.124 -0.138 67 152 156
-0.404  0.125 -0.135 67 154 159
-0.400  0.127 -0.129 67 157 162
-0.398  0.128 -0.126 68 157 163
-0.395  0.130 -0.122 71 158 164
-0.393  0.131 -0.118 69 160 167
-0.390  0.132 -0.115 69 161 169
-0.389  0.132 -0.112 70 161 169
-0.387  0.131 -0.111 82 162 167
-0.387  0.130 -0.110 75 152 158
-0.386  0.128 -0.109 81 158 156
-0.385  0.126 -0.108 89 150 154
-0.385  0.124 -0.107 110 72 91
-0.384  0.122 -0.107 133 53 56
-0.384  0.120 -0.107 154 60 61
-0.384  0.118 -0.106 176 70 76
-0.384  0.115 -0.106 176 67 80
-0.383  0.113 -0.106 175 100 82
-0.383  0.109 -0.106 187 74 89
-0.384  0.106 -0.107 191 70 78
-0.384  0.103 -0.107 192 77 90
-0.385  0.098 -0.109 194 80 87
-0.386  0.092 -0.112 191 84 89
-0.388  0.086 -0.114 192 109 102
-0.389  0.081 -0.116 192 110 103
-0.389  0.076 -0.117 188 92 86
-0.390  0.073 -0.118 116 63 67
-0.389  0.070 -0.118 68 38 29
-0.389  0.066 -0.118 60 48 28
-0.389  0.064 -0.117 45 34 24
-0.388  0.062 -0.117 45 31 25
-0.388  0.059 -0.116 68 57 46
-0.387  0.057 -0.116 95 82 71
-0.387  0.053 -0.116 97 101 97
-0.387  0.050 -0.116 107 113 105
-0.388  0.045 -0.118 117 112 111
-0.388  0.041 -0.118 150 130 114
-0.417  0.149 -0.155 127 137 119
-0.415  0.148 -0.152 96 127 117
-0.414  0.147 -0.151 110 129 101
-0.413  0.145 -0.150 148 144 86
-0.411  0.145 -0.147 153 150 92
-0.410  0.144 -0.146 124 145 115
-0.408  0.145 -0.142 80 141 144
-0.406  0.145 -0.139 66 143 156
-0.405  0.143 -0.138 61 142 152
-0.405  0.141 -0.138 60 143 150
-0.405  0.138 -0.139 63 144 152
-0.406  0.133 -0.141 65 146 152
-0.406  0.130 -0.141 65 147 154
-0.406  0.128 -0.141 65 150 155
-0.405  0.126 -0.140 67 151 156
-0.404  0.126 -0.138 67 153 156
-0.402  0.126 -0.135 66 154 160
-0.399  0.128 -0.130 66 156 163
-0.396  0.129 -0.127 66 157 166
-0.393  0.131 -0.122 66 158 168
-0.391  0.132 -0.119 65 159 170
-0.389  0.132 -0.116 65 161 170
-0.387  0.132 -0.114 64 159 165
-0.386  0.131 -0.113 66 153 159
-0.386  0.129 -0.111 72 153 155
-0.385  0.128 -0.110 79 159 160
-0.384  0.126 -0.109 80 166 175
-0.384  0.124 -0.109 93 104 133
-0.383  0.122 -0.109 139 54 59
-0.383  0.120 -0.108 166 66 70
-0.383  0.117 -0.108 178 75 88
-0.383  0.114 -0.108 163 75 106
-0.382  0.112 -0.108 162 70 67
-0.382  0.109 -0.108 176 63 71
-0.382  0.105 -0.109 180 63 71
-0.382  0.103 -0.109 184 75 83
-0.383  0.098 -0.111 191 83 87
-0.385  0.091 -0.114 186 82 92
-0.386  0.087 -0.115 189 94 97
-0.387  0.082 -0.117 190 96 93
-0.388  0.076 -0.119 186 87 84
-0.388  0.073 -0.119 117 75 77
-0.388  0.069 -0.119 70 48 35
-0.388  0.066 -0.119 67 58 42
-0.387  0.064 -0.119 58 45 31
-0.387  0.062 -0.118 53 43 30
-0.386  0.059 -0.118 72 64 51
-0.386  0.056 -0.118 93 85 72
-0.386  0.052 -0.118 94 105 95
-0.386  0.049 -0.118 109 105 101
-0.387  0.043 -0.120 134 118 107
-0.413  0.149 -0.153 118 126 110
-0.412  0.147 -0.152 93 118 109
-0.411  0.146 -0.150 92 128 114
-0.409  0.146 -0.147 88 133 121
-0.408  0.145 -0.146 72 132 136
-0.405  0.146 -0.142 58 132 143
-0.404  0.145 -0.140 58 137 144
-0.403  0.144 -0.139 60 140 147
-0.403  0.141 -0.139 60 143 148
-0.402  0.140 -0.138 61 144 150
-0.403  0.135 -0.140 63 145 153
-0.403  0.132 -0.140 62 147 155
-0.403  0.130 -0.140 63 149 155
-0.402  0.129 -0.139 66 149 156
-0.401  0.128 -0.137 66 151 158
-0.399  0.128 -0.134 65 153 160
-0.396  0.129 -0.130 65 155 162
-0.394  0.129 -0.128 65 156 166
-0.392  0.131 -0.124 64 158 168
-0.389  0.131 -0.120 63 158 169
-0.388  0.131 -0.118 65 159 168
-0.386  0.131 -0.115 67 158 164
-0.385  0.130 -0.114 74 154 161
-0.384  0.128 -0.113 73 154 162
-0.384  0.127 -0.112 77 162 168
-0.383  0.126 -0.111 78 169 182
-0.383  0.123 -0.111 85 128 158
-0.382  0.121 -0.111 150 62 68
-0.382  0.119 -0.110 185 111 95
-0.381  0.116 -0.110 188 100 104
-0.381  0.113 -0.110 181 80 90
-0.381  0.111 -0.110 166 62 66
-0.381  0.108 -0.110 157 56 63
-0.381  0.105 -0.111 164 58 67
-0.381  0.102 -0.111 178 75 78
-0.382  0.097 -0.112 188 86 90
-0.384  0.091 -0.115 186 80 95
-0.384  0.086 -0.116 187 83 91
-0.386  0.081 -0.119 188 85 87
-0.386  0.076 -0.120 184 85 84
-0.386  0.072 -0.121 114 68 75
-0.387  0.069 -0.121 74 59 48
-0.386  0.065 -0.121 74 67 56
-0.386  0.062 -0.122 70 62 51
-0.386  0.060 -0.121 70 61 50
-0.385  0.057 -0.120 78 71 61
-0.385  0.054 -0.120 87 82 73
-0.385  0.050 -0.121 100 98 88
-0.385  0.047 -0.121 126 113 99
-0.412  0.148 -0.155 133 126 101
-0.410  0.148 -0.153 100 112 102
-0.409  0.147 -0.151 74 117 117
-0.407  0.147 -0.148 61 122 127
-0.406  0.145 -0.147 56 123 131
-0.404  0.145 -0.144 55 129 136
-0.402  0.145 -0.141 58 135 143
-0.401  0.144 -0.140 60 140 145
-0.401  0.142 -0.139 61 141 145
-0.399  0.141 -0.138 61 142 148
-0.400  0.137 -0.139 64 148 155
-0.400  0.135 -0.138 62 150 157
-0.400  0.132 -0.139 60 148 156
-0.398  0.133 -0.136 63 149 156
-0.397  0.131 -0.135 65 149 158
-0.396  0.130 -0.133 64 151 161
-0.394  0.130 -0.131 62 155 163
-0.392  0.130 -0.128 63 155 166
-0.390  0.131 -0.124 64 158 167
-0.388  0.131 -0.122 63 157 166
-0.386  0.131 -0.120 70 154 164
-0.385  0.131 -0.117 82 158 166
-0.384  0.129 -0.116 81 167 172
-0.383  0.128 -0.115 71 160 171
-0.382  0.126 -0.114 75 167 179
-0.382  0.125 -0.113 78 170 186
-0.381  0.122 -0.113 87 140 168
-0.381  0.120 -0.113 172 75 79
-0.380  0.118 -0.112 201 107 109
-0.381  0.115 -0.113 196 93 103
-0.381  0.112 -0.113 187 76 81
-0.380  0.110 -0.112 179 72 76
-0.380  0.107 -0.113 168 72 76
-0.380  0.103 -0.113 174 74 75
-0.380  0.100 -0.113 184 80 80
-0.382  0.095 -0.116 192 97 98
-0.383  0.088 -0.119 185 84 106
-0.384  0.084 -0.120 187 87 88
-0.385  0.079 -0.122 186 86 84
-0.386  0.074 -0.123 159 83 81
-0.385  0.071 -0.123 104 68 70
-0.386  0.067 -0.124 78 69 60
-0.386  0.064 -0.124 90 81 66
-0.385  0.061 -0.124 98 87 72
-0.385  0.058 -0.124 109 97 77
-0.384  0.056 -0.123 114 101 81
-0.384  0.052 -0.123 118 106 85
-0.384  0.048 -0.124 133 119 97
-0.412  0.148 -0.159 148 138 106
-0.410  0.148 -0.156 142 129 100
-0.409  0.147 -0.154 121 111 96
-0.407  0.147 -0.152 89 110 107
-0.405  0.147 -0.149 65 121 123
-0.404  0.146 -0.147 57 126 130
-0.402  0.146 -0.145 58 130 137
-0.400  0.145 -0.142 60 134 140
-0.399  0.144 -0.141 61 136 141
-0.399  0.142 -0.140 63 137 142
-0.397  0.142 -0.138 65 142 148
-0.397  0.140 -0.137 65 149 157
-0.396  0.138 -0.137 60 145 159
-0.396  0.136 -0.136 59 146 153
-0.395  0.135 -0.135 62 148 154
-0.394  0.133 -0.134 63 148 156
-0.393  0.133 -0.132 63 151 159
-0.391  0.132 -0.130 61 155 163
-0.390  0.131 -0.128 62 155 166
-0.388  0.131 -0.126 63 157 166
-0.387  0.131 -0.124 63 154 164
-0.385  0.130 -0.121 73 158 161
-0.384  0.129 -0.120 99 180 168
-0.383  0.128 -0.119 81 168 169
-0.382  0.126 -0.118 71 166 178
-0.381  0.126 -0.116 73 170 185
-0.380  0.124 -0.115 77 171 189
-0.380  0.121 -0.115 96 143 169
-0.380  0.119 -0.114 187 91 91
-0.380  0.117 -0.115 200 91 119
-0.380  0.113 -0.115 195 79 94
-0.380  0.111 -0.115 186 74 83
-0.380  0.108 -0.115 186 78 82
-0.380  0.104 -0.116 184 86 84
-0.380  0.100 -0.117 188 85 82
-0.380  0.097 -0.117 189 78 82
-0.381  0.093 -0.119 193 91 92
-0.383  0.086 -0.122 184 88 97
-0.383  0.082 -0.123 186 88 85
-0.384  0.077 -0.125 165 88 80
-0.385  0.072 -0.126 129 92 81
-0.385  0.069 -0.126 93 75 80
-0.385  0.065 -0.127 93 81 68
-0.385  0.062 -0.127 113 99 78
-0.414  0.146 -0.165 138 119 99
-0.412  0.146 -0.162 132 125 100
-0.410  0.146 -0.159 146 141 100
-0.407  0.147 -0.156 138 122 94
-0.405  0.147 -0.153 112 107 97
-0.403  0.147 -0.150 81 113 113
-0.402  0.147 -0.148 63 126 129
-0.400  0.146 -0.145 59 130 135
-0.398  0.146 -0.142 59 132 137
-0.397  0.145 -0.141 59 132 137
-0.397  0.143 -0.140 64 136 140
-0.395  0.143 -0.138 71 142 150
-0.394  0.142 -0.137 63 134 154
-0.394  0.139 -0.136 56 136 150
-0.393  0.138 -0.135 58 144 149
-0.392  0.136 -0.134 60 146 152
-0.391  0.135 -0.133 61 146 155
-0.390  0.135 -0.131 60 151 158
-0.389  0.133 -0.130 61 155 161
-0.388  0.132 -0.128 62 156 163
-0.386  0.131 -0.127 61 156 162
-0.385  0.130 -0.125 64 152 161
-0.384  0.130 -0.123 91 158 161
-0.383  0.129 -0.122 95 169 165
-0.382  0.128 -0.120 79 161 158
-0.381  0.126 -0.119 71 170 181
-0.380  0.125 -0.118 71 171 187
-0.379  0.123 -0.117 77 170 190
-0.379  0.121 -0.117 109 141 170
-0.379  0.119 -0.116 189 96 96
-0.379  0.116 -0.116 195 88 107
-0.379  0.112 -0.118 192 79 87
-0.379  0.109 -0.118 189 78 83
-0.379  0.106 -0.118 188 82 86
-0.380  0.102 -0.119 188 85 87
-0.380  0.098 -0.120 191 82 83
-0.380  0.095 -0.121 190 73 83
-0.381  0.090 -0.122 189 83 84
-0.382  0.084 -0.125 184 86 83
-0.383  0.080 -0.126 167 86 81
-0.383  0.075 -0.127 129 77 75
-0.384  0.070 -0.129 104 86 81
-0.384  0.067 -0.129 97 82 81
-0.384  0.063 -0.130 113 98 79
-0.413  0.144 -0.169 118 104 88
-0.411  0.144 -0.166 126 118 93
-0.409  0.145 -0.162 149 142 101
-0.406  0.146 -0.157 148 132 98
-0.404  0.147 -0.154 135 116 94
-0.402  0.147 -0.151 109 106 98
-0.400  0.147 -0.148 79 114 115
-0.398  0.147 -0.146 64 124 129
-0.397  0.146 -0.144 59 128 133
-0.395  0.146 -0.141 58 128 133
-0.394  0.144 -0.140 64 133 136
-0.393  0.144 -0.138 69 136 145
-0.392  0.143 -0.136 60 124 143
-0.391  0.142 -0.135 57 135 141
-0.390  0.140 -0.134 58 142 147
-0.389  0.139 -0.133 59 145 149
-0.388  0.138 -0.132 60 146 152
-0.387  0.136 -0.131 63 150 154
-0.386  0.135 -0.129 72 155 153
-0.385  0.133 -0.128 70 156 152
-0.384  0.132 -0.127 64 153 156
-0.383  0.131 -0.126 66 152 160
-0.383  0.129 -0.125 93 156 163
-0.381  0.129 -0.123 79 152 160
-0.381  0.127 -0.122 74 163 165
-0.380  0.126 -0.121 70 172 183
-0.379  0.124 -0.120 71 172 188
-0.378  0.123 -0.119 78 170 191
-0.378  0.120 -0.119 128 135 170
-0.378  0.118 -0.118 187 90 98
-0.377  0.115 -0.118 193 83 89
-0.378  0.111 -0.120 191 80 84
-0.379  0.107 -0.121 190 82 83
-0.379  0.103 -0.122 190 83 85
-0.379  0.100 -0.122 188 83 86
-0.379  0.096 -0.123 189 80 84
-0.381  0.090 -0.126 188 77 85
-0.381  0.087 -0.126 186 85 85
-0.382  0.082 -0.128 165 83 81
-0.382  0.078 -0.129 131 73 78
-0.383  0.073 -0.131 99 72 79
-0.383  0.069 -0.131 96 80 77
-0.383  0.066 -0.132 114 96 80
-0.413  0.143 -0.172 100 93 83
-0.410  0.144 -0.168 120 113 89
-0.408  0.144 -0.165 147 139 100
-0.405  0.146 -0.159 151 136 100
-0.403  0.146 -0.156 148 132 100
-0.400  0.147 -0.153 134 119 95
-0.398  0.147 -0.149 106 107 97
-0.396  0.147 -0.147 80 111 113
-0.394  0.147 -0.144 65 122 126
-0.393  0.146 -0.142 60 125 129
-0.392  0.146 -0.140 59 127 131
-0.390  0.145 -0.138 59 131 134
-0.389  0.144 -0.137 56 129 136
-0.388  0.143 -0.135 60 139 144
-0.387  0.142 -0.134 60 142 148
-0.386  0.141 -0.132 60 142 147
-0.385  0.139 -0.131 67 143 144
-0.385  0.138 -0.130 91 149 133
-0.384  0.136 -0.129 118 155 124
-0.383  0.135 -0.128 111 153 124
-0.382  0.133 -0.127 80 152 144
-0.381  0.132 -0.126 72 159 162
-0.380  0.130 -0.125 75 161 165
-0.380  0.129 -0.124 69 161 164
-0.379  0.127 -0.123 70 167 177
-0.378  0.126 -0.122 70 171 185
-0.377  0.125 -0.121 72 173 189
-0.377  0.122 -0.120 83 172 188
-0.376  0.120 -0.120 145 126 160
-0.377  0.116 -0.121 187 85 94
-0.377  0.114 -0.121 190 80 86
-0.378  0.109 -0.123 189 81 83
-0.378  0.104 -0.124 190 85 83
-0.379  0.100 -0.126 190 84 83
-0.380  0.095 -0.127 187 83 85
-0.380  0.092 -0.128 186 78 84
-0.381  0.086 -0.131 185 83 86
-0.381  0.084 -0.130 163 82 79
-0.381  0.079 -0.132 130 72 76
-0.382  0.075 -0.133 99 67 84
-0.382  0.070 -0.134 94 80 80
-0.382  0.067 -0.134 113 97 79
-0.412  0.142 -0.174 93 85 78
-0.410  0.142 -0.171 114 101 82
-0.407  0.143 -0.167 144 133 98
-0.404  0.144 -0.162 149 135 101
-0.402  0.145 -0.158 149 136 101
-0.399  0.147 -0.154 146 135 101
-0.396  0.147 -0.151 135 119 94
-0.395  0.147 -0.148 110 104 95
-0.393  0.147 -0.145 84 109 111
-0.391  0.147 -0.143 68 120 123
-0.390  0.147 -0.140 59 124 127
-0.388  0.146 -0.138 55 126 130
-0.387  0.145 -0.137 57 131 137
-0.386  0.145 -0.135 67 141 145
-0.385  0.144 -0.133 78 148 150
-0.384  0.142 -0.132 73 148 145
-0.383  0.141 -0.130 89 140 123
-0.382  0.140 -0.129 146 156 93
-0.381  0.138 -0.129 181 161 80
-0.380  0.136 -0.128 169 155 87
-0.380  0.134 -0.127 118 156 124
-0.379  0.133 -0.126 81 166 167
-0.379  0.131 -0.126 65 162 169
-0.378  0.130 -0.124 66 164 171
-0.377  0.128 -0.123 70 167 177
-0.376  0.126 -0.122 71 172 186
-0.375  0.125 -0.121 73 174 191
-0.375  0.122 -0.121 92 172 184
-0.375  0.120 -0.122 156 109 136
-0.376  0.116 -0.123 187 81 84
-0.376  0.112 -0.123 186 81 85
-0.377  0.107 -0.126 181 80 84
-0.378  0.102 -0.128 170 82 82
-0.379  0.098 -0.129 170 78 80
-0.380  0.091 -0.132 178 75 82
-0.380  0.088 -0.133 183 80 84
-0.381  0.083 -0.135 161 79 82
-0.381  0.079 -0.135 124 74 70
-0.381  0.076 -0.136 101 66 74
-0.381  0.072 -0.136 94 79 83
-0.381  0.069 -0.137 113 95 78
-0.411  0.140 -0.177 96 85 74
-0.409  0.141 -0.173 108 88 71
-0.406  0.142 -0.169 137 122 89
-0.403  0.144 -0.164 146 132 98
-0.400  0.144 -0.161 149 134 99
-0.398  0.146 -0.156 149 138 101
-0.395  0.147 -0.153 147 134 100
-0.393  0.147 -0.150 139 121 95
-0.392  0.146 -0.147 116 105 96
-0.390  0.147 -0.144 89 106 108
-0.388  0.146 -0.142 68 121 121
-0.387  0.146 -0.140 58 127 130
-0.385  0.145 -0.138 58 131 135
-0.384  0.145 -0.135 70 138 143
-0.383  0.144 -0.134 96 154 151
-0.382  0.143 -0.133 95 162 145
-0.380  0.142 -0.130 120 144 102
-0.380  0.141 -0.129 186 166 59
-0.379  0.139 -0.128 206 165 54
-0.378  0.137 -0.128 201 168 64
-0.378  0.135 -0.127 155 159 104
-0.377  0.133 -0.127 87 163 168
-0.377  0.131 -0.126 61 164 177
-0.376  0.130 -0.125 65 165 175
-0.375  0.128 -0.124 72 169 181
-0.375  0.126 -0.124 72 173 189
-0.374  0.125 -0.123 79 175 196
-0.374  0.122 -0.123 104 171 184
-0.374  0.119 -0.123 166 92 108
-0.375  0.114 -0.125 188 88 90
-0.375  0.111 -0.126 173 73 77
-0.376  0.105 -0.129 149 64 72
-0.377  0.100 -0.131 123 63 61
-0.378  0.095 -0.133 123 64 63
-0.380  0.088 -0.136 140 60 69
-0.380  0.085 -0.137 152 72 75
-0.381  0.080 -0.139 118 77 73
-0.381  0.076 -0.139 95 72 68
-0.381  0.073 -0.139 91 80 76
-0.381  0.070 -0.140 110 94 79
-0.410  0.140 -0.179 103 90 76
-0.407  0.140 -0.175 92 75 64
-0.405  0.142 -0.171 118 104 78
-0.402  0.143 -0.166 141 127 93
-0.399  0.144 -0.163 148 133 97
-0.397  0.145 -0.159 147 136 100
-0.395  0.145 -0.155 146 137 103
-0.392  0.146 -0.152 149 139 104
-0.391  0.146 -0.149 143 127 100
-0.389  0.146 -0.146 120 103 93
-0.387  0.145 -0.144 91 97 98
-0.386  0.145 -0.142 70 115 119
-0.384  0.145 -0.140 60 126 132
-0.383  0.144 -0.137 62 132 138
-0.381  0.144 -0.135 73 139 144
-0.380  0.143 -0.133 87 149 139
-0.379  0.143 -0.131 126 143 99
-0.378  0.141 -0.130 190 165 59
-0.377  0.140 -0.129 205 164 56
-0.376  0.138 -0.128 200 169 69
-0.376  0.136 -0.128 154 163 112
-0.376  0.134 -0.128 89 166 174
-0.375  0.132 -0.127 62 163 180
-0.374  0.130 -0.126 68 165 182
-0.374  0.128 -0.126 81 172 191
-0.373  0.126 -0.125 76 173 192
-0.373  0.123 -0.125 91 176 198
-0.373  0.120 -0.126 124 160 178
-0.373  0.118 -0.126 177 103 103
-0.374  0.113 -0.128 181 120 116
-0.374  0.110 -0.128 140 54 63
-0.375  0.104 -0.131 98 50 53
-0.377  0.098 -0.134 81 49 40
-0.378  0.093 -0.136 85 58 48
-0.380  0.085 -0.140 95 59 57
-0.380  0.082 -0.141 96 57 60
-0.381  0.077 -0.143 90 78 67
-0.380  0.074 -0.143 90 79 73
-0.380  0.071 -0.143 110 95 79
-0.408  0.140 -0.180 116 105 81
-0.406  0.140 -0.177 83 80 65
-0.403  0.141 -0.173 98 88 64
-0.401  0.142 -0.168 130 115 81
-0.398  0.143 -0.165 144 130 95
-0.396  0.144 -0.161 145 131 99
-0.394  0.144 -0.158 146 134 101
-0.391  0.145 -0.154 149 139 101
-0.390  0.144 -0.152 149 140 101
-0.388  0.145 -0.149 125 111 89
-0.386  0.145 -0.146 96 71 70
-0.385  0.144 -0.144 89 83 84
-0.383  0.144 -0.141 76 107 114
-0.381  0.144 -0.139 65 126 128
-0.379  0.144 -0.136 59 129 134
-0.378  0.143 -0.134 70 128 126
-0.377  0.143 -0.132 108 136 104
-0.376  0.142 -0.131 170 157 77
-0.375  0.141 -0.129 185 166 74
-0.374  0.139 -0.128 171 163 93
-0.374  0.137 -0.128 119 161 143
-0.373  0.135 -0.128 81 166 187
-0.373  0.132 -0.128 69 160 177
-0.372  0.131 -0.127 90 170 187
-0.372  0.128 -0.127 107 188 201
-0.372  0.125 -0.127 85 173 195
-0.372  0.123 -0.127 101 180 192
-0.372  0.119 -0.128 151 145 162
-0.372  0.116 -0.128 183 144 130
-0.373  0.112 -0.130 149 135 129
-0.373  0.108 -0.131 99 40 51
-0.375  0.102 -0.134 72 58 47
-0.375  0.097 -0.136 66 60 48
-0.377  0.091 -0.139 72 67 56
-0.379  0.084 -0.143 84 72 60
-0.379  0.080 -0.144 82 72 61
-0.379  0.077 -0.144 86 74 66
-0.379  0.073 -0.145 109 90 75
-0.405  0.139 -0.179 105 94 70
-0.402  0.140 -0.175 84 76 59
-0.399  0.141 -0.171 105 88 66
-0.397  0.142 -0.167 134 117 85
-0.395  0.142 -0.164 142 131 96
-0.393  0.143 -0.161 144 134 98
-0.390  0.144 -0.156 146 136 98
-0.389  0.144 -0.154 138 135 98
-0.387  0.144 -0.151 108 99 77
-0.385  0.144 -0.148 78 54 46
-0.383  0.144 -0.146 86 58 49
-0.382  0.143 -0.143 104 76 77
-0.380  0.144 -0.140 91 103 107
-0.378  0.144 -0.137 74 119 123
-0.377  0.143 -0.136 71 125 127
-0.375  0.143 -0.133 82 128 122
-0.374  0.143 -0.131 117 140 108
-0.373  0.141 -0.130 124 153 105
-0.372  0.140 -0.129 106 154 133
-0.372  0.138 -0.129 80 158 172
-0.372  0.135 -0.129 75 166 189
-0.371  0.133 -0.129 78 160 176
-0.371  0.130 -0.128 128 182 192
-0.371  0.127 -0.129 128 212 209
-0.371  0.125 -0.129 97 173 198
-0.371  0.121 -0.130 112 182 192
-0.371  0.118 -0.130 171 154 152
-0.371  0.115 -0.131 156 147 136
-0.372  0.110 -0.133 97 72 88
-0.372  0.107 -0.134 73 57 50
-0.373  0.101 -0.136 68 57 54
-0.374  0.096 -0.138 62 60 47
-0.376  0.090 -0.141 63 60 49
-0.378  0.083 -0.145 80 70 58
-0.378  0.079 -0.146 92 80 66
-0.378  0.076 -0.146 109 91 71
-0.401  0.140 -0.177 97 81 66
-0.398  0.141 -0.173 85 72 58
-0.396  0.142 -0.169 105 92 71
-0.394  0.141 -0.166 132 120 88
-0.392  0.142 -0.163 143 133 95
-0.390  0.143 -0.159 144 135 97
-0.388  0.142 -0.157 129 130 98
-0.386  0.143 -0.153 96 92 71
-0.384  0.143 -0.151 68 52 39
-0.382  0.143 -0.148 81 61 47
-0.381  0.143 -0.145 121 84 71
-0.379  0.143 -0.142 128 93 88
-0.377  0.143 -0.139 114 87 92
-0.375  0.143 -0.137 93 106 110
-0.374  0.143 -0.134 81 119 119
-0.372  0.142 -0.132 82 122 120
-0.371  0.141 -0.131 75 126 134
-0.371  0.140 -0.130 68 138 151
-0.370  0.138 -0.129 83 155 172
-0.370  0.135 -0.129 105 182 191
-0.370  0.132 -0.131 84 158 177
-0.370  0.130 -0.130 104 182 190
-0.370  0.127 -0.131 96 178 197
-0.370  0.123 -0.131 107 177 197
-0.370  0.120 -0.132 141 174 181
-0.370  0.117 -0.133 155 152 136
-0.370  0.113 -0.134 106 79 92
-0.371  0.109 -0.135 72 70 63
-0.371  0.106 -0.136 73 79 64
-0.372  0.100 -0.138 52 45 52
-0.373  0.096 -0.139 49 38 35
-0.375  0.089 -0.143 63 55 43
-0.376  0.082 -0.147 77 72 58
-0.376  0.079 -0.148 105 89 73
-0.399  0.139 -0.179 116 100 76
-0.397  0.140 -0.175 89 75 63
-0.395  0.141 -0.171 82 69 60
-0.393  0.140 -0.168 98 88 71
-0.391  0.141 -0.165 126 117 85
-0.389  0.141 -0.162 141 131 93
-0.387  0.142 -0.159 137 127 96
-0.385  0.142 -0.156 106 99 78
-0.383  0.142 -0.153 70 65 54
-0.381  0.142 -0.150 86 77 60
-0.380  0.142 -0.147 132 121 87
-0.378  0.142 -0.144 148 137 102
-0.376  0.142 -0.142 145 111 91
-0.375  0.142 -0.139 133 86 80
-0.373  0.142 -0.137 118 78 86
-0.371  0.142 -0.134 97 97 102
-0.370  0.141 -0.132 74 113 118
-0.369  0.140 -0.131 64 132 132
-0.368  0.138 -0.130 69 145 154
-0.368  0.135 -0.131 78 156 171
-0.369  0.131 -0.133 70 157 174
-0.369  0.128 -0.133 75 165 182
-0.369  0.125 -0.133 84 172 191
-0.369  0.122 -0.134 106 185 194
-0.369  0.119 -0.135 148 159 154
-0.369  0.115 -0.135 109 77 85
-0.370  0.112 -0.136 93 85 65
-0.370  0.108 -0.137 81 85 81
-0.370  0.104 -0.138 58 46 48
-0.371  0.100 -0.140 51 41 37
-0.372  0.095 -0.142 75 66 58
-0.373  0.088 -0.145 85 84 71
-0.375  0.081 -0.150 101 87 70
-0.396  0.139 -0.177 106 94 76
-0.393  0.140 -0.173 86 73 61
-0.392  0.140 -0.171 80 67 52
-0.390  0.140 -0.167 100 86 62
-0.388  0.141 -0.164 129 115 83
-0.386  0.140 -0.161 141 131 95
-0.384  0.141 -0.158 133 125 95
-0.382  0.141 -0.155 108 109 82
-0.381  0.140 -0.153 105 108 78
-0.379  0.140 -0.151 138 129 93
-0.377  0.140 -0.148 154 143 104
-0.375  0.141 -0.144 157 144 107
-0.374  0.141 -0.142 156 134 106
-0.372  0.141 -0.138 148 107 90
-0.370  0.141 -0.136 135 84 82
-0.369  0.141 -0.134 114 80 96
-0.368  0.139 -0.133 87 118 119
-0.367  0.138 -0.132 69 144 145
-0.368  0.134 -0.133 65 156 162
-0.368  0.130 -0.135 65 159 170
-0.368  0.127 -0.135 75 164 182
-0.369  0.123 -0.136 110 170 192
-0.369  0.120 -0.137 120 159 175
-0.369  0.117 -0.138 96 106 107
-0.369  0.114 -0.138 69 49 43
-0.369  0.111 -0.139 72 63 63
-0.369  0.107 -0.139 57 54 70
-0.369  0.104 -0.140 47 47 41
-0.369  0.099 -0.141 77 77 65
-0.371  0.093 -0.145 106 100 84
-0.372  0.087 -0.148 111 109 94
-0.374  0.081 -0.151 123 99 80
-0.392  0.140 -0.174 105 92 71
-0.390  0.140 -0.172 86 72 57
-0.389  0.139 -0.169 82 68 54
-0.387  0.139 -0.166 97 85 63
-0.385  0.140 -0.163 122 111 80
-0.383  0.140 -0.160 138 127 92
-0.381  0.140 -0.157 138 132 96
-0.380  0.139 -0.155 137 133 96
-0.378  0.139 -0.153 146 136 98
-0.377  0.139 -0.150 153 142 103
-0.374  0.140 -0.147 157 145 106
-0.373  0.139 -0.144 159 146 108
-0.371  0.140 -0.142 158 144 106
-0.369  0.140 -0.139 158 148 114
-0.368  0.139 -0.137 158 141 112
-0.367  0.137 -0.136 147 136 112
-0.367  0.136 -0.135 114 139 127
-0.367  0.132 -0.136 76 150 156
-0.368  0.128 -0.138 68 157 170
-0.368  0.125 -0.138 77 167 186
-0.368  0.121 -0.140 111 192 191
-0.368  0.117 -0.141 105 148 134
-0.368  0.115 -0.141 70 59 45
-0.368  0.112 -0.141 60 45 45
-0.368  0.110 -0.141 57 62 59
-0.368  0.106 -0.141 53 48 42
-0.368  0.103 -0.142 75 83 69
-0.369  0.098 -0.144 101 116 91
-0.370  0.092 -0.147 115 110 98
-0.371  0.086 -0.150 109 106 99
-0.372  0.081 -0.152 136 118 90
-0.389  0.139 -0.174 105 94 71
-0.388  0.138 -0.172 85 75 59
-0.386  0.139 -0.168 79 70 51
-0.384  0.138 -0.166 89 81 54
-0.382  0.139 -0.162 114 106 75
-0.380  0.139 -0.160 137 127 93
-0.379  0.138 -0.157 147 133 97
-0.377  0.138 -0.155 149 136 98
-0.376  0.138 -0.153 151 140 104
-0.374  0.138 -0.150 153 144 108
-0.372  0.138 -0.147 155 147 111
-0.370  0.138 -0.144 159 146 110
-0.369  0.138 -0.142 165 153 117
-0.368  0.137 -0.140 167 158 125
-0.367  0.136 -0.139 160 160 133
-0.366  0.134 -0.138 156 157 135
-0.366  0.130 -0.139 128 157 155
-0.367  0.126 -0.141 83 158 172
-0.367  0.123 -0.141 88 168 177
-0.367  0.119 -0.143 123 156 155
-0.368  0.116 -0.143 83 64 79
-0.367  0.113 -0.144 46 38 33
-0.367  0.112 -0.143 62 59 42
-0.367  0.108 -0.143 49 40 40
-0.366  0.106 -0.143 71 77 66
-0.367  0.102 -0.144 71 109 94
-0.368  0.096 -0.147 104 112 105
-0.369  0.091 -0.150 117 112 109
-0.370  0.085 -0.152 129 101 104
-0.386  0.138 -0.174 108 95 75
-0.384  0.138 -0.170 86 76 60
-0.382  0.138 -0.167 78 70 51
-0.381  0.138 -0.164 86 78 57
-0.379  0.138 -0.162 112 99 76
-0.378  0.138 -0.160 139 122 91
-0.376  0.137 -0.158 148 134 96
-0.374  0.137 -0.155 152 138 103
-0.373  0.137 -0.152 152 143 108
-0.371  0.137 -0.150 151 147 109
-0.370  0.136 -0.147 161 147 109
-0.368  0.136 -0.145 171 157 119
-0.367  0.135 -0.143 177 162 126
-0.366  0.134 -0.142 172 162 132
-0.366  0.132 -0.141 179 177 143
-0.366  0.128 -0.143 181 188 160
-0.366  0.125 -0.144 172 186 169
-0.366  0.121 -0.145 163 175 163
-0.367  0.118 -0.145 113 125 124
-0.366  0.115 -0.145 69 33 35
-0.366  0.112 -0.146 46 37 32
-0.366  0.110 -0.145 45 38 37
-0.365  0.108 -0.145 64 61 47
-0.365  0.104 -0.146 88 101 85
-0.366  0.101 -0.147 103 114 109
-0.367  0.095 -0.150 119 119 103
-0.368  0.089 -0.152 123 119 95
-0.383  0.138 -0.172 111 98 78
-0.381  0.138 -0.169 90 81 62
-0.379  0.138 -0.166 79 71 55
-0.378  0.138 -0.163 85 72 57
-0.376  0.137 -0.162 107 89 68
-0.375  0.136 -0.160 132 116 86
-0.374  0.136 -0.157 150 135 99
-0.372  0.135 -0.155 141 133 104
-0.370  0.135 -0.152 119 121 98
-0.369  0.135 -0.150 126 121 93
-0.368  0.134 -0.148 153 144 112
-0.367  0.133 -0.147 175 161 122
-0.366  0.131 -0.146 177 164 130
-0.365  0.130 -0.145 186 180 147
-0.365  0.127 -0.146 196 191 159
-0.366  0.123 -0.147 199 193 163
-0.366  0.120 -0.147 173 163 142
-0.366  0.117 -0.148 95 69 73
-0.365  0.114 -0.148 47 35 30
-0.365  0.112 -0.148 46 49 30
-0.364  0.110 -0.147 44 39 33
-0.364  0.107 -0.147 82 73 61
-0.365  0.103 -0.149 110 108 92
-0.365  0.098 -0.150 118 119 102
-0.366  0.093 -0.152 123 124 100
-0.367  0.088 -0.155 146 126 100
-0.379  0.138 -0.170 114 103 79
-0.378  0.137 -0.168 93 84 64
-0.376  0.137 -0.165 81 70 55
-0.375  0.136 -0.164 83 69 54
-0.374  0.135 -0.162 98 88 65
-0.372  0.135 -0.159 125 115 85
-0.371  0.135 -0.157 129 122 98
-0.369  0.134 -0.155 98 99 85
-0.368  0.134 -0.152 92 78 64
-0.367  0.133 -0.151 120 98 81
-0.366  0.131 -0.150 162 144 108
-0.365  0.130 -0.149 179 166 133
-0.365  0.128 -0.148 192 182 148
-0.365  0.125 -0.149 198 194 161
-0.365  0.121 -0.150 190 187 158
-0.365  0.119 -0.150 136 134 120
-0.364  0.116 -0.150 78 42 43
-0.364  0.114 -0.150 51 39 30
-0.364  0.111 -0.150 44 41 32
-0.363  0.109 -0.149 63 55 45
-0.363  0.106 -0.149 86 92 78
-0.363  0.102 -0.151 105 112 95
-0.364  0.098 -0.152 119 119 99
-0.365  0.092 -0.155 142 123 106
-0.377  0.137 -0.170 120 109 83
-0.375  0.136 -0.167 99 89 68
-0.374  0.135 -0.166 84 74 59
-0.373  0.134 -0.164 80 72 56
-0.371  0.134 -0.161 92 81 63
-0.370  0.133 -0.160 93 84 73
-0.369  0.133 -0.157 74 71 68
-0.367  0.133 -0.155 72 65 56
-0.366  0.131 -0.154 100 86 72
-0.365  0.130 -0.153 154 136 104
-0.365  0.128 -0.152 179 168 135
-0.364  0.126 -0.151 193 181 148
-0.365  0.122 -0.153 196 189 157
-0.364  0.119 -0.153 175 164 142
-0.364  0.117 -0.153 101 87 92
-0.364  0.114 -0.153 62 47 39
-0.363  0.112 -0.153 62 52 39
-0.363  0.109 -0.152 52 42 36
-0.362  0.107 -0.152 77 73 59
-0.362  0.104 -0.152 100 106 87
-0.362  0.100 -0.154 108 120 95
-0.363  0.096 -0.155 135 118 102
-0.373  0.135 -0.168 109 96 75
-0.372  0.134 -0.166 91 81 63
-0.370  0.133 -0.163 81 71 57
-0.369  0.132 -0.162 72 63 56
-0.368  0.132 -0.160 61 55 49
-0.366  0.131 -0.158 57 53 48
-0.365  0.130 -0.157 82 78 68
-0.365  0.128 -0.156 140 128 100
-0.364  0.126 -0.155 174 165 129
-0.364  0.123 -0.155 185 174 139
-0.364  0.120 -0.156 168 163 139
-0.364  0.117 -0.156 129 113 109
-0.364  0.115 -0.156 77 58 58
-0.363  0.112 -0.156 57 56 43
-0.362  0.110 -0.155 70 65 53
-0.362  0.108 -0.155 68 61 55
-0.361  0.106 -0.155 83 80 68
-0.361  0.103 -0.155 103 100 83
-0.361  0.099 -0.156 134 122 90
-0.370  0.134 -0.167 120 107 81
-0.369  0.133 -0.166 100 90 71
-0.368  0.132 -0.164 82 74 61
-0.366  0.131 -0.161 67 62 51
-0.365  0.130 -0.160 60 56 48
-0.365  0.128 -0.159 74 68 54
-0.364  0.127 -0.158 108 90 71
-0.363  0.124 -0.158 132 104 86
-0.364  0.121 -0.159 137 106 89
-0.363  0.118 -0.159 119 96 84
-0.363  0.116 -0.159 85 70 65
-0.363  0.113 -0.159 69 57 47
-0.362  0.110 -0.159 69 70 53
-0.362  0.109 -0.158 87 81 65
-0.361  0.107 -0.158 95 90 74
-0.360  0.104 -0.157 110 100 82
-0.360  0.102 -0.157 127 116 92
-0.367  0.131 -0.166 109 99 80
-0.365  0.131 -0.163 94 86 70
-0.364  0.129 -0.162 81 75 60
-0.363  0.128 -0.161 74 68 52
-0.362  0.126 -0.160 79 63 50
-0.363  0.123 -0.161 87 61 50
-0.362  0.120 -0.161 87 58 48
-0.362  0.117 -0.161 81 57 45
-0.362  0.115 -0.162 70 62 48
-0.362  0.112 -0.162 73 69 56
-0.361  0.109 -0.162 87 82 66
-0.361  0.107 -0.161 109 101 76
-0.363  0.128 -0.164 112 102 79
-0.362  0.127 -0.163 98 90 72
-0.361  0.125 -0.162 92 82 64
-0.361  0.122 -0.163 82 73 54
-0.361  0.119 -0.163 73 64 52
-0.361  0.116 -0.164 72 65 55
-0.361  0.113 -0.164 82 75 62
-0.361  0.110 -0.165 98 89 72
-0.360  0.108 -0.164 114 104 83
-0.360  0.122 -0.164 110 101 79
-0.360  0.119 -0.165 95 93 81
-0.360  0.115 -0.166 94 93 82
-0.360  0.112 -0.166 111 103 84

