-0.470 -0.004 -0.103 179 178 119
-0.469 -0.008 -0.103 161 166 109
-0.469 -0.012 -0.104 169 173 111
-0.467 -0.004 -0.102 164 165 109
-0.466 -0.008 -0.102 150 161 72
-0.466 -0.011 -0.103 180 154 65
-0.466 -0.015 -0.103 185 162 72
-0.466 -0.019 -0.103 169 165 94
-0.466 -0.022 -0.104 179 174 119
-0.463 -0.002 -0.099 177 181 120
-0.463 -0.004 -0.100 154 157 92
-0.463 -0.007 -0.101 157 157 65
-0.463 -0.011 -0.102 195 161 56
-0.463 -0.015 -0.102 217 164 50
-0.462 -0.019 -0.102 218 166 50
-0.462 -0.023 -0.102 208 165 58
-0.462 -0.026 -0.103 185 162 74
-0.463 -0.028 -0.104 169 169 101
-0.460 -0.001 -0.098 167 168 109
-0.460 -0.004 -0.099 146 159 77
-0.460 -0.007 -0.100 178 150 60
-0.461 -0.009 -0.101 208 162 50
-0.460 -0.014 -0.101 221 165 48
-0.460 -0.018 -0.101 226 164 45
-0.459 -0.022 -0.101 226 167 47
-0.459 -0.026 -0.102 227 170 51
-0.459 -0.029 -0.102 219 174 55
-0.460 -0.031 -0.103 206 164 66
-0.460 -0.032 -0.105 173 166 90
-0.462 -0.032 -0.107 174 174 117
-0.457 -0.002 -0.097 163 158 98
-0.457 -0.003 -0.098 145 159 68
-0.457 -0.006 -0.099 189 155 58
-0.457 -0.010 -0.100 217 165 49
-0.458 -0.012 -0.101 227 167 50
-0.457 -0.016 -0.101 227 170 50
-0.457 -0.021 -0.101 229 167 48
-0.457 -0.024 -0.101 230 172 50
-0.457 -0.028 -0.102 228 173 51
-0.457 -0.031 -0.102 229 172 50
-0.457 -0.033 -0.103 226 171 53
-0.458 -0.033 -0.105 216 170 59
-0.459 -0.034 -0.107 193 167 74
-0.460 -0.034 -0.109 169 171 100
-0.453 -0.002 -0.096 157 151 95
-0.454 -0.004 -0.097 149 155 65
-0.454 -0.006 -0.098 193 163 58
-0.455 -0.008 -0.099 218 171 58
-0.455 -0.012 -0.100 224 176 86
-0.455 -0.015 -0.100 239 196 93
-0.454 -0.019 -0.100 235 197 96
-0.454 -0.023 -0.101 227 191 94
-0.454 -0.027 -0.101 226 186 89
-0.454 -0.030 -0.101 226 182 82
-0.454 -0.033 -0.102 230 174 64
-0.454 -0.035 -0.103 224 175 51
-0.455 -0.035 -0.105 231 174 50
-0.456 -0.036 -0.107 226 172 53
-0.458 -0.036 -0.109 214 165 65
-0.459 -0.035 -0.111 172 168 88
-0.461 -0.034 -0.114 169 168 112
-0.450 -0.003 -0.094 171 104 92
-0.451 -0.004 -0.096 170 111 62
-0.451 -0.007 -0.096 196 165 58
-0.451 -0.009 -0.098 221 176 64
-0.452 -0.012 -0.099 230 204 117
-0.452 -0.015 -0.099 207 208 168
-0.452 -0.018 -0.100 148 141 139
-0.451 -0.022 -0.100 170 175 148
-0.451 -0.026 -0.100 206 218 168
-0.451 -0.029 -0.100 204 208 170
-0.451 -0.033 -0.101 210 203 153
-0.451 -0.035 -0.102 217 193 121
-0.452 -0.037 -0.103 220 181 79
-0.453 -0.037 -0.105 235 175 54
-0.454 -0.037 -0.107 240 174 51
-0.456 -0.036 -0.110 236 172 51
-0.457 -0.035 -0.113 219 171 58
-0.459 -0.034 -0.115 194 168 75
-0.461 -0.031 -0.119 167 168 97
-0.446 -0.005 -0.092 171 92 91
-0.447 -0.006 -0.094 185 91 57
-0.448 -0.007 -0.095 210 162 58
-0.448 -0.009 -0.096 225 177 65
-0.448 -0.012 -0.097 225 220 126
-0.449 -0.015 -0.098 206 207 165
-0.449 -0.018 -0.099 142 118 131
-0.449 -0.022 -0.099 103 96 85
-0.449 -0.025 -0.099 112 100 96
-0.448 -0.029 -0.100 139 166 133
-0.448 -0.032 -0.100 195 207 167
-0.448 -0.035 -0.101 206 212 175
-0.449 -0.037 -0.102 204 206 168
-0.450 -0.038 -0.103 208 198 149
-0.451 -0.039 -0.105 220 187 88
-0.452 -0.038 -0.108 238 174 55
-0.454 -0.036 -0.111 242 175 52
-0.456 -0.035 -0.114 242 173 51
-0.458 -0.033 -0.117 234 175 55
-0.460 -0.030 -0.120 216 168 68
-0.462 -0.028 -0.124 169 173 93
-0.463 -0.027 -0.127 170 175 120
-0.443 -0.005 -0.091 171 87 88
-0.444 -0.006 -0.092 185 88 56
-0.444 -0.009 -0.093 212 159 55
-0.445 -0.011 -0.095 222 174 60
-0.445 -0.013 -0.095 228 205 109
-0.445 -0.016 -0.096 203 208 160
-0.445 -0.018 -0.097 138 115 130
-0.445 -0.022 -0.098 103 94 77
-0.445 -0.025 -0.098 89 95 84
-0.445 -0.029 -0.099 91 93 85
-0.445 -0.032 -0.099 101 96 84
-0.446 -0.034 -0.100 123 143 114
-0.446 -0.037 -0.101 184 184 166
-0.446 -0.039 -0.102 206 213 175
-0.447 -0.040 -0.104 203 206 171
-0.449 -0.039 -0.106 205 198 147
-0.450 -0.038 -0.108 229 181 83
-0.452 -0.035 -0.112 245 175 51
-0.454 -0.034 -0.115 247 174 53
-0.456 -0.032 -0.118 248 172 52
-0.458 -0.030 -0.121 243 173 56
-0.460 -0.029 -0.124 219 174 67
-0.461 -0.028 -0.127 197 180 96
-0.463 -0.027 -0.130 176 181 121
-0.440 -0.004 -0.090 172 87 87
-0.441 -0.006 -0.091 183 86 58
-0.442 -0.007 -0.093 210 157 59
-0.442 -0.010 -0.094 223 169 53
-0.442 -0.014 -0.094 228 179 77
-0.442 -0.016 -0.095 202 206 143
-0.442 -0.019 -0.096 138 110 126
-0.443 -0.021 -0.097 101 93 77
-0.443 -0.025 -0.097 91 91 78
-0.443 -0.027 -0.098 94 92 78
-0.443 -0.030 -0.099 92 96 82
-0.443 -0.033 -0.099 89 94 79
-0.444 -0.035 -0.101 92 99 84
-0.444 -0.037 -0.101 119 114 108
-0.444 -0.039 -0.103 162 176 159
-0.446 -0.039 -0.105 201 216 172
-0.447 -0.039 -0.107 202 207 166
-0.448 -0.037 -0.110 208 192 132
-0.451 -0.033 -0.114 244 180 53
-0.453 -0.032 -0.117 250 177 55
-0.455 -0.031 -0.120 248 175 55
-0.457 -0.028 -0.123 248 176 57
-0.458 -0.027 -0.126 245 175 59
-0.459 -0.027 -0.128 227 185 84
-0.461 -0.027 -0.131 183 191 126
-0.462 -0.026 -0.133 181 193 127
-0.464 -0.025 -0.136 176 182 127
-0.437 -0.004 -0.089 169 87 92
-0.438 -0.005 -0.091 179 85 56
-0.439 -0.007 -0.092 206 150 59
-0.439 -0.008 -0.093 223 166 54
-0.439 -0.011 -0.094 230 176 58
-0.439 -0.015 -0.094 233 183 78
-0.439 -0.018 -0.095 171 166 130
-0.440 -0.021 -0.096 108 93 95
-0.440 -0.024 -0.097 90 92 82
-0.440 -0.027 -0.097 91 94 79
-0.441 -0.029 -0.098 89 93 80
-0.441 -0.031 -0.099 88 91 79
-0.441 -0.034 -0.100 91 97 81
-0.442 -0.035 -0.102 88 97 84
-0.442 -0.037 -0.102 98 100 84
-0.443 -0.038 -0.104 116 103 96
-0.444 -0.038 -0.106 138 170 132
-0.446 -0.037 -0.109 196 202 163
-0.447 -0.036 -0.111 207 201 146
-0.450 -0.032 -0.116 244 183 62
-0.452 -0.030 -0.119 250 182 63
-0.453 -0.029 -0.122 251 180 62
-0.455 -0.027 -0.125 249 181 62
-0.457 -0.026 -0.128 245 180 63
-0.458 -0.026 -0.130 203 186 72
-0.459 -0.026 -0.132 170 185 90
-0.460 -0.027 -0.134 161 198 109
-0.462 -0.026 -0.137 162 197 119
-0.463 -0.026 -0.139 177 182 118
-0.434 -0.004 -0.088 169 91 91
-0.435 -0.005 -0.089 172 83 60
-0.436 -0.007 -0.091 201 142 59
-0.436 -0.008 -0.092 227 174 72
-0.437 -0.010 -0.093 255 196 91
-0.437 -0.013 -0.094 255 195 84
-0.437 -0.017 -0.094 234 187 84
-0.437 -0.020 -0.095 209 207 145
-0.437 -0.023 -0.096 177 163 134
-0.438 -0.026 -0.097 111 98 104
-0.438 -0.029 -0.097 89 93 81
-0.438 -0.030 -0.099 89 89 80
-0.439 -0.032 -0.100 87 93 82
-0.439 -0.033 -0.101 90 97 83
-0.440 -0.034 -0.103 90 98 84
-0.441 -0.036 -0.104 95 100 84
-0.441 -0.038 -0.105 94 98 85
-0.443 -0.037 -0.107 106 104 100
-0.444 -0.037 -0.110 184 161 130
-0.446 -0.035 -0.113 203 207 160
-0.448 -0.031 -0.117 255 224 111
-0.450 -0.030 -0.120 255 220 106
-0.452 -0.028 -0.123 255 212 109
-0.453 -0.027 -0.126 255 198 96
-0.455 -0.026 -0.129 212 183 78
-0.456 -0.026 -0.131 168 184 88
-0.457 -0.026 -0.133 157 194 98
-0.458 -0.026 -0.135 159 196 97
-0.459 -0.027 -0.137 160 189 100
-0.460 -0.028 -0.139 164 187 106
-0.462 -0.028 -0.141 184 183 123
-0.431 -0.006 -0.086 168 95 92
-0.432 -0.007 -0.088 171 81 63
-0.433 -0.007 -0.090 199 138 66
-0.433 -0.009 -0.091 245 174 77
-0.434 -0.011 -0.092 255 238 115
-0.434 -0.012 -0.093 255 225 127
-0.434 -0.016 -0.094 245 194 86
-0.434 -0.020 -0.094 235 184 72
-0.434 -0.023 -0.095 217 202 121
-0.435 -0.025 -0.096 206 217 179
-0.435 -0.028 -0.096 189 178 158
-0.435 -0.030 -0.097 126 136 105
-0.436 -0.032 -0.099 94 94 91
-0.437 -0.033 -0.100 88 95 87
-0.437 -0.034 -0.102 92 97 84
-0.438 -0.034 -0.104 90 101 87
-0.439 -0.035 -0.105 95 103 86
-0.440 -0.037 -0.106 97 101 87
-0.441 -0.036 -0.109 145 119 120
-0.442 -0.036 -0.111 199 209 168
-0.444 -0.035 -0.114 218 198 157
-0.446 -0.031 -0.118 254 252 157
-0.448 -0.030 -0.120 255 253 161
-0.450 -0.029 -0.123 255 249 156
-0.452 -0.027 -0.127 211 218 142
-0.454 -0.025 -0.130 170 186 94
-0.454 -0.026 -0.132 157 192 95
-0.455 -0.026 -0.134 156 192 100
-0.456 -0.027 -0.136 154 181 108
-0.457 -0.028 -0.137 156 148 107
-0.458 -0.028 -0.139 145 163 102
-0.459 -0.029 -0.141 168 185 111
-0.461 -0.029 -0.144 181 181 126
-0.428 -0.004 -0.085 168 112 95
-0.428 -0.008 -0.086 168 69 64
-0.429 -0.009 -0.087 170 91 71
-0.430 -0.010 -0.089 206 163 94
-0.430 -0.012 -0.090 231 198 107
-0.431 -0.014 -0.092 242 178 78
-0.431 -0.016 -0.092 244 176 64
-0.431 -0.020 -0.093 239 177 61
-0.431 -0.024 -0.093 236 177 59
-0.432 -0.025 -0.094 227 183 90
-0.432 -0.028 -0.095 214 204 161
-0.432 -0.030 -0.096 209 216 180
-0.433 -0.032 -0.097 194 204 167
-0.434 -0.033 -0.099 161 159 124
-0.435 -0.033 -0.101 104 95 103
-0.435 -0.034 -0.102 92 96 82
-0.437 -0.034 -0.105 92 94 84
-0.438 -0.035 -0.106 94 100 87
-0.438 -0.036 -0.108 145 114 110
-0.440 -0.035 -0.110 197 204 150
-0.441 -0.035 -0.113 204 207 154
-0.442 -0.034 -0.115 239 188 92
-0.445 -0.031 -0.119 255 191 72
-0.446 -0.030 -0.122 255 191 74
-0.447 -0.029 -0.124 211 182 79
-0.449 -0.028 -0.127 169 184 90
-0.451 -0.025 -0.131 155 190 92
-0.453 -0.025 -0.133 156 190 99
-0.454 -0.026 -0.135 156 180 114
-0.455 -0.027 -0.137 150 158 132
-0.455 -0.028 -0.138 151 151 135
-0.456 -0.028 -0.141 140 142 122
-0.458 -0.028 -0.143 156 161 99
-0.459 -0.028 -0.145 164 180 112
-0.461 -0.026 -0.149 178 176 115
-0.426 -0.006 -0.086 162 70 67
-0.426 -0.009 -0.086 165 67 59
-0.427 -0.010 -0.088 167 67 60
-0.427 -0.012 -0.089 180 81 58
-0.428 -0.015 -0.090 196 127 52
-0.428 -0.017 -0.091 221 161 57
-0.429 -0.019 -0.092 229 167 53
-0.429 -0.022 -0.093 231 170 52
-0.428 -0.027 -0.093 232 171 53
-0.429 -0.029 -0.094 233 178 57
-0.429 -0.031 -0.095 228 187 95
-0.430 -0.033 -0.096 213 205 161
-0.430 -0.034 -0.097 210 214 172
-0.431 -0.035 -0.099 201 212 173
-0.432 -0.035 -0.101 184 166 147
-0.433 -0.035 -0.103 116 117 102
-0.435 -0.035 -0.105 88 98 95
-0.436 -0.035 -0.107 132 121 117
-0.437 -0.036 -0.109 194 205 156
-0.438 -0.035 -0.111 205 209 146
-0.439 -0.035 -0.113 227 185 108
-0.440 -0.035 -0.116 254 188 61
-0.442 -0.032 -0.119 245 190 62
-0.443 -0.032 -0.121 196 177 69
-0.445 -0.032 -0.124 160 186 86
-0.446 -0.030 -0.127 153 188 92
-0.449 -0.027 -0.131 158 190 97
-0.450 -0.026 -0.134 160 180 114
-0.452 -0.026 -0.136 152 156 136
-0.453 -0.026 -0.138 149 150 137
-0.454 -0.027 -0.140 150 149 136
-0.455 -0.028 -0.142 148 152 126
-0.456 -0.028 -0.144 133 155 99
-0.457 -0.028 -0.146 147 181 101
-0.459 -0.026 -0.150 161 185 99
-0.461 -0.024 -0.153 181 181 116
-0.424 -0.003 -0.086 154 80 80
-0.424 -0.006 -0.086 147 58 54
-0.424 -0.010 -0.087 155 67 59
-0.424 -0.013 -0.088 160 63 56
-0.425 -0.014 -0.089 164 66 59
-0.425 -0.017 -0.090 172 71 57
-0.426 -0.019 -0.091 183 111 53
-0.426 -0.022 -0.092 213 146 50
-0.426 -0.025 -0.092 226 170 54
-0.426 -0.029 -0.092 228 171 51
-0.426 -0.032 -0.093 232 172 51
-0.427 -0.034 -0.094 235 175 53
-0.427 -0.035 -0.095 231 182 83
-0.428 -0.037 -0.097 214 199 137
-0.429 -0.036 -0.099 208 205 154
-0.430 -0.036 -0.101 212 213 157
-0.432 -0.035 -0.104 194 191 139
-0.433 -0.035 -0.106 168 172 103
-0.434 -0.035 -0.108 189 197 136
-0.435 -0.035 -0.110 219 191 128
-0.436 -0.035 -0.112 240 186 71
-0.437 -0.035 -0.114 254 186 58
-0.438 -0.035 -0.116 247 180 64
-0.440 -0.034 -0.119 198 147 67
-0.441 -0.034 -0.121 162 177 86
-0.442 -0.034 -0.124 151 189 91
-0.444 -0.033 -0.126 153 186 97
-0.446 -0.029 -0.130 157 179 113
-0.449 -0.026 -0.135 153 155 131
-0.450 -0.026 -0.137 149 151 138
-0.451 -0.025 -0.139 148 149 136
-0.452 -0.026 -0.142 149 148 132
-0.453 -0.026 -0.144 146 148 127
-0.455 -0.026 -0.146 125 137 106
-0.455 -0.027 -0.148 149 182 99
-0.457 -0.025 -0.151 155 190 100
-0.460 -0.023 -0.155 172 186 109
-0.422  0.000 -0.086 155 107 94
-0.422 -0.004 -0.086 119 63 56
-0.422 -0.007 -0.087 99 44 37
-0.422 -0.010 -0.088 133 53 50
-0.422 -0.014 -0.088 154 64 56
-0.423 -0.016 -0.089 160 58 60
-0.423 -0.019 -0.090 162 65 62
-0.423 -0.022 -0.091 168 66 59
-0.423 -0.025 -0.091 179 89 55
-0.424 -0.027 -0.092 205 135 49
-0.423 -0.031 -0.092 225 171 54
-0.424 -0.033 -0.093 230 171 47
-0.424 -0.036 -0.094 231 172 48
-0.425 -0.036 -0.096 236 175 51
-0.426 -0.037 -0.097 237 184 59
-0.427 -0.038 -0.099 237 178 61
-0.428 -0.036 -0.102 237 185 70
-0.430 -0.036 -0.104 236 180 73
-0.431 -0.035 -0.107 231 185 61
-0.432 -0.035 -0.109 240 184 55
-0.433 -0.035 -0.111 250 182 52
-0.434 -0.035 -0.113 255 183 53
-0.435 -0.036 -0.115 244 177 63
-0.436 -0.036 -0.117 213 113 64
-0.437 -0.036 -0.119 188 89 81
-0.438 -0.037 -0.120 165 146 97
-0.439 -0.036 -0.123 160 188 102
-0.441 -0.035 -0.126 156 181 108
-0.443 -0.032 -0.130 152 159 129
-0.447 -0.026 -0.135 150 152 139
-0.448 -0.025 -0.138 149 149 138
-0.450 -0.024 -0.141 149 148 133
-0.451 -0.024 -0.143 147 149 128
-0.452 -0.024 -0.146 130 142 109
-0.453 -0.024 -0.148 136 156 86
-0.454 -0.025 -0.150 160 184 106
-0.456 -0.023 -0.153 161 192 111
-0.458 -0.021 -0.157 171 187 110
-0.419 -0.001 -0.086 137 74 64
-0.419 -0.005 -0.087 86 51 44
-0.420 -0.008 -0.087 67 48 47
-0.420 -0.011 -0.088 84 48 54
-0.420 -0.015 -0.088 123 56 57
-0.420 -0.018 -0.089 152 64 59
-0.420 -0.021 -0.090 160 64 60
-0.421 -0.024 -0.091 165 62 59
-0.421 -0.027 -0.091 166 65 59
-0.421 -0.029 -0.092 173 78 58
-0.421 -0.033 -0.092 190 131 54
-0.422 -0.034 -0.094 219 163 54
-0.422 -0.036 -0.095 231 171 47
-0.423 -0.038 -0.096 234 178 53
-0.424 -0.038 -0.098 235 173 52
-0.425 -0.038 -0.100 239 176 51
-0.426 -0.038 -0.102 244 179 50
-0.427 -0.037 -0.104 247 182 51
-0.429 -0.036 -0.107 248 178 48
-0.430 -0.035 -0.110 250 184 51
-0.431 -0.036 -0.112 253 185 54
-0.432 -0.036 -0.113 243 176 63
-0.433 -0.037 -0.115 211 112 65
-0.434 -0.038 -0.117 195 77 76
-0.435 -0.039 -0.118 198 81 93
-0.436 -0.039 -0.120 174 121 115
-0.437 -0.038 -0.123 158 174 105
-0.439 -0.036 -0.126 159 170 115
-0.441 -0.033 -0.130 150 153 139
-0.444 -0.027 -0.136 152 151 138
-0.446 -0.025 -0.139 152 149 135
-0.448 -0.024 -0.142 148 148 128
-0.449 -0.023 -0.145 133 146 113
-0.451 -0.023 -0.147 136 153 89
-0.452 -0.022 -0.150 152 178 107
-0.453 -0.023 -0.152 161 198 128
-0.455 -0.022 -0.155 157 189 117
-0.457 -0.019 -0.159 168 160 118
-0.417 -0.000 -0.086 152 93 91
-0.417 -0.003 -0.087 109 67 61
-0.417 -0.006 -0.087 125 85 67
-0.418 -0.009 -0.088 145 125 87
-0.418 -0.012 -0.089 142 115 80
-0.418 -0.016 -0.089 131 97 75
-0.418 -0.019 -0.090 116 62 65
-0.418 -0.022 -0.090 147 59 55
-0.418 -0.026 -0.091 160 65 61
-0.419 -0.028 -0.091 162 63 59
-0.419 -0.031 -0.092 163 64 61
-0.419 -0.033 -0.093 169 71 60
-0.420 -0.035 -0.094 182 114 56
-0.420 -0.037 -0.095 216 148 51
-0.421 -0.038 -0.097 230 170 53
-0.422 -0.038 -0.099 234 174 49
-0.423 -0.039 -0.100 237 172 47
-0.424 -0.038 -0.103 242 177 48
-0.425 -0.038 -0.105 247 174 46
-0.427 -0.036 -0.108 250 179 48
-0.428 -0.036 -0.110 253 178 51
-0.429 -0.036 -0.112 240 173 62
-0.430 -0.037 -0.114 210 113 65
-0.431 -0.038 -0.115 192 78 75
-0.432 -0.039 -0.117 192 78 83
-0.432 -0.040 -0.118 199 98 96
-0.433 -0.040 -0.120 186 93 94
-0.435 -0.040 -0.123 157 157 95
-0.436 -0.038 -0.126 157 168 122
-0.439 -0.034 -0.130 150 153 137
-0.443 -0.027 -0.137 150 151 137
-0.445 -0.024 -0.141 150 149 134
-0.447 -0.022 -0.144 140 148 120
-0.448 -0.021 -0.147 139 144 99
-0.449 -0.021 -0.149 156 176 105
-0.451 -0.020 -0.152 161 197 125
-0.452 -0.020 -0.154 161 199 117
-0.454 -0.019 -0.158 167 189 121
-0.456 -0.018 -0.161 179 185 134
-0.413  0.008 -0.082 163 75 72
-0.413  0.006 -0.083 172 100 86
-0.415 -0.002 -0.086 129 81 70
-0.415 -0.003 -0.087 132 110 80
-0.415 -0.007 -0.088 146 146 117
-0.416 -0.010 -0.089 114 119 105
-0.416 -0.012 -0.090 96 106 87
-0.416 -0.016 -0.090 108 123 103
-0.416 -0.020 -0.090 128 110 92
-0.416 -0.024 -0.090 112 63 60
-0.416 -0.026 -0.091 143 58 57
-0.417 -0.029 -0.092 157 63 60
-0.417 -0.032 -0.093 159 68 61
-0.417 -0.034 -0.093 164 63 61
-0.418 -0.036 -0.095 170 68 60
-0.419 -0.037 -0.096 182 92 57
-0.419 -0.038 -0.098 210 140 50
-0.420 -0.038 -0.100 227 169 51
-0.421 -0.038 -0.102 236 176 52
-0.423 -0.038 -0.104 240 172 45
-0.424 -0.037 -0.106 246 176 46
-0.425 -0.037 -0.108 248 176 51
-0.426 -0.036 -0.111 242 172 60
-0.427 -0.037 -0.113 210 116 65
-0.428 -0.038 -0.114 188 80 77
-0.429 -0.039 -0.116 190 76 81
-0.430 -0.039 -0.118 192 91 94
-0.431 -0.040 -0.119 175 90 98
-0.432 -0.040 -0.121 183 85 85
-0.433 -0.039 -0.124 161 144 92
-0.435 -0.037 -0.127 157 170 118
-0.437 -0.033 -0.132 152 151 138
-0.441 -0.025 -0.139 152 152 137
-0.443 -0.023 -0.142 145 148 128
-0.445 -0.021 -0.146 139 137 107
-0.447 -0.020 -0.149 155 174 107
-0.448 -0.019 -0.152 160 199 127
-0.450 -0.018 -0.154 161 197 120
-0.451 -0.019 -0.156 136 157 115
-0.453 -0.017 -0.160 147 147 121
-0.454 -0.016 -0.163 178 177 120
-0.411  0.009 -0.083 155 62 67
-0.411  0.006 -0.084 161 68 63
-0.412  0.003 -0.085 163 83 72
-0.412  0.001 -0.086 151 78 67
-0.413 -0.001 -0.087 131 86 73
-0.413 -0.003 -0.088 152 144 105
-0.413 -0.007 -0.089 144 125 107
-0.414 -0.009 -0.090 95 129 100
-0.414 -0.013 -0.090 68 98 87
-0.414 -0.017 -0.090 90 70 75
-0.414 -0.020 -0.091 131 122 86
-0.414 -0.023 -0.091 105 116 97
-0.414 -0.027 -0.092 104 52 35
-0.415 -0.030 -0.092 134 54 55
-0.415 -0.032 -0.093 155 64 60
-0.416 -0.034 -0.094 161 67 64
-0.416 -0.036 -0.096 164 63 60
-0.417 -0.037 -0.097 168 71 63
-0.418 -0.038 -0.099 178 82 57
-0.418 -0.039 -0.100 198 132 51
-0.420 -0.038 -0.103 226 165 53
-0.421 -0.038 -0.104 238 168 45
-0.422 -0.038 -0.107 246 172 48
-0.423 -0.037 -0.109 240 167 59
-0.424 -0.037 -0.111 209 117 61
-0.425 -0.037 -0.113 192 78 75
-0.426 -0.037 -0.115 189 78 81
-0.427 -0.038 -0.117 190 94 93
-0.428 -0.039 -0.119 179 99 109
-0.429 -0.039 -0.121 144 110 123
-0.430 -0.039 -0.123 177 78 79
-0.431 -0.038 -0.125 163 132 90
-0.433 -0.036 -0.129 161 174 114
-0.436 -0.033 -0.133 154 150 137
-0.439 -0.025 -0.140 148 148 132
-0.441 -0.022 -0.144 137 134 112
-0.443 -0.020 -0.147 145 170 100
-0.445 -0.018 -0.150 159 196 119
-0.447 -0.017 -0.154 158 198 122
-0.448 -0.017 -0.156 171 185 119
-0.449 -0.017 -0.158 162 184 115
-0.451 -0.016 -0.161 157 178 110
-0.453 -0.014 -0.165 174 179 114
-0.409  0.009 -0.084 153 96 80
-0.410  0.006 -0.085 156 62 61
-0.410  0.004 -0.086 160 64 63
-0.411  0.002 -0.087 144 70 66
-0.411 -0.000 -0.088 144 111 82
-0.412 -0.003 -0.089 155 150 109
-0.412 -0.007 -0.090 132 142 108
-0.412 -0.010 -0.090 91 122 105
-0.412 -0.012 -0.091 77 124 114
-0.412 -0.017 -0.091 84 97 93
-0.412 -0.020 -0.092 148 137 98
-0.413 -0.023 -0.092 147 145 112
-0.413 -0.027 -0.093 91 54 53
-0.413 -0.029 -0.094 86 44 39
-0.413 -0.031 -0.095 110 59 54
-0.414 -0.033 -0.096 145 60 57
-0.414 -0.036 -0.097 158 64 61
-0.415 -0.037 -0.098 163 67 64
-0.416 -0.037 -0.100 165 71 65
-0.417 -0.038 -0.101 173 76 62
-0.418 -0.039 -0.103 190 122 58
-0.419 -0.039 -0.105 225 156 53
-0.420 -0.038 -0.107 235 164 58
-0.421 -0.037 -0.110 209 115 61
-0.423 -0.037 -0.112 192 78 72
-0.424 -0.037 -0.114 189 78 80
-0.425 -0.037 -0.116 194 93 93
-0.426 -0.037 -0.118 180 100 114
-0.427 -0.038 -0.120 167 147 138
-0.428 -0.038 -0.122 143 136 129
-0.429 -0.037 -0.125 179 74 73
-0.430 -0.037 -0.127 165 115 85
-0.432 -0.035 -0.130 163 178 112
-0.434 -0.033 -0.134 149 151 134
-0.438 -0.024 -0.141 134 140 115
-0.440 -0.021 -0.145 145 167 94
-0.442 -0.019 -0.149 153 190 106
-0.443 -0.018 -0.152 157 189 110
-0.445 -0.017 -0.155 133 174 114
-0.446 -0.017 -0.157 143 141 134
-0.448 -0.016 -0.160 159 177 113
-0.449 -0.015 -0.163 158 176 107
-0.451 -0.013 -0.166 176 176 112
-0.407  0.009 -0.085 158 117 95
-0.408  0.006 -0.086 160 65 68
-0.408  0.005 -0.087 162 99 76
-0.409  0.002 -0.088 141 67 72
-0.409 -0.001 -0.089 145 117 87
-0.410 -0.003 -0.090 149 142 109
-0.410 -0.008 -0.090 108 133 117
-0.410 -0.010 -0.091 77 119 110
-0.410 -0.013 -0.092 97 123 109
-0.410 -0.017 -0.092 87 122 103
-0.411 -0.020 -0.093 152 151 110
-0.411 -0.023 -0.093 167 159 115
-0.411 -0.026 -0.094 92 85 77
-0.412 -0.028 -0.095 61 49 30
-0.412 -0.030 -0.096 71 53 36
-0.412 -0.033 -0.097 93 57 42
-0.413 -0.035 -0.098 131 57 58
-0.413 -0.036 -0.099 153 67 63
-0.414 -0.037 -0.101 161 75 69
-0.415 -0.038 -0.102 169 80 77
-0.416 -0.038 -0.104 169 79 89
-0.417 -0.039 -0.106 186 102 69
-0.418 -0.038 -0.108 196 99 56
-0.420 -0.037 -0.111 189 77 72
-0.421 -0.036 -0.113 190 77 81
-0.422 -0.036 -0.116 194 86 92
-0.423 -0.036 -0.118 183 99 114
-0.424 -0.036 -0.120 165 147 143
-0.425 -0.037 -0.122 155 151 140
-0.426 -0.036 -0.124 150 145 128
-0.428 -0.036 -0.127 168 72 75
-0.429 -0.035 -0.129 165 102 86
-0.431 -0.033 -0.132 164 178 110
-0.433 -0.030 -0.136 131 152 118
-0.436 -0.023 -0.143 142 164 90
-0.438 -0.021 -0.146 153 187 102
-0.440 -0.019 -0.150 154 189 112
-0.442 -0.017 -0.153 170 176 113
-0.443 -0.016 -0.156 159 173 100
-0.445 -0.016 -0.159 144 167 108
-0.446 -0.014 -0.162 143 165 103
-0.448 -0.013 -0.165 153 173 105
-0.450 -0.011 -0.169 179 176 115
-0.406  0.009 -0.086 163 82 82
-0.406  0.007 -0.087 162 66 70
-0.406  0.004 -0.088 157 62 66
-0.407  0.001 -0.089 150 64 66
-0.407 -0.001 -0.090 143 105 81
-0.407 -0.005 -0.090 135 123 102
-0.407 -0.009 -0.091 84 91 94
-0.408 -0.012 -0.091 80 71 54
-0.408 -0.014 -0.092 91 98 76
-0.408 -0.018 -0.093 89 126 104
-0.409 -0.020 -0.094 153 149 109
-0.409 -0.023 -0.094 166 160 116
-0.410 -0.025 -0.095 95 107 99
-0.410 -0.028 -0.096 60 45 25
-0.410 -0.030 -0.097 61 53 30
-0.411 -0.033 -0.098 63 49 36
-0.411 -0.034 -0.099 83 52 45
-0.412 -0.036 -0.100 109 61 56
-0.413 -0.037 -0.102 145 62 64
-0.413 -0.038 -0.103 161 115 98
-0.414 -0.038 -0.105 193 145 132
-0.415 -0.038 -0.107 195 116 96
-0.416 -0.038 -0.109 184 68 68
-0.418 -0.037 -0.112 205 100 85
-0.419 -0.036 -0.114 198 89 102
-0.420 -0.036 -0.117 185 97 112
-0.421 -0.036 -0.119 168 145 136
-0.423 -0.035 -0.121 154 151 145
-0.424 -0.036 -0.123 150 149 140
-0.425 -0.035 -0.126 153 146 126
-0.426 -0.034 -0.129 152 77 82
-0.428 -0.033 -0.131 168 95 88
-0.429 -0.031 -0.134 164 170 99
-0.431 -0.028 -0.138 150 175 100
-0.435 -0.022 -0.144 153 185 102
-0.437 -0.020 -0.148 156 185 103
-0.438 -0.017 -0.152 132 175 111
-0.440 -0.016 -0.155 120 133 131
-0.442 -0.014 -0.158 115 127 95
-0.443 -0.015 -0.160 102 104 74
-0.445 -0.012 -0.164 108 106 76
-0.446 -0.012 -0.167 140 147 92
-0.448 -0.010 -0.170 147 159 111
-0.403  0.012 -0.086 164 91 82
-0.404  0.009 -0.087 155 75 71
-0.404  0.006 -0.088 148 61 69
-0.404  0.003 -0.088 141 58 68
-0.405 -0.000 -0.089 137 61 65
-0.405 -0.004 -0.090 135 80 71
-0.405 -0.007 -0.090 135 117 92
-0.405 -0.011 -0.091 110 102 92
-0.406 -0.013 -0.092 75 65 61
-0.406 -0.016 -0.092 64 67 67
-0.406 -0.018 -0.093 83 108 91
-0.407 -0.021 -0.094 153 152 108
-0.407 -0.023 -0.095 166 156 116
-0.408 -0.025 -0.096 97 115 106
-0.408 -0.027 -0.097 53 38 44
-0.409 -0.030 -0.098 48 44 58
-0.409 -0.032 -0.099 48 49 59
-0.410 -0.033 -0.100 53 48 45
-0.410 -0.035 -0.102 73 54 36
-0.411 -0.036 -0.103 91 57 50
-0.412 -0.037 -0.105 127 65 62
-0.413 -0.038 -0.106 170 75 73
-0.414 -0.038 -0.108 174 84 81
-0.415 -0.038 -0.110 178 67 74
-0.416 -0.036 -0.113 202 76 89
-0.418 -0.035 -0.116 190 96 116
-0.419 -0.035 -0.118 172 147 133
-0.420 -0.033 -0.121 155 153 143
-0.421 -0.034 -0.123 153 150 139
-0.423 -0.033 -0.126 148 146 136
-0.424 -0.032 -0.128 152 145 126
-0.425 -0.031 -0.131 139 90 89
-0.427 -0.031 -0.133 168 89 84
-0.428 -0.029 -0.136 162 158 91
-0.430 -0.026 -0.140 155 183 102
-0.433 -0.021 -0.146 150 181 108
-0.435 -0.019 -0.149 163 168 107
-0.437 -0.016 -0.153 154 147 89
-0.439 -0.015 -0.156 119 106 81
-0.440 -0.013 -0.160 83 78 66
-0.441 -0.014 -0.162 68 74 67
-0.443 -0.011 -0.166 87 79 62
-0.445 -0.011 -0.169 119 111 77
-0.447 -0.009 -0.172 109 111 95
-0.401  0.015 -0.086 151 94 95
-0.401  0.012 -0.087 132 85 88
-0.402  0.008 -0.088 121 96 91
-0.402  0.006 -0.089 112 104 99
-0.402  0.003 -0.089 109 101 98
-0.403 -0.001 -0.090 111 86 89
-0.403 -0.004 -0.090 125 67 74
-0.403 -0.008 -0.091 135 89 72
-0.403 -0.011 -0.092 131 117 95
-0.404 -0.014 -0.092 106 100 89
-0.404 -0.016 -0.093 66 61 67
-0.404 -0.019 -0.094 87 100 86
-0.405 -0.021 -0.095 152 160 116
-0.405 -0.023 -0.096 165 155 116
-0.406 -0.025 -0.097 138 134 109
-0.407 -0.026 -0.099 135 114 81
-0.407 -0.029 -0.099 135 128 94
-0.407 -0.031 -0.100 138 125 94
-0.408 -0.033 -0.101 131 106 79
-0.409 -0.035 -0.103 81 77 59
-0.409 -0.036 -0.104 60 42 51
-0.410 -0.037 -0.106 81 46 34
-0.411 -0.037 -0.108 101 53 43
-0.412 -0.038 -0.109 151 60 62
-0.413 -0.037 -0.112 175 66 71
-0.415 -0.035 -0.115 190 83 91
-0.416 -0.034 -0.117 175 139 121
-0.418 -0.032 -0.121 155 153 143
-0.419 -0.031 -0.123 150 151 141
-0.420 -0.031 -0.125 150 146 136
-0.421 -0.030 -0.128 147 143 132
-0.423 -0.030 -0.130 148 137 123
-0.424 -0.029 -0.133 137 82 93
-0.426 -0.028 -0.136 171 83 84
-0.427 -0.027 -0.139 163 141 91
-0.429 -0.025 -0.142 155 181 106
-0.432 -0.019 -0.148 138 175 113
-0.434 -0.017 -0.152 118 147 131
-0.435 -0.015 -0.155 103 112 101
-0.437 -0.013 -0.159 82 79 70
-0.439 -0.011 -0.162 68 65 55
-0.440 -0.012 -0.164 67 73 62
-0.442 -0.008 -0.169 75 76 64
-0.444 -0.008 -0.171 88 87 70
-0.445 -0.007 -0.174 95 94 90
-0.398  0.017 -0.086 119 128 115
-0.399  0.014 -0.087 102 123 128
-0.399  0.011 -0.088 89 131 137
-0.400  0.009 -0.089 83 138 141
-0.400  0.005 -0.089 77 145 148
-0.400  0.001 -0.090 80 148 152
-0.401 -0.001 -0.091 87 142 150
-0.401 -0.005 -0.091 100 98 115
-0.401 -0.008 -0.092 127 66 71
-0.401 -0.012 -0.092 138 88 75
-0.402 -0.015 -0.093 129 114 93
-0.402 -0.018 -0.094 91 96 91
-0.403 -0.019 -0.095 113 102 90
-0.403 -0.021 -0.096 152 158 119
-0.404 -0.023 -0.097 155 154 118
-0.404 -0.025 -0.098 138 148 116
-0.405 -0.026 -0.100 129 143 115
-0.405 -0.029 -0.100 131 143 116
-0.406 -0.030 -0.102 151 152 115
-0.407 -0.032 -0.103 162 164 119
-0.407 -0.034 -0.104 149 148 112
-0.408 -0.035 -0.105 112 104 82
-0.409 -0.036 -0.107 69 37 53
-0.409 -0.037 -0.109 70 36 33
-0.410 -0.037 -0.110 143 56 57
-0.412 -0.036 -0.113 172 70 75
-0.413 -0.035 -0.116 178 100 103
-0.415 -0.033 -0.119 162 153 142
-0.416 -0.030 -0.122 151 151 142
-0.418 -0.029 -0.125 151 145 136
-0.419 -0.028 -0.128 147 142 132
-0.420 -0.028 -0.130 147 139 129
-0.422 -0.027 -0.133 135 112 109
-0.423 -0.026 -0.136 163 76 81
-0.424 -0.025 -0.138 188 93 98
-0.426 -0.025 -0.141 169 118 96
-0.428 -0.022 -0.145 161 169 108
-0.430 -0.018 -0.149 156 136 98
-0.432 -0.016 -0.153 108 122 82
-0.434 -0.014 -0.156 73 76 66
-0.435 -0.013 -0.160 66 57 54
-0.437 -0.010 -0.164 62 63 55
-0.438 -0.010 -0.166 60 50 41
-0.440 -0.008 -0.170 65 51 39
-0.442 -0.007 -0.173 74 66 56
-0.444 -0.006 -0.176 102 98 84
-0.395  0.020 -0.084 119 141 130
-0.396  0.018 -0.085 95 141 138
-0.396  0.015 -0.086 79 140 141
-0.397  0.014 -0.088 74 145 149
-0.397  0.012 -0.089 71 151 156
-0.398  0.009 -0.090 69 154 159
-0.398  0.005 -0.090 66 159 165
-0.399  0.002 -0.091 68 158 168
-0.399 -0.001 -0.092 70 153 163
-0.399 -0.005 -0.092 76 134 144
-0.399 -0.009 -0.092 95 104 110
-0.399 -0.012 -0.093 116 88 82
-0.400 -0.015 -0.094 137 82 81
-0.400 -0.017 -0.095 121 108 87
-0.401 -0.019 -0.096 114 126 87
-0.401 -0.022 -0.097 144 150 113
-0.402 -0.023 -0.098 155 148 112
-0.403 -0.024 -0.099 130 132 106
-0.403 -0.027 -0.100 102 108 93
-0.404 -0.028 -0.101 104 100 83
-0.404 -0.030 -0.103 115 101 83
-0.405 -0.032 -0.104 104 110 92
-0.405 -0.034 -0.105 129 134 116
-0.406 -0.035 -0.106 151 154 113
-0.407 -0.036 -0.108 110 106 93
-0.408 -0.036 -0.110 90 38 46
-0.409 -0.036 -0.112 146 60 65
-0.410 -0.035 -0.114 172 68 84
-0.411 -0.034 -0.117 171 130 118
-0.413 -0.033 -0.120 155 149 141
-0.415 -0.029 -0.124 151 149 137
-0.417 -0.027 -0.127 149 147 133
-0.418 -0.027 -0.130 146 137 129
-0.419 -0.025 -0.133 136 120 112
-0.421 -0.025 -0.135 158 80 86
-0.422 -0.023 -0.138 188 87 85
-0.423 -0.023 -0.141 197 86 91
-0.425 -0.021 -0.144 180 97 100
-0.427 -0.019 -0.147 145 169 124
-0.429 -0.015 -0.152 118 139 115
-0.431 -0.014 -0.155 104 87 64
-0.432 -0.013 -0.158 89 86 64
-0.434 -0.012 -0.161 66 63 57
-0.435 -0.010 -0.165 51 46 42
-0.437 -0.009 -0.167 52 44 39
-0.439 -0.007 -0.171 64 59 49
-0.440 -0.006 -0.174 77 72 60
-0.442 -0.005 -0.178 108 100 82
-0.392  0.024 -0.083 124 143 125
-0.392  0.021 -0.084 96 141 134
-0.393  0.019 -0.084 82 143 143
-0.394  0.017 -0.086 83 152 153
-0.394  0.015 -0.087 83 159 157
-0.395  0.013 -0.088 69 151 160
-0.395  0.011 -0.090 67 156 163
-0.396  0.009 -0.091 67 157 166
-0.397  0.006 -0.092 64 155 165
-0.397  0.004 -0.093 65 152 160
-0.397  0.000 -0.093 66 151 157
-0.398 -0.003 -0.094 67 147 153
-0.398 -0.007 -0.094 72 142 143
-0.398 -0.011 -0.094 84 128 126
-0.398 -0.015 -0.095 108 97 100
-0.399 -0.017 -0.096 131 80 85
-0.399 -0.020 -0.096 123 103 84
-0.399 -0.022 -0.097 135 133 104
-0.400 -0.023 -0.099 130 138 113
-0.401 -0.025 -0.100 96 119 109
-0.401 -0.027 -0.101 65 77 87
-0.402 -0.028 -0.102 99 58 48
-0.403 -0.030 -0.104 84 82 70
-0.403 -0.032 -0.105 80 118 97
-0.404 -0.033 -0.106 128 92 82
-0.404 -0.034 -0.107 156 146 98
-0.405 -0.035 -0.109 147 150 117
-0.406 -0.036 -0.111 123 68 65
-0.407 -0.036 -0.113 156 61 68
-0.408 -0.035 -0.115 167 76 91
-0.410 -0.033 -0.118 160 144 132
-0.411 -0.032 -0.121 151 146 136
-0.413 -0.028 -0.125 149 142 132
-0.415 -0.026 -0.129 147 139 130
-0.417 -0.025 -0.132 136 122 112
-0.418 -0.023 -0.135 158 84 85
-0.419 -0.022 -0.138 187 86 86
-0.421 -0.020 -0.141 194 85 90
-0.422 -0.020 -0.143 198 85 88
-0.424 -0.019 -0.146 179 87 84
-0.426 -0.016 -0.150 140 141 88
-0.427 -0.014 -0.154 84 89 76
-0.429 -0.013 -0.157 77 80 62
-0.430 -0.012 -0.160 71 84 59
-0.432 -0.011 -0.162 56 51 38
-0.434 -0.009 -0.166 50 46 34
-0.435 -0.008 -0.169 63 62 52
-0.437 -0.006 -0.173 74 71 64
-0.439 -0.005 -0.176 83 78 69
-0.440 -0.003 -0.180 103 93 80
-0.389  0.029 -0.081 140 149 122
-0.389  0.025 -0.082 108 140 130
-0.390  0.023 -0.083 85 140 138
-0.390  0.020 -0.084 84 147 146
-0.391  0.017 -0.085 103 156 159
-0.391  0.014 -0.086 90 173 170
-0.392  0.013 -0.087 75 159 166
-0.393  0.011 -0.089 67 155 168
-0.394  0.011 -0.091 67 158 168
-0.394  0.009 -0.092 72 158 166
-0.395  0.007 -0.093 68 152 157
-0.395  0.005 -0.094 68 149 154
-0.396  0.002 -0.095 68 151 155
-0.396 -0.002 -0.095 70 149 151
-0.396 -0.005 -0.096 82 151 149
-0.396 -0.011 -0.095 84 149 136
-0.396 -0.014 -0.096 80 134 136
-0.397 -0.018 -0.096 96 110 119
-0.397 -0.019 -0.097 121 90 87
-0.398 -0.022 -0.098 132 103 90
-0.398 -0.024 -0.099 129 119 96
-0.399 -0.025 -0.101 112 116 92
-0.399 -0.027 -0.102 64 68 70
-0.400 -0.029 -0.103 84 63 57
-0.401 -0.030 -0.104 65 67 64
-0.401 -0.031 -0.106 76 110 89
-0.402 -0.033 -0.107 144 122 100
-0.403 -0.033 -0.109 161 160 124
-0.404 -0.034 -0.110 157 154 118
-0.405 -0.035 -0.112 145 76 80
-0.406 -0.035 -0.114 166 61 69
-0.407 -0.034 -0.117 170 85 97
-0.408 -0.032 -0.120 157 151 140
-0.410 -0.031 -0.123 146 141 130
-0.412 -0.027 -0.127 150 136 126
-0.414 -0.024 -0.131 140 117 114
-0.415 -0.022 -0.134 157 85 89
-0.417 -0.020 -0.137 188 86 85
-0.419 -0.019 -0.140 198 83 89
-0.420 -0.017 -0.144 194 79 86
-0.421 -0.017 -0.146 186 84 85
-0.423 -0.016 -0.149 163 81 75
-0.424 -0.014 -0.152 109 97 74
-0.426 -0.013 -0.155 65 57 49
-0.427 -0.011 -0.159 64 63 45
-0.429 -0.012 -0.161 52 52 40
-0.430 -0.010 -0.164 46 47 35
-0.432 -0.009 -0.167 62 63 49
-0.434 -0.007 -0.171 84 73 68
-0.436 -0.005 -0.175 92 104 85
-0.437 -0.004 -0.178 100 101 88
-0.438 -0.003 -0.181 111 96 85
-0.386  0.030 -0.080 131 147 124
-0.387  0.027 -0.081 101 146 133
-0.387  0.024 -0.082 87 144 142
-0.388  0.021 -0.083 83 153 151
-0.388  0.018 -0.084 90 171 161
-0.388  0.015 -0.085 92 156 168
-0.389  0.012 -0.086 76 163 170
-0.390  0.011 -0.087 68 159 171
-0.390  0.009 -0.089 85 170 174
-0.392  0.011 -0.091 135 193 179
-0.393  0.010 -0.093 144 193 180
-0.393  0.009 -0.095 117 178 168
-0.394  0.007 -0.096 81 152 157
-0.394  0.004 -0.097 71 148 152
-0.395  0.000 -0.097 85 152 144
-0.395 -0.003 -0.098 135 167 132
-0.395 -0.009 -0.097 113 161 110
-0.395 -0.014 -0.097 88 150 139
-0.395 -0.017 -0.097 81 140 138
-0.395 -0.020 -0.098 91 125 127
-0.396 -0.022 -0.099 113 98 97
-0.396 -0.024 -0.100 135 89 87
-0.397 -0.026 -0.101 130 115 93
-0.398 -0.028 -0.102 115 114 92
-0.398 -0.029 -0.104 95 91 74
-0.399 -0.030 -0.105 59 48 66
-0.400 -0.031 -0.107 69 95 79
-0.400 -0.033 -0.108 148 140 107
-0.401 -0.032 -0.110 164 159 124
-0.402 -0.033 -0.112 153 142 110
-0.403 -0.034 -0.114 154 71 75
-0.404 -0.033 -0.116 173 63 71
-0.406 -0.032 -0.118 169 105 99
-0.407 -0.031 -0.121 152 143 135
-0.408 -0.029 -0.125 148 136 125
-0.411 -0.025 -0.129 143 117 111
-0.412 -0.023 -0.133 161 81 88
-0.414 -0.020 -0.136 189 84 87
-0.416 -0.017 -0.140 200 86 93
-0.417 -0.016 -0.143 198 84 86
-0.419 -0.014 -0.146 186 80 83
-0.420 -0.014 -0.149 172 69 75
-0.422 -0.013 -0.151 123 70 62
-0.423 -0.012 -0.154 75 55 41
-0.424 -0.012 -0.157 58 44 38
-0.426 -0.011 -0.160 48 50 54
-0.427 -0.011 -0.162 44 43 41
-0.428 -0.010 -0.165 67 74 56
-0.430 -0.008 -0.169 86 80 73
-0.431 -0.008 -0.171 90 93 92
-0.433 -0.005 -0.175 99 107 100
-0.435 -0.004 -0.178 112 107 97
-0.437 -0.003 -0.182 133 109 91
-0.383  0.031 -0.080 126 145 126
-0.384  0.027 -0.080 92 141 135
-0.384  0.024 -0.081 76 142 142
-0.385  0.022 -0.083 78 146 144
-0.385  0.019 -0.083 88 154 145
-0.386  0.017 -0.085 87 160 152
-0.386  0.012 -0.085 74 152 164
-0.387  0.010 -0.086 69 158 171
-0.387  0.009 -0.087 72 162 171
-0.388  0.008 -0.089 98 179 179
-0.390  0.009 -0.092 137 206 199
-0.391  0.012 -0.095 140 209 202
-0.392  0.011 -0.096 115 187 187
-0.393  0.009 -0.098 82 154 160
-0.393  0.008 -0.099 73 153 152
-0.394  0.004 -0.100 87 156 140
-0.394 -0.000 -0.100 124 162 122
-0.393 -0.008 -0.098 126 160 121
-0.393 -0.012 -0.099 142 167 125
-0.393 -0.017 -0.098 101 154 125
-0.393 -0.020 -0.099 76 152 149
-0.394 -0.023 -0.100 85 134 131
-0.394 -0.025 -0.100 104 100 109
-0.395 -0.026 -0.102 132 78 87
-0.396 -0.028 -0.103 133 108 86
-0.396 -0.029 -0.105 125 123 96
-0.397 -0.031 -0.106 98 89 89
-0.398 -0.031 -0.108 88 78 92
-0.399 -0.032 -0.109 151 151 117
-0.400 -0.032 -0.111 159 153 118
-0.401 -0.032 -0.113 146 131 103
-0.402 -0.032 -0.116 158 63 69
-0.403 -0.032 -0.117 176 66 76
-0.404 -0.031 -0.120 165 120 106
-0.406 -0.029 -0.123 149 134 124
-0.407 -0.028 -0.126 144 112 109
-0.409 -0.024 -0.130 162 80 88
-0.411 -0.021 -0.134 189 78 88
-0.413 -0.018 -0.138 201 83 95
-0.415 -0.015 -0.142 200 82 88
-0.416 -0.013 -0.146 188 82 83
-0.418 -0.012 -0.149 177 69 73
-0.419 -0.011 -0.151 155 61 65
-0.420 -0.010 -0.154 97 46 38
-0.422 -0.010 -0.157 52 37 30
-0.423 -0.010 -0.159 50 49 36
-0.424 -0.010 -0.161 45 45 41
-0.425 -0.010 -0.164 53 53 51
-0.427 -0.009 -0.167 73 81 76
-0.428 -0.008 -0.170 86 99 91
-0.430 -0.006 -0.173 98 113 106
-0.431 -0.006 -0.176 109 116 109
-0.433 -0.004 -0.179 112 110 106
-0.380  0.029 -0.078 126 146 124
-0.381  0.027 -0.079 89 138 134
-0.381  0.024 -0.080 72 137 137
-0.382  0.023 -0.082 82 140 132
-0.383  0.020 -0.083 112 147 118
-0.383  0.017 -0.084 135 153 106
-0.384  0.015 -0.085 121 148 115
-0.384  0.011 -0.085 85 151 145
-0.385  0.008 -0.086 71 157 166
-0.385  0.007 -0.088 73 155 160
-0.386  0.006 -0.089 86 161 165
-0.388  0.008 -0.092 96 170 171
-0.389  0.011 -0.095 96 171 171
-0.390  0.011 -0.097 90 163 167
-0.391  0.010 -0.099 79 154 157
-0.392  0.009 -0.101 75 153 152
-0.392  0.005 -0.101 83 148 144
-0.392  0.001 -0.101 118 155 132
-0.392 -0.006 -0.100 154 167 117
-0.392 -0.011 -0.100 140 163 108
-0.391 -0.017 -0.099 124 161 132
-0.392 -0.020 -0.100 131 162 136
-0.392 -0.023 -0.100 91 152 143
-0.392 -0.026 -0.101 78 137 146
-0.393 -0.028 -0.102 99 99 117
-0.394 -0.029 -0.104 123 75 83
-0.395 -0.030 -0.105 140 87 77
-0.395 -0.030 -0.107 125 106 93
-0.396 -0.031 -0.109 112 92 96
-0.397 -0.031 -0.111 142 128 105
-0.398 -0.031 -0.113 149 141 110
-0.399 -0.031 -0.115 140 109 92
-0.400 -0.031 -0.117 164 61 68
-0.401 -0.030 -0.119 178 71 86
-0.403 -0.030 -0.122 160 126 114
-0.404 -0.028 -0.125 141 109 107
-0.406 -0.026 -0.128 161 80 86
-0.408 -0.023 -0.132 187 74 86
-0.409 -0.020 -0.136 199 81 97
-0.411 -0.017 -0.140 198 80 88
-0.413 -0.013 -0.144 194 84 84
-0.415 -0.012 -0.147 180 73 83
-0.416 -0.011 -0.150 168 62 70
-0.418 -0.010 -0.153 119 52 59
-0.419 -0.009 -0.156 67 35 30
-0.420 -0.009 -0.158 45 35 29
-0.421 -0.009 -0.161 42 39 32
-0.422 -0.010 -0.162 45 40 36
-0.423 -0.009 -0.165 67 67 58
-0.425 -0.008 -0.168 96 86 75
-0.426 -0.009 -0.170 108 108 94
-0.428 -0.005 -0.175 117 121 107
-0.429 -0.006 -0.177 121 115 104
-0.431 -0.003 -0.181 122 109 106
-0.377  0.027 -0.076 130 147 122
-0.378  0.024 -0.077 91 139 132
-0.378  0.023 -0.079 74 136 136
-0.379  0.020 -0.080 77 136 131
-0.380  0.019 -0.081 112 141 109
-0.381  0.018 -0.083 163 152 79
-0.381  0.016 -0.084 184 156 67
-0.382  0.014 -0.085 165 153 84
-0.382  0.008 -0.085 113 152 126
-0.382  0.007 -0.086 74 155 165
-0.383  0.005 -0.088 68 152 160
-0.384  0.005 -0.090 71 149 155
-0.385  0.007 -0.093 73 151 154
-0.387  0.010 -0.096 73 151 155
-0.388  0.010 -0.098 76 150 155
-0.389  0.010 -0.100 74 151 153
-0.390  0.009 -0.102 75 151 148
-0.391  0.007 -0.103 79 147 143
-0.391  0.002 -0.103 97 152 142
-0.390 -0.005 -0.102 121 158 129
-0.390 -0.010 -0.101 113 159 132
-0.390 -0.016 -0.101 125 167 121
-0.390 -0.020 -0.101 123 157 127
-0.390 -0.023 -0.101 83 155 159
-0.391 -0.026 -0.102 75 158 165
-0.391 -0.028 -0.103 139 152 155
-0.392 -0.029 -0.104 122 123 123
-0.393 -0.029 -0.106 122 74 77
-0.394 -0.030 -0.108 131 70 78
-0.395 -0.030 -0.110 135 82 76
-0.396 -0.031 -0.112 136 102 93
-0.397 -0.030 -0.114 135 109 92
-0.398 -0.030 -0.116 154 77 74
-0.399 -0.030 -0.118 176 63 71
-0.400 -0.029 -0.121 181 75 95
-0.401 -0.029 -0.123 148 99 103
-0.402 -0.027 -0.126 154 77 82
-0.404 -0.026 -0.129 186 71 84
-0.406 -0.023 -0.133 198 80 92
-0.408 -0.019 -0.137 197 82 88
-0.409 -0.016 -0.141 192 84 88
-0.411 -0.013 -0.145 193 80 90
-0.413 -0.011 -0.149 180 71 85
-0.415 -0.009 -0.152 158 56 66
-0.416 -0.009 -0.155 99 36 37
-0.417 -0.007 -0.158 54 35 25
-0.419 -0.007 -0.160 44 39 27
-0.419 -0.008 -0.162 38 36 26
-0.421 -0.009 -0.164 49 42 36
-0.422 -0.008 -0.167 71 71 66
-0.423 -0.008 -0.169 97 84 86
-0.425 -0.007 -0.172 116 117 99
-0.426 -0.004 -0.176 112 122 108
-0.428 -0.004 -0.179 111 122 106
-0.430 -0.002 -0.183 139 132 106
-0.375  0.026 -0.077 119 145 124
-0.375  0.022 -0.077 83 136 132
-0.376  0.021 -0.079 71 133 134
-0.377  0.019 -0.080 86 134 123
-0.378  0.018 -0.082 137 144 90
-0.378  0.017 -0.083 187 156 55
-0.379  0.014 -0.084 200 157 52
-0.380  0.012 -0.086 183 161 73
-0.380  0.008 -0.086 125 156 121
-0.380  0.005 -0.087 73 157 168
-0.381  0.004 -0.088 63 152 163
-0.382  0.005 -0.091 65 146 154
-0.384  0.006 -0.093 66 148 154
-0.385  0.010 -0.097 68 148 156
-0.386  0.010 -0.099 70 150 154
-0.387  0.011 -0.102 71 151 153
-0.388  0.010 -0.103 70 151 153
-0.389  0.007 -0.104 71 150 151
-0.389  0.003 -0.104 75 153 155
-0.388 -0.005 -0.103 80 155 152
-0.389 -0.009 -0.103 84 157 154
-0.388 -0.015 -0.102 92 160 145
-0.388 -0.019 -0.102 85 158 151
-0.389 -0.023 -0.102 74 159 166
-0.389 -0.026 -0.103 75 161 172
-0.389 -0.028 -0.104 124 175 176
-0.390 -0.029 -0.105 93 152 158
-0.391 -0.030 -0.107 91 127 125
-0.392 -0.030 -0.109 104 93 107
-0.393 -0.030 -0.111 129 57 65
-0.394 -0.030 -0.113 135 67 68
-0.395 -0.030 -0.115 143 69 68
-0.396 -0.030 -0.117 168 67 69
-0.397 -0.030 -0.119 189 73 69
-0.398 -0.029 -0.122 188 93 86
-0.399 -0.028 -0.124 167 72 86
-0.401 -0.027 -0.127 180 68 77
-0.402 -0.026 -0.130 194 79 94
-0.404 -0.024 -0.133 196 79 88
-0.406 -0.019 -0.138 193 83 84
-0.408 -0.015 -0.143 189 85 94
-0.410 -0.012 -0.147 191 89 104
-0.411 -0.010 -0.150 186 84 89
-0.413 -0.007 -0.154 134 54 66
-0.414 -0.008 -0.156 84 32 29
-0.416 -0.006 -0.159 58 44 27
-0.417 -0.006 -0.162 43 38 23
-0.418 -0.007 -0.163 41 33 23
-0.419 -0.008 -0.166 59 51 38
-0.420 -0.008 -0.168 82 77 70
-0.422 -0.006 -0.171 95 93 101
-0.423 -0.005 -0.174 105 114 106
-0.425 -0.003 -0.178 112 123 108
-0.426 -0.002 -0.181 126 123 110
-0.373  0.020 -0.078 115 141 125
-0.374  0.019 -0.079 87 132 128
-0.375  0.017 -0.080 84 130 118
-0.376  0.016 -0.082 132 141 88
-0.376  0.015 -0.084 186 154 59
-0.377  0.013 -0.085 198 156 60
-0.378  0.012 -0.086 171 157 82
-0.378  0.006 -0.086 111 152 130
-0.378  0.004 -0.087 71 153 170
-0.379  0.003 -0.089 62 147 159
-0.380  0.004 -0.091 61 145 153
-0.381  0.005 -0.094 63 146 154
-0.383  0.008 -0.097 65 146 155
-0.384  0.009 -0.100 68 149 154
-0.385  0.011 -0.102 68 152 155
-0.386  0.009 -0.104 67 152 157
-0.387  0.007 -0.105 67 152 156
-0.387  0.002 -0.105 67 154 159
-0.387 -0.005 -0.104 67 157 162
-0.387 -0.009 -0.104 68 157 163
-0.387 -0.015 -0.103 71 158 164
-0.387 -0.019 -0.103 69 160 167
-0.387 -0.023 -0.103 69 161 169
-0.387 -0.026 -0.104 70 161 169
-0.388 -0.028 -0.105 82 162 167
-0.389 -0.029 -0.106 75 152 158
-0.389 -0.029 -0.108 81 158 156
-0.390 -0.030 -0.110 89 150 154
-0.391 -0.030 -0.112 110 72 91
-0.392 -0.030 -0.114 133 53 56
-0.393 -0.030 -0.116 154 60 61
-0.394 -0.030 -0.118 176 70 76
-0.395 -0.029 -0.120 176 67 80
-0.396 -0.030 -0.122 175 100 82
-0.398 -0.028 -0.125 187 74 89
-0.399 -0.027 -0.128 191 70 78
-0.400 -0.026 -0.131 192 77 90
-0.402 -0.023 -0.135 194 80 87
-0.404 -0.018 -0.140 191 84 89
-0.406 -0.014 -0.144 192 109 102
-0.408 -0.011 -0.148 192 110 103
-0.410 -0.009 -0.152 188 92 86
-0.411 -0.007 -0.155 116 63 67
-0.413 -0.006 -0.158 68 38 29
-0.414 -0.006 -0.161 60 48 28
-0.415 -0.006 -0.163 45 34 24
-0.416 -0.006 -0.165 45 31 25
-0.417 -0.006 -0.167 68 57 46
-0.418 -0.007 -0.170 95 82 71
-0.420 -0.005 -0.173 97 101 97
-0.421 -0.004 -0.176 107 113 105
-0.423 -0.002 -0.180 117 112 111
-0.425 -0.001 -0.183 150 130 114
-0.372  0.020 -0.080 127 137 119
-0.373  0.017 -0.081 96 127 117
-0.374  0.016 -0.083 110 129 101
-0.374  0.015 -0.084 148 144 86
-0.375  0.011 -0.085 153 150 92
-0.376  0.010 -0.087 124 145 115
-0.376  0.006 -0.087 80 141 144
-0.376  0.002 -0.087 66 143 156
-0.377  0.001 -0.089 61 142 152
-0.378  0.002 -0.091 60 143 150
-0.379  0.003 -0.094 63 144 152
-0.381  0.007 -0.097 65 146 152
-0.382  0.007 -0.100 65 147 154
-0.383  0.007 -0.102 65 150 155
-0.384  0.006 -0.103 67 151 156
-0.385  0.004 -0.105 67 153 156
-0.385  0.001 -0.105 66 154 160
-0.385 -0.005 -0.104 66 156 163
-0.385 -0.009 -0.104 66 157 166
-0.385 -0.015 -0.104 66 158 168
-0.385 -0.019 -0.104 65 159 170
-0.385 -0.022 -0.104 65 161 170
-0.385 -0.026 -0.105 64 159 165
-0.386 -0.027 -0.106 66 153 159
-0.387 -0.028 -0.108 72 153 155
-0.388 -0.029 -0.109 79 159 160
-0.389 -0.030 -0.111 80 166 175
-0.390 -0.029 -0.113 93 104 133
-0.391 -0.029 -0.115 139 54 59
-0.392 -0.029 -0.117 166 66 70
-0.393 -0.029 -0.119 178 75 88
-0.394 -0.028 -0.122 163 75 106
-0.395 -0.029 -0.124 162 70 67
-0.396 -0.028 -0.126 176 63 71
-0.397 -0.026 -0.130 180 63 71
-0.399 -0.025 -0.132 184 75 83
-0.400 -0.022 -0.136 191 83 87
-0.403 -0.017 -0.141 186 82 92
-0.404 -0.015 -0.145 189 94 97
-0.406 -0.012 -0.149 190 96 93
-0.408 -0.008 -0.153 186 87 84
-0.409 -0.007 -0.156 117 75 77
-0.411 -0.006 -0.159 70 48 35
-0.412 -0.006 -0.162 67 58 42
-0.413 -0.006 -0.164 58 45 31
-0.414 -0.006 -0.166 53 43 30
-0.415 -0.006 -0.168 72 64 51
-0.417 -0.005 -0.171 93 85 72
-0.418 -0.004 -0.175 94 105 95
-0.420 -0.003 -0.178 109 105 101
-0.422  0.000 -0.182 134 118 107
-0.371  0.016 -0.082 118 126 110
-0.372  0.016 -0.084 93 118 109
-0.372  0.013 -0.085 92 128 114
-0.373  0.010 -0.085 88 133 121
-0.374  0.009 -0.087 72 132 136
-0.374  0.004 -0.087 58 132 143
-0.374  0.002 -0.088 58 137 144
-0.375  0.001 -0.090 60 140 147
-0.376  0.001 -0.092 60 143 148
-0.377  0.000 -0.093 61 144 150
-0.379  0.004 -0.097 63 145 153
-0.380  0.004 -0.099 62 147 155
-0.381  0.004 -0.101 63 149 155
-0.381  0.003 -0.103 66 149 156
-0.382  0.001 -0.104 66 151 158
-0.382 -0.002 -0.105 65 153 160
-0.383 -0.006 -0.105 65 155 162
-0.383 -0.010 -0.105 65 156 166
-0.383 -0.015 -0.105 64 158 168
-0.383 -0.019 -0.105 63 158 169
-0.384 -0.021 -0.106 65 159 168
-0.384 -0.025 -0.106 67 158 164
-0.385 -0.026 -0.108 74 154 161
-0.385 -0.027 -0.109 73 154 162
-0.386 -0.028 -0.111 77 162 168
-0.387 -0.029 -0.112 78 169 182
-0.388 -0.028 -0.115 85 128 158
-0.389 -0.028 -0.117 150 62 68
-0.390 -0.028 -0.118 185 111 95
-0.391 -0.028 -0.121 188 100 104
-0.392 -0.027 -0.123 181 80 90
-0.393 -0.028 -0.125 166 62 66
-0.395 -0.026 -0.128 157 56 63
-0.396 -0.025 -0.131 164 58 67
-0.397 -0.024 -0.133 178 75 78
-0.399 -0.021 -0.137 188 86 90
-0.401 -0.017 -0.142 186 80 95
-0.402 -0.014 -0.146 187 83 91
-0.404 -0.011 -0.150 188 85 87
-0.406 -0.008 -0.154 184 85 84
-0.408 -0.007 -0.157 114 68 75
-0.409 -0.005 -0.161 74 59 48
-0.410 -0.004 -0.163 74 67 56
-0.412 -0.004 -0.166 70 62 51
-0.413 -0.004 -0.168 70 61 50
-0.414 -0.004 -0.171 78 71 61
-0.415 -0.003 -0.174 87 82 73
-0.417 -0.002 -0.177 100 98 88
-0.418 -0.001 -0.180 126 113 99
-0.369  0.017 -0.083 133 126 101
-0.370  0.015 -0.084 100 112 102
-0.370  0.013 -0.085 74 117 117
-0.371  0.009 -0.086 61 122 127
-0.372  0.008 -0.088 56 123 131
-0.372  0.005 -0.088 55 129 136
-0.373  0.002 -0.089 58 135 143
-0.373  0.000 -0.090 60 140 145
-0.374  0.000 -0.092 61 141 145
-0.375 -0.002 -0.093 61 142 148
-0.376  0.001 -0.096 64 148 155
-0.377  0.000 -0.098 62 150 157
-0.378  0.001 -0.101 60 148 156
-0.379 -0.002 -0.101 63 149 156
-0.379 -0.003 -0.103 65 149 158
-0.380 -0.005 -0.104 64 151 161
-0.381 -0.008 -0.105 62 155 163
-0.381 -0.010 -0.106 63 155 166
-0.381 -0.015 -0.105 64 158 167
-0.381 -0.019 -0.106 63 157 166
-0.382 -0.021 -0.107 70 154 164
-0.382 -0.024 -0.107 82 158 166
-0.383 -0.025 -0.109 81 167 172
-0.384 -0.026 -0.110 71 160 171
-0.385 -0.027 -0.112 75 167 179
-0.385 -0.028 -0.114 78 170 186
-0.387 -0.027 -0.116 87 140 168
-0.388 -0.027 -0.118 172 75 79
-0.388 -0.027 -0.120 201 107 109
-0.390 -0.026 -0.123 196 93 103
-0.391 -0.026 -0.125 187 76 81
-0.392 -0.026 -0.127 179 72 76
-0.393 -0.024 -0.130 168 72 76
-0.394 -0.023 -0.133 174 74 75
-0.396 -0.022 -0.135 184 80 80
-0.397 -0.019 -0.140 192 97 98
-0.400 -0.013 -0.145 185 84 106
-0.401 -0.012 -0.148 187 87 88
-0.403 -0.009 -0.152 186 86 84
-0.405 -0.005 -0.157 159 83 81
-0.406 -0.005 -0.159 104 68 70
-0.408 -0.003 -0.163 78 69 60
-0.409 -0.002 -0.166 90 81 66
-0.410 -0.002 -0.168 98 87 72
-0.411 -0.002 -0.171 109 97 77
-0.412 -0.002 -0.173 114 101 81
-0.414 -0.001 -0.176 118 106 85
-0.415  0.000 -0.179 133 119 97
-0.367  0.021 -0.084 148 138 106
-0.367  0.018 -0.084 142 129 100
-0.368  0.015 -0.085 121 111 96
-0.369  0.012 -0.086 89 110 107
-0.369  0.009 -0.087 65 121 123
-0.370  0.007 -0.088 57 126 130
-0.370  0.004 -0.089 58 130 137
-0.371  0.001 -0.090 60 134 140
-0.371 -0.000 -0.091 61 136 141
-0.372 -0.001 -0.093 63 137 142
-0.373 -0.003 -0.094 65 142 148
-0.374 -0.003 -0.096 65 149 157
-0.375 -0.003 -0.098 60 145 159
-0.376 -0.004 -0.100 59 146 153
-0.376 -0.005 -0.101 62 148 154
-0.377 -0.006 -0.102 63 148 156
-0.378 -0.008 -0.104 63 151 159
-0.378 -0.010 -0.105 61 155 163
-0.379 -0.013 -0.106 62 155 166
-0.379 -0.015 -0.106 63 157 166
-0.380 -0.018 -0.107 63 154 164
-0.380 -0.020 -0.108 73 158 161
-0.381 -0.022 -0.109 99 180 168
-0.382 -0.023 -0.111 81 168 169
-0.383 -0.024 -0.112 71 166 178
-0.383 -0.026 -0.113 73 170 185
-0.384 -0.027 -0.115 77 171 189
-0.385 -0.026 -0.117 96 143 169
-0.386 -0.026 -0.119 187 91 91
-0.387 -0.026 -0.122 200 91 119
-0.388 -0.024 -0.125 195 79 94
-0.389 -0.024 -0.127 186 74 83
-0.391 -0.023 -0.129 186 78 82
-0.392 -0.022 -0.132 184 86 84
-0.393 -0.020 -0.136 188 85 82
-0.395 -0.018 -0.139 189 78 82
-0.396 -0.016 -0.142 193 91 92
-0.399 -0.010 -0.148 184 88 97
-0.400 -0.009 -0.151 186 88 85
-0.402 -0.006 -0.155 165 88 80
-0.403 -0.003 -0.159 129 92 81
-0.405 -0.003 -0.162 93 75 80
-0.406 -0.001 -0.165 93 81 68
-0.408 -0.000 -0.168 113 99 78
-0.365  0.027 -0.085 138 119 99
-0.365  0.023 -0.086 132 125 100
-0.366  0.020 -0.086 146 141 100
-0.366  0.016 -0.087 138 122 94
-0.367  0.012 -0.087 112 107 97
-0.367  0.009 -0.088 81 113 113
-0.368  0.006 -0.089 63 126 129
-0.368  0.003 -0.089 59 130 135
-0.369  0.000 -0.090 59 132 137
-0.369 -0.002 -0.091 59 132 137
-0.370 -0.002 -0.093 64 136 140
-0.371 -0.005 -0.094 71 142 150
-0.372 -0.005 -0.096 63 134 154
-0.373 -0.006 -0.098 56 136 150
-0.373 -0.007 -0.099 58 144 149
-0.374 -0.008 -0.101 60 146 152
-0.375 -0.009 -0.102 61 146 155
-0.375 -0.011 -0.103 60 151 158
-0.376 -0.012 -0.105 61 155 161
-0.377 -0.014 -0.106 62 156 163
-0.377 -0.016 -0.107 61 156 162
-0.378 -0.017 -0.108 64 152 161
-0.379 -0.019 -0.109 91 158 161
-0.379 -0.021 -0.111 95 169 165
-0.380 -0.023 -0.112 79 161 158
-0.381 -0.024 -0.113 71 170 181
-0.382 -0.025 -0.115 71 171 187
-0.382 -0.026 -0.116 77 170 190
-0.383 -0.025 -0.119 109 141 170
-0.384 -0.025 -0.121 189 96 96
-0.385 -0.025 -0.123 195 88 107
-0.387 -0.023 -0.126 192 79 87
-0.388 -0.021 -0.129 189 78 83
-0.389 -0.021 -0.132 188 82 86
-0.391 -0.018 -0.135 188 85 87
-0.392 -0.017 -0.138 191 82 83
-0.393 -0.016 -0.141 190 73 83
-0.395 -0.013 -0.145 189 83 84
-0.397 -0.009 -0.150 184 86 83
-0.399 -0.006 -0.153 167 86 81
-0.400 -0.004 -0.157 129 77 75
-0.402 -0.001 -0.161 104 86 81
-0.403  0.000 -0.164 97 82 81
-0.405  0.001 -0.167 113 98 79
-0.364  0.030 -0.087 118 104 88
-0.364  0.026 -0.088 126 118 93
-0.364  0.022 -0.088 149 142 101
-0.365  0.016 -0.088 148 132 98
-0.365  0.013 -0.088 135 116 94
-0.365  0.009 -0.089 109 106 98
-0.366  0.006 -0.089 79 114 115
-0.366  0.003 -0.090 64 124 129
-0.367  0.000 -0.091 59 128 133
-0.368 -0.002 -0.092 58 128 133
-0.368 -0.003 -0.093 64 133 136
-0.369 -0.006 -0.094 69 136 145
-0.369 -0.008 -0.095 60 124 143
-0.370 -0.009 -0.097 57 135 141
-0.371 -0.010 -0.099 58 142 147
-0.372 -0.011 -0.100 59 145 149
-0.372 -0.012 -0.101 60 146 152
-0.373 -0.013 -0.103 63 150 154
-0.374 -0.014 -0.105 72 155 153
-0.375 -0.015 -0.106 70 156 152
-0.375 -0.017 -0.107 64 153 156
-0.376 -0.018 -0.109 66 152 160
-0.377 -0.019 -0.110 93 156 163
-0.378 -0.021 -0.112 79 152 160
-0.378 -0.022 -0.113 74 163 165
-0.379 -0.023 -0.115 70 172 183
-0.380 -0.024 -0.116 71 172 188
-0.381 -0.025 -0.118 78 170 191
-0.382 -0.024 -0.120 128 135 170
-0.383 -0.024 -0.122 187 90 98
-0.384 -0.024 -0.125 193 83 89
-0.385 -0.021 -0.128 191 80 84
-0.387 -0.019 -0.132 190 82 83
-0.388 -0.017 -0.135 190 83 85
-0.390 -0.016 -0.138 188 83 86
-0.391 -0.014 -0.141 189 80 84
-0.393 -0.010 -0.146 188 77 85
-0.394 -0.009 -0.148 186 85 85
-0.396 -0.006 -0.152 165 83 81
-0.397 -0.004 -0.156 131 73 78
-0.399 -0.001 -0.160 99 72 79
-0.401  0.001 -0.163 96 80 77
-0.402  0.001 -0.166 114 96 80
-0.362  0.032 -0.089 100 93 83
-0.362  0.027 -0.089 120 113 89
-0.363  0.024 -0.090 147 139 100
-0.363  0.017 -0.089 151 136 100
-0.363  0.014 -0.090 148 132 100
-0.364  0.009 -0.090 134 119 95
-0.364  0.005 -0.090 106 107 97
-0.365  0.002 -0.091 80 111 113
-0.365 -0.001 -0.091 65 122 126
-0.366 -0.003 -0.093 60 125 129
-0.366 -0.005 -0.093 59 127 131
-0.367 -0.008 -0.094 59 131 134
-0.368 -0.009 -0.096 56 129 136
-0.368 -0.011 -0.097 60 139 144
-0.369 -0.012 -0.099 60 142 148
-0.370 -0.013 -0.100 60 142 147
-0.370 -0.014 -0.101 67 143 144
-0.371 -0.015 -0.103 91 149 133
-0.372 -0.016 -0.104 118 155 124
-0.373 -0.017 -0.106 111 153 124
-0.373 -0.018 -0.108 80 152 144
-0.374 -0.019 -0.109 72 159 162
-0.375 -0.020 -0.111 75 161 165
-0.376 -0.021 -0.112 69 161 164
-0.377 -0.022 -0.114 70 167 177
-0.377 -0.023 -0.115 70 171 185
-0.378 -0.024 -0.117 72 173 189
-0.379 -0.024 -0.119 83 172 188
-0.380 -0.024 -0.121 145 126 160
-0.381 -0.022 -0.124 187 85 94
-0.382 -0.022 -0.126 190 80 86
-0.384 -0.018 -0.131 189 81 83
-0.386 -0.016 -0.134 190 85 83
-0.387 -0.014 -0.137 190 84 83
-0.389 -0.011 -0.141 187 83 85
-0.390 -0.009 -0.145 186 78 84
-0.392 -0.005 -0.149 185 83 86
-0.393 -0.005 -0.151 163 82 79
-0.395 -0.002 -0.155 130 72 76
-0.396 -0.000 -0.159 99 67 84
-0.398  0.002 -0.163 94 80 80
-0.399  0.003 -0.165 113 97 79
-0.360  0.034 -0.091 93 85 78
-0.361  0.030 -0.091 114 101 82
-0.361  0.025 -0.091 144 133 98
-0.361  0.019 -0.091 149 135 101
-0.362  0.015 -0.091 149 136 101
-0.362  0.010 -0.091 146 135 101
-0.362  0.005 -0.091 135 119 94
-0.363  0.002 -0.091 110 104 95
-0.363 -0.001 -0.092 84 109 111
-0.364 -0.003 -0.093 68 120 123
-0.364 -0.007 -0.094 59 124 127
-0.365 -0.009 -0.095 55 126 130
-0.366 -0.010 -0.096 57 131 137
-0.366 -0.013 -0.097 67 141 145
-0.367 -0.015 -0.098 78 148 150
-0.368 -0.016 -0.100 73 148 145
-0.368 -0.017 -0.101 89 140 123
-0.369 -0.018 -0.102 146 156 93
-0.370 -0.018 -0.104 181 161 80
-0.371 -0.019 -0.106 169 155 87
-0.372 -0.020 -0.108 118 156 124
-0.372 -0.021 -0.109 81 166 167
-0.373 -0.021 -0.111 65 162 169
-0.374 -0.022 -0.112 66 164 171
-0.375 -0.023 -0.114 70 167 177
-0.376 -0.024 -0.116 71 172 186
-0.376 -0.025 -0.117 73 174 191
-0.377 -0.024 -0.120 92 172 184
-0.378 -0.023 -0.122 156 109 136
-0.380 -0.021 -0.126 187 81 84
-0.381 -0.020 -0.128 186 81 85
-0.383 -0.016 -0.133 181 80 84
-0.384 -0.013 -0.136 170 82 82
-0.386 -0.010 -0.140 170 78 80
-0.388 -0.005 -0.145 178 75 82
-0.389 -0.004 -0.149 183 80 84
-0.391 -0.001 -0.152 161 79 82
-0.392  0.000 -0.155 124 74 70
-0.394  0.002 -0.159 101 66 74
-0.395  0.002 -0.161 94 79 83
-0.396  0.004 -0.165 113 95 78
-0.359  0.036 -0.093 96 85 74
-0.359  0.032 -0.093 108 88 71
-0.360  0.027 -0.093 137 122 89
-0.360  0.021 -0.092 146 132 98
-0.360  0.016 -0.092 149 134 99
-0.360  0.011 -0.092 149 138 101
-0.361  0.006 -0.092 147 134 100
-0.361  0.003 -0.093 139 121 95
-0.362  0.000 -0.094 116 105 96
-0.362 -0.003 -0.094 89 106 108
-0.363 -0.006 -0.095 68 121 121
-0.363 -0.008 -0.096 58 127 130
-0.364 -0.011 -0.097 58 131 135
-0.364 -0.013 -0.098 70 138 143
-0.365 -0.015 -0.099 96 154 151
-0.366 -0.016 -0.100 95 162 145
-0.366 -0.019 -0.101 120 144 102
-0.367 -0.020 -0.103 186 166 59
-0.368 -0.020 -0.104 206 165 54
-0.369 -0.021 -0.106 201 168 64
-0.370 -0.021 -0.108 155 159 104
-0.370 -0.021 -0.110 87 163 168
-0.371 -0.021 -0.112 61 164 177
-0.372 -0.023 -0.113 65 165 175
-0.373 -0.023 -0.115 72 169 181
-0.374 -0.023 -0.117 72 173 189
-0.375 -0.024 -0.119 79 175 196
-0.376 -0.023 -0.121 104 171 184
-0.377 -0.022 -0.124 166 92 108
-0.378 -0.020 -0.127 188 88 90
-0.380 -0.018 -0.130 173 73 77
-0.381 -0.014 -0.135 149 64 72
-0.383 -0.011 -0.139 123 63 61
-0.385 -0.007 -0.143 123 64 63
-0.387 -0.002 -0.148 140 60 69
-0.388 -0.000 -0.152 152 72 75
-0.390  0.002 -0.155 118 77 73
-0.391  0.004 -0.159 95 72 68
-0.392  0.005 -0.161 91 80 76
-0.394  0.005 -0.164 110 94 79
-0.357  0.037 -0.094 103 90 76
-0.357  0.033 -0.094 92 75 64
-0.358  0.027 -0.094 118 104 78
-0.358  0.022 -0.094 141 127 93
-0.358  0.017 -0.094 148 133 97
-0.359  0.013 -0.094 147 136 100
-0.359  0.008 -0.094 146 137 103
-0.359  0.004 -0.094 149 139 104
-0.360  0.001 -0.095 143 127 100
-0.360 -0.002 -0.096 120 103 93
-0.361 -0.005 -0.096 91 97 98
-0.362 -0.007 -0.097 70 115 119
-0.362 -0.010 -0.098 60 126 132
-0.363 -0.012 -0.099 62 132 138
-0.363 -0.015 -0.100 73 139 144
-0.364 -0.017 -0.101 87 149 139
-0.364 -0.019 -0.102 126 143 99
-0.365 -0.020 -0.103 190 165 59
-0.366 -0.021 -0.105 205 164 56
-0.367 -0.022 -0.106 200 169 69
-0.368 -0.022 -0.108 154 163 112
-0.369 -0.022 -0.111 89 166 174
-0.369 -0.023 -0.112 62 163 180
-0.370 -0.023 -0.114 68 165 182
-0.371 -0.023 -0.116 81 172 191
-0.372 -0.023 -0.118 76 173 192
-0.373 -0.023 -0.120 91 176 198
-0.374 -0.021 -0.123 124 160 178
-0.375 -0.021 -0.126 177 103 103
-0.377 -0.018 -0.129 181 120 116
-0.378 -0.016 -0.132 140 54 63
-0.380 -0.012 -0.137 98 50 53
-0.382 -0.008 -0.141 81 49 40
-0.383 -0.005 -0.145 85 58 48
-0.386  0.002 -0.151 95 59 57
-0.387  0.004 -0.155 96 57 60
-0.389  0.006 -0.158 90 78 67
-0.390  0.007 -0.161 90 79 73
-0.391  0.008 -0.164 110 95 79
-0.355  0.037 -0.095 116 105 81
-0.356  0.033 -0.095 83 80 65
-0.356  0.028 -0.095 98 88 64
-0.356  0.023 -0.095 130 115 81
-0.357  0.018 -0.095 144 130 95
-0.357  0.014 -0.095 145 131 99
-0.358  0.010 -0.096 146 134 101
-0.358  0.006 -0.096 149 139 101
-0.358  0.003 -0.097 149 140 101
-0.359 -0.000 -0.097 125 111 89
-0.359 -0.004 -0.098 96 71 70
-0.360 -0.006 -0.099 89 83 84
-0.361 -0.009 -0.099 76 107 114
-0.361 -0.012 -0.100 65 126 128
-0.361 -0.015 -0.100 59 129 134
-0.362 -0.017 -0.102 70 128 126
-0.363 -0.020 -0.102 108 136 104
-0.363 -0.021 -0.104 170 157 77
-0.364 -0.022 -0.105 185 166 74
-0.365 -0.023 -0.107 171 163 93
-0.366 -0.023 -0.109 119 161 143
-0.367 -0.023 -0.111 81 166 187
-0.368 -0.022 -0.113 69 160 177
-0.368 -0.023 -0.115 90 170 187
-0.369 -0.023 -0.117 107 188 201
-0.371 -0.022 -0.119 85 173 195
-0.372 -0.022 -0.122 101 180 192
-0.373 -0.020 -0.125 151 145 162
-0.374 -0.019 -0.127 183 144 130
-0.375 -0.016 -0.131 149 135 129
-0.377 -0.014 -0.134 99 40 51
-0.378 -0.010 -0.139 72 58 47
-0.380 -0.007 -0.143 66 60 48
-0.382 -0.002 -0.148 72 67 56
-0.384  0.004 -0.154 84 72 60
-0.385  0.006 -0.157 82 72 61
-0.387  0.006 -0.160 86 74 66
-0.388  0.008 -0.163 109 90 75
-0.354  0.034 -0.097 105 94 70
-0.354  0.030 -0.097 84 76 59
-0.355  0.024 -0.097 105 88 66
-0.355  0.019 -0.097 134 117 85
-0.355  0.016 -0.097 142 131 96
-0.356  0.012 -0.098 144 134 98
-0.356  0.007 -0.097 146 136 98
-0.357  0.004 -0.098 138 135 98
-0.357  0.001 -0.099 108 99 77
-0.358 -0.003 -0.099 78 54 46
-0.358 -0.005 -0.100 86 58 49
-0.359 -0.008 -0.101 104 76 77
-0.359 -0.012 -0.101 91 103 107
-0.360 -0.015 -0.101 74 119 123
-0.360 -0.017 -0.103 71 125 127
-0.361 -0.020 -0.103 82 128 122
-0.361 -0.022 -0.104 117 140 108
-0.362 -0.023 -0.106 124 153 105
-0.363 -0.024 -0.107 106 154 133
-0.364 -0.024 -0.109 80 158 172
-0.365 -0.023 -0.111 75 166 189
-0.366 -0.023 -0.114 78 160 176
-0.367 -0.023 -0.116 128 182 192
-0.368 -0.022 -0.118 128 212 209
-0.369 -0.021 -0.121 97 173 198
-0.370 -0.020 -0.124 112 182 192
-0.371 -0.018 -0.126 171 154 152
-0.372 -0.017 -0.129 156 147 136
-0.374 -0.014 -0.133 97 72 88
-0.375 -0.013 -0.136 73 57 50
-0.377 -0.009 -0.140 68 57 54
-0.378 -0.006 -0.144 62 60 47
-0.380 -0.001 -0.150 63 60 49
-0.382  0.005 -0.155 80 70 58
-0.384  0.007 -0.158 92 80 66
-0.385  0.008 -0.161 109 91 71
-0.352  0.030 -0.098 97 81 66
-0.353  0.025 -0.098 85 72 58
-0.353  0.021 -0.098 105 92 71
-0.354  0.018 -0.099 132 120 88
-0.354  0.013 -0.099 143 133 95
-0.355  0.009 -0.099 144 135 97
-0.355  0.006 -0.100 129 130 98
-0.356  0.002 -0.100 96 92 71
-0.356 -0.001 -0.101 68 52 39
-0.357 -0.004 -0.101 81 61 47
-0.357 -0.007 -0.102 121 84 71
-0.358 -0.011 -0.102 128 93 88
-0.358 -0.014 -0.103 114 87 92
-0.359 -0.017 -0.104 93 106 110
-0.359 -0.020 -0.104 81 119 119
-0.360 -0.022 -0.105 82 122 120
-0.360 -0.023 -0.106 75 126 134
-0.361 -0.024 -0.108 68 138 151
-0.362 -0.024 -0.110 83 155 172
-0.363 -0.024 -0.112 105 182 191
-0.364 -0.022 -0.115 84 158 177
-0.365 -0.022 -0.117 104 182 190
-0.366 -0.021 -0.120 96 178 197
-0.367 -0.019 -0.123 107 177 197
-0.369 -0.018 -0.125 141 174 181
-0.370 -0.017 -0.128 155 152 136
-0.371 -0.015 -0.131 106 79 92
-0.372 -0.013 -0.135 72 70 63
-0.374 -0.012 -0.138 73 79 64
-0.375 -0.008 -0.142 52 45 52
-0.377 -0.005 -0.146 49 38 35
-0.379  0.000 -0.151 63 55 43
-0.381  0.006 -0.157 77 72 58
-0.382  0.007 -0.160 105 89 73
-0.351  0.031 -0.099 116 100 76
-0.351  0.026 -0.100 89 75 63
-0.352  0.022 -0.100 82 69 60
-0.352  0.019 -0.100 98 88 71
-0.353  0.015 -0.101 126 117 85
-0.353  0.011 -0.101 141 131 93
-0.354  0.007 -0.101 137 127 96
-0.354  0.004 -0.102 106 99 78
-0.355  0.000 -0.102 70 65 54
-0.355 -0.002 -0.103 86 77 60
-0.356 -0.006 -0.104 132 121 87
-0.356 -0.009 -0.104 148 137 102
-0.357 -0.012 -0.104 145 111 91
-0.357 -0.015 -0.105 133 86 80
-0.358 -0.018 -0.106 118 78 86
-0.358 -0.021 -0.106 97 97 102
-0.359 -0.023 -0.107 74 113 118
-0.360 -0.024 -0.109 64 132 132
-0.360 -0.025 -0.110 69 145 154
-0.361 -0.024 -0.113 78 156 171
-0.363 -0.021 -0.117 70 157 174
-0.364 -0.020 -0.119 75 165 182
-0.365 -0.019 -0.122 84 172 191
-0.366 -0.018 -0.124 106 185 194
-0.367 -0.016 -0.127 148 159 154
-0.368 -0.015 -0.130 109 77 85
-0.369 -0.013 -0.133 93 85 65
-0.371 -0.011 -0.137 81 85 81
-0.372 -0.010 -0.140 58 46 48
-0.374 -0.007 -0.144 51 41 37
-0.375 -0.003 -0.148 75 66 58
-0.377  0.002 -0.153 85 84 71
-0.379  0.008 -0.158 101 87 70
-0.349  0.027 -0.101 106 94 76
-0.350  0.023 -0.101 86 73 61
-0.351  0.020 -0.102 80 67 52
-0.351  0.016 -0.102 100 86 62
-0.351  0.012 -0.102 129 115 83
-0.352  0.009 -0.103 141 131 95
-0.352  0.005 -0.103 133 125 95
-0.353  0.002 -0.104 108 109 82
-0.354 -0.000 -0.105 105 108 78
-0.354 -0.003 -0.106 138 129 93
-0.355 -0.006 -0.106 154 143 104
-0.355 -0.011 -0.106 157 144 107
-0.356 -0.013 -0.107 156 134 106
-0.356 -0.017 -0.107 148 107 90
-0.357 -0.020 -0.108 135 84 82
-0.357 -0.022 -0.109 114 80 96
-0.358 -0.023 -0.110 87 118 119
-0.359 -0.024 -0.112 69 144 145
-0.360 -0.022 -0.115 65 156 162
-0.361 -0.019 -0.118 65 159 170
-0.362 -0.018 -0.121 75 164 182
-0.363 -0.016 -0.124 110 170 192
-0.365 -0.015 -0.127 120 159 175
-0.366 -0.014 -0.130 96 106 107
-0.367 -0.013 -0.132 69 49 43
-0.368 -0.012 -0.135 72 63 63
-0.369 -0.010 -0.138 57 54 70
-0.370 -0.009 -0.141 47 47 41
-0.372 -0.006 -0.145 77 77 65
-0.374 -0.001 -0.150 106 100 84
-0.375  0.003 -0.154 111 109 94
-0.377  0.008 -0.160 123 99 80
-0.348  0.023 -0.102 105 92 71
-0.349  0.020 -0.103 86 72 57
-0.349  0.018 -0.104 82 68 54
-0.350  0.014 -0.104 97 85 63
-0.350  0.010 -0.105 122 111 80
-0.351  0.007 -0.105 138 127 92
-0.351  0.003 -0.106 138 132 96
-0.352  0.001 -0.107 137 133 96
-0.353 -0.001 -0.108 146 136 98
-0.353 -0.005 -0.108 153 142 103
-0.354 -0.009 -0.108 157 145 106
-0.354 -0.011 -0.109 159 146 108
-0.355 -0.015 -0.109 158 144 106
-0.355 -0.018 -0.110 158 148 114
-0.356 -0.020 -0.111 158 141 112
-0.357 -0.020 -0.112 147 136 112
-0.357 -0.021 -0.114 114 139 127
-0.359 -0.019 -0.117 76 150 156
-0.360 -0.016 -0.121 68 157 170
-0.361 -0.016 -0.123 77 167 186
-0.362 -0.014 -0.126 111 192 191
-0.363 -0.011 -0.130 105 148 134
-0.364 -0.011 -0.132 70 59 45
-0.365 -0.010 -0.135 60 45 45
-0.366 -0.010 -0.137 57 62 59
-0.368 -0.009 -0.140 53 48 42
-0.369 -0.008 -0.143 75 83 69
-0.370 -0.004 -0.147 101 116 91
-0.372 -0.000 -0.151 115 110 98
-0.374  0.005 -0.156 109 106 99
-0.375  0.007 -0.160 136 118 90
-0.347  0.021 -0.104 105 94 71
-0.348  0.019 -0.105 85 75 59
-0.348  0.015 -0.106 79 70 51
-0.349  0.012 -0.107 89 81 54
-0.349  0.008 -0.107 114 106 75
-0.350  0.005 -0.107 137 127 93
-0.350  0.003 -0.108 147 133 97
-0.351 -0.000 -0.109 149 136 98
-0.352 -0.003 -0.110 151 140 104
-0.352 -0.006 -0.110 153 144 108
-0.353 -0.009 -0.111 155 147 111
-0.353 -0.013 -0.111 159 146 110
-0.354 -0.015 -0.112 165 153 117
-0.354 -0.017 -0.113 167 158 125
-0.355 -0.018 -0.114 160 160 133
-0.356 -0.019 -0.116 156 157 135
-0.357 -0.017 -0.119 128 157 155
-0.358 -0.014 -0.123 83 158 172
-0.359 -0.013 -0.125 88 168 177
-0.361 -0.011 -0.129 123 156 155
-0.362 -0.010 -0.131 83 64 79
-0.363 -0.009 -0.134 46 38 33
-0.364 -0.010 -0.136 62 59 42
-0.365 -0.009 -0.139 49 40 40
-0.366 -0.008 -0.141 71 77 66
-0.367 -0.006 -0.144 71 109 94
-0.369 -0.002 -0.149 104 112 105
-0.370  0.002 -0.153 117 112 109
-0.372  0.006 -0.158 129 101 104
-0.346  0.020 -0.107 108 95 75
-0.346  0.016 -0.107 86 76 60
-0.347  0.013 -0.108 78 70 51
-0.348  0.009 -0.108 86 78 57
-0.348  0.006 -0.109 112 99 76
-0.349  0.004 -0.110 139 122 91
-0.349  0.002 -0.111 148 134 96
-0.350 -0.002 -0.111 152 138 103
-0.351 -0.004 -0.112 152 143 108
-0.351 -0.008 -0.112 151 147 109
-0.352 -0.010 -0.113 161 147 109
-0.352 -0.013 -0.114 171 157 119
-0.353 -0.014 -0.115 177 162 126
-0.354 -0.015 -0.117 172 162 132
-0.355 -0.016 -0.118 179 177 143
-0.356 -0.014 -0.121 181 188 160
-0.357 -0.012 -0.125 172 186 169
-0.358 -0.011 -0.128 163 175 163
-0.359 -0.009 -0.130 113 125 124
-0.360 -0.009 -0.133 69 33 35
-0.361 -0.008 -0.135 46 37 32
-0.362 -0.008 -0.138 45 38 37
-0.363 -0.007 -0.140 64 61 47
-0.364 -0.006 -0.143 88 101 85
-0.365 -0.005 -0.146 103 114 109
-0.367 -0.000 -0.151 119 119 103
-0.369  0.004 -0.155 123 119 95
-0.345  0.016 -0.108 111 98 78
-0.345  0.013 -0.109 90 81 62
-0.346  0.010 -0.109 79 71 55
-0.346  0.007 -0.110 85 72 57
-0.347  0.005 -0.111 107 89 68
-0.348  0.003 -0.112 132 116 86
-0.348  0.000 -0.113 150 135 99
-0.349 -0.002 -0.114 141 133 104
-0.350 -0.006 -0.114 119 121 98
-0.350 -0.008 -0.115 126 121 93
-0.351 -0.010 -0.116 153 144 112
-0.352 -0.011 -0.118 175 161 122
-0.352 -0.012 -0.119 177 164 130
-0.353 -0.013 -0.121 186 180 147
-0.354 -0.012 -0.124 196 191 159
-0.355 -0.009 -0.127 199 193 163
-0.356 -0.009 -0.129 173 163 142
-0.358 -0.007 -0.132 95 69 73
-0.358 -0.008 -0.134 47 35 30
-0.360 -0.007 -0.137 46 49 30
-0.360 -0.007 -0.139 44 39 33
-0.361 -0.006 -0.142 82 73 61
-0.363 -0.004 -0.145 110 108 92
-0.364 -0.002 -0.149 118 119 102
-0.366  0.002 -0.153 123 124 100
-0.367  0.006 -0.157 146 126 100
-0.343  0.013 -0.110 114 103 79
-0.344  0.010 -0.111 93 84 64
-0.345  0.008 -0.111 81 70 55
-0.345  0.006 -0.113 83 69 54
-0.346  0.004 -0.114 98 88 65
-0.347  0.001 -0.115 125 115 85
-0.347 -0.001 -0.115 129 122 98
-0.348 -0.004 -0.116 98 99 85
-0.349 -0.006 -0.117 92 78 64
-0.349 -0.008 -0.118 120 98 81
-0.350 -0.009 -0.120 162 144 108
-0.351 -0.010 -0.121 179 166 133
-0.352 -0.010 -0.123 192 182 148
-0.353 -0.009 -0.126 198 194 161
-0.354 -0.008 -0.129 190 187 158
-0.355 -0.007 -0.131 136 134 120
-0.356 -0.006 -0.134 78 42 43
-0.357 -0.006 -0.136 51 39 30
-0.358 -0.006 -0.138 44 41 32
-0.359 -0.006 -0.141 63 55 45
-0.360 -0.005 -0.143 86 92 78
-0.361 -0.003 -0.147 105 112 95
-0.362 -0.001 -0.150 119 119 99
-0.364  0.003 -0.155 142 123 106
-0.342  0.011 -0.112 120 109 83
-0.343  0.009 -0.113 99 89 68
-0.344  0.007 -0.114 84 74 59
-0.344  0.005 -0.115 80 72 56
-0.345  0.002 -0.116 92 81 63
-0.346  0.001 -0.117 93 84 73
-0.346 -0.002 -0.118 74 71 68
-0.347 -0.005 -0.119 72 65 56
-0.348 -0.006 -0.120 100 86 72
-0.349 -0.007 -0.122 154 136 104
-0.349 -0.008 -0.123 179 168 135
-0.350 -0.008 -0.125 193 181 148
-0.351 -0.005 -0.129 196 189 157
-0.352 -0.005 -0.131 175 164 142
-0.353 -0.004 -0.134 101 87 92
-0.354 -0.004 -0.136 62 47 39
-0.355 -0.004 -0.138 62 52 39
-0.356 -0.004 -0.140 52 42 36
-0.357 -0.004 -0.143 77 73 59
-0.358 -0.003 -0.145 100 106 87
-0.359 -0.001 -0.149 108 120 95
-0.361  0.001 -0.152 135 118 102
-0.342  0.008 -0.115 109 96 75
-0.343  0.006 -0.117 91 81 63
-0.343  0.004 -0.117 81 71 57
-0.344  0.003 -0.119 72 63 56
-0.345 -0.000 -0.120 61 55 49
-0.345 -0.003 -0.121 57 53 48
-0.346 -0.004 -0.122 82 78 68
-0.347 -0.004 -0.124 140 128 100
-0.348 -0.005 -0.126 174 165 129
-0.349 -0.004 -0.128 185 174 139
-0.350 -0.003 -0.131 168 163 139
-0.351 -0.002 -0.134 129 113 109
-0.352 -0.001 -0.136 77 58 58
-0.353 -0.002 -0.138 57 56 43
-0.354 -0.002 -0.140 70 65 53
-0.355 -0.002 -0.142 68 61 55
-0.356 -0.002 -0.145 83 80 68
-0.357 -0.001 -0.147 103 100 83
-0.358  0.001 -0.151 134 122 90
-0.341  0.006 -0.118 120 107 81
-0.342  0.005 -0.119 100 90 71
-0.342  0.003 -0.120 82 74 61
-0.343  0.000 -0.121 67 62 51
-0.344 -0.001 -0.122 60 56 48
-0.345 -0.002 -0.124 74 68 54
-0.345 -0.003 -0.126 108 90 71
-0.346 -0.002 -0.128 132 104 86
-0.347 -0.001 -0.131 137 106 89
-0.348 -0.000 -0.133 119 96 84
-0.349 -0.000 -0.136 85 70 65
-0.350  0.000 -0.138 69 57 47
-0.351  0.001 -0.141 69 70 53
-0.352  0.000 -0.142 87 81 65
-0.353 -0.000 -0.144 95 90 74
-0.354 -0.000 -0.147 110 100 82
-0.355  0.000 -0.149 127 116 92
-0.341  0.004 -0.122 109 99 80
-0.341  0.001 -0.122 94 86 70
-0.342  0.000 -0.124 81 75 60
-0.343 -0.001 -0.125 74 68 52
-0.344 -0.002 -0.127 79 63 50
-0.345 -0.000 -0.130 87 61 50
-0.346  0.000 -0.132 87 58 48
-0.347  0.001 -0.135 81 57 45
-0.348  0.002 -0.138 70 62 48
-0.349  0.002 -0.140 73 69 56
-0.350  0.003 -0.143 87 82 66
-0.351  0.002 -0.144 109 101 76
-0.341  0.001 -0.125 112 102 79
-0.341  0.000 -0.127 98 90 72
-0.342 -0.001 -0.129 92 82 64
-0.343  0.001 -0.131 82 73 54
-0.344  0.001 -0.134 73 64 52
-0.345  0.003 -0.137 72 65 55
-0.346  0.004 -0.140 82 75 62
-0.347  0.004 -0.142 98 89 72
-0.348  0.004 -0.144 114 104 83
-0.341  0.001 -0.133 110 101 79
-0.342  0.003 -0.135 95 93 81
-0.343  0.004 -0.138 94 93 82
-0.344  0.005 -0.141 111 103 84

