-1.035 -0.096 -0.249 226 189 125
-1.038 -0.093 -0.251 228 189 111
-1.038 -0.090 -0.251 222 185 105
-1.038 -0.087 -0.251 223 183 107
-1.038 -0.084 -0.251 224 184 106
-1.037 -0.081 -0.251 224 181 102
-1.037 -0.078 -0.251 219 178 100
-1.037 -0.075 -0.251 218 177 100
-0.791 -0.100 -0.046 223 179 99
-0.789 -0.099 -0.044 224 181 103
-0.787 -0.098 -0.042 223 183 106
-0.786 -0.096 -0.041 224 184 107
-0.785 -0.095 -0.040 226 188 109
-0.782 -0.094 -0.038 229 189 115
-0.793 -0.116 -0.050 220 182 110
-0.793 -0.115 -0.050 221 179 98
-0.793 -0.113 -0.050 230 175 85
-0.792 -0.111 -0.049 233 174 72
-0.792 -0.110 -0.049 230 173 68
-0.792 -0.108 -0.049 231 174 68
-0.791 -0.107 -0.048 232 179 70
-0.791 -0.105 -0.048 232 176 70
-0.790 -0.104 -0.047 231 177 69
-0.789 -0.102 -0.046 230 176 70
-0.788 -0.101 -0.046 230 178 70
-0.787 -0.099 -0.044 231 178 71
-0.785 -0.098 -0.043 232 179 72
-0.784 -0.096 -0.042 233 176 71
-0.783 -0.095 -0.041 234 178 73
-0.781 -0.094 -0.039 232 176 78
-0.780 -0.092 -0.038 228 179 91
-0.779 -0.091 -0.038 224 182 104
-0.779 -0.089 -0.038 224 185 114
-0.789 -0.119 -0.048 223 182 102
-0.790 -0.118 -0.049 222 179 90
-0.790 -0.116 -0.050 228 172 69
-0.790 -0.115 -0.049 231 175 67
-0.790 -0.113 -0.050 233 174 69
-0.790 -0.111 -0.049 232 175 69
-0.789 -0.110 -0.048 231 176 69
-0.789 -0.108 -0.048 231 174 67
-0.788 -0.107 -0.048 232 177 69
-0.788 -0.105 -0.047 232 175 67
-0.787 -0.104 -0.046 233 178 67
-0.786 -0.102 -0.046 233 177 69
-0.786 -0.101 -0.046 232 178 70
-0.785 -0.099 -0.045 232 178 69
-0.783 -0.098 -0.043 233 179 69
-0.782 -0.097 -0.042 232 179 70
-0.781 -0.095 -0.041 233 179 70
-0.779 -0.094 -0.040 234 178 69
-0.779 -0.092 -0.039 233 178 69
-0.778 -0.091 -0.039 232 175 71
-0.778 -0.089 -0.039 229 175 76
-0.778 -0.088 -0.039 228 179 89
-0.778 -0.086 -0.039 225 184 106
-0.779 -0.085 -0.040 225 190 123
-0.786 -0.126 -0.048 211 141 115
-0.786 -0.124 -0.048 224 169 110
-0.786 -0.123 -0.048 225 182 105
-0.786 -0.121 -0.048 228 175 86
-0.787 -0.120 -0.049 233 178 68
-0.788 -0.118 -0.050 230 179 71
-0.788 -0.116 -0.050 232 176 70
-0.788 -0.115 -0.050 233 176 68
-0.788 -0.113 -0.049 232 176 68
-0.787 -0.112 -0.049 233 174 68
-0.787 -0.110 -0.048 232 177 70
-0.786 -0.108 -0.048 230 177 69
-0.786 -0.107 -0.048 232 177 68
-0.785 -0.105 -0.047 231 176 68
-0.784 -0.104 -0.046 231 180 69
-0.784 -0.102 -0.046 232 178 69
-0.784 -0.101 -0.046 234 175 69
-0.782 -0.099 -0.045 233 179 68
-0.781 -0.098 -0.043 232 178 67
-0.780 -0.097 -0.043 231 179 71
-0.779 -0.095 -0.042 232 179 69
-0.778 -0.094 -0.041 233 179 70
-0.777 -0.092 -0.040 232 179 68
-0.777 -0.091 -0.040 232 177 71
-0.777 -0.089 -0.040 232 176 71
-0.777 -0.088 -0.040 232 177 72
-0.777 -0.086 -0.040 229 176 74
-0.778 -0.085 -0.041 226 176 87
-0.778 -0.083 -0.041 223 181 106
-0.784 -0.127 -0.048 196 125 91
-0.784 -0.126 -0.048 207 142 83
-0.784 -0.124 -0.049 228 166 73
-0.785 -0.123 -0.049 233 174 71
-0.785 -0.121 -0.049 234 175 68
-0.785 -0.120 -0.049 235 179 69
-0.786 -0.118 -0.050 232 175 69
-0.786 -0.116 -0.050 232 176 70
-0.786 -0.115 -0.050 230 174 68
-0.786 -0.113 -0.050 234 178 68
-0.785 -0.112 -0.049 234 175 67
-0.784 -0.110 -0.048 234 174 68
-0.784 -0.109 -0.048 230 178 68
-0.783 -0.107 -0.048 233 176 66
-0.783 -0.106 -0.047 232 175 67
-0.782 -0.104 -0.046 231 180 69
-0.781 -0.103 -0.046 233 178 67
-0.781 -0.101 -0.046 234 177 68
-0.780 -0.100 -0.045 234 180 67
-0.778 -0.098 -0.043 233 178 68
-0.778 -0.097 -0.043 232 179 69
-0.777 -0.095 -0.042 233 179 70
-0.776 -0.094 -0.041 232 179 70
-0.777 -0.092 -0.042 232 178 69
-0.777 -0.091 -0.042 231 178 72
-0.776 -0.089 -0.041 233 177 69
-0.776 -0.088 -0.041 234 178 69
-0.777 -0.086 -0.042 231 177 71
-0.777 -0.085 -0.042 229 174 73
-0.776 -0.083 -0.041 226 173 77
-0.777 -0.081 -0.042 225 180 92
-0.777 -0.080 -0.041 225 185 112
-0.782 -0.128 -0.049 201 134 70
-0.782 -0.126 -0.049 220 167 71
-0.783 -0.124 -0.049 231 174 69
-0.783 -0.123 -0.050 233 176 70
-0.783 -0.121 -0.050 235 173 69
-0.783 -0.120 -0.050 234 178 71
-0.784 -0.118 -0.050 232 175 68
-0.784 -0.116 -0.050 232 174 68
-0.783 -0.115 -0.050 230 173 67
-0.783 -0.113 -0.049 233 175 67
-0.782 -0.112 -0.049 234 178 67
-0.781 -0.110 -0.048 234 176 68
-0.781 -0.109 -0.048 233 177 67
-0.781 -0.107 -0.047 233 178 67
-0.780 -0.106 -0.047 233 178 68
-0.779 -0.104 -0.046 234 180 68
-0.778 -0.103 -0.045 234 178 67
-0.777 -0.101 -0.044 234 179 69
-0.777 -0.100 -0.044 234 179 68
-0.776 -0.098 -0.043 234 178 69
-0.775 -0.097 -0.043 234 179 68
-0.775 -0.095 -0.042 234 178 71
-0.774 -0.094 -0.042 233 178 70
-0.775 -0.092 -0.042 232 177 70
-0.775 -0.091 -0.042 232 178 71
-0.775 -0.089 -0.042 233 178 69
-0.775 -0.088 -0.042 235 179 70
-0.775 -0.086 -0.043 234 179 71
-0.775 -0.085 -0.043 232 178 72
-0.775 -0.083 -0.043 231 176 74
-0.775 -0.081 -0.043 230 176 72
-0.775 -0.080 -0.043 229 176 79
-0.776 -0.078 -0.043 224 182 105
-0.781 -0.129 -0.049 205 157 101
-0.781 -0.128 -0.049 222 163 65
-0.781 -0.126 -0.050 228 173 67
-0.781 -0.124 -0.050 230 171 68
-0.781 -0.123 -0.050 233 178 70
-0.781 -0.121 -0.050 234 174 69
-0.781 -0.120 -0.050 233 177 73
-0.781 -0.118 -0.050 234 174 66
-0.781 -0.117 -0.050 236 176 67
-0.780 -0.115 -0.049 234 175 67
-0.779 -0.113 -0.048 234 178 67
-0.779 -0.112 -0.048 235 180 67
-0.779 -0.110 -0.048 236 177 66
-0.778 -0.109 -0.047 234 177 66
-0.777 -0.107 -0.047 234 178 67
-0.777 -0.106 -0.046 233 178 68
-0.776 -0.104 -0.045 234 179 69
-0.775 -0.103 -0.045 235 178 69
-0.775 -0.101 -0.044 235 182 69
-0.774 -0.100 -0.043 235 179 68
-0.773 -0.099 -0.043 235 179 69
-0.773 -0.097 -0.043 235 179 70
-0.773 -0.096 -0.042 234 177 71
-0.773 -0.094 -0.042 233 178 71
-0.773 -0.092 -0.042 232 177 69
-0.773 -0.091 -0.043 234 179 70
-0.774 -0.089 -0.043 235 179 70
-0.774 -0.088 -0.043 235 179 72
-0.774 -0.086 -0.044 234 181 72
-0.775 -0.084 -0.044 234 181 72
-0.774 -0.083 -0.044 235 178 72
-0.775 -0.081 -0.044 234 177 69
-0.774 -0.080 -0.044 231 176 69
-0.775 -0.078 -0.044 229 175 77
-0.774 -0.077 -0.044 227 182 104
-0.778 -0.129 -0.049 213 161 82
-0.778 -0.128 -0.049 230 173 66
-0.779 -0.126 -0.050 233 173 68
-0.778 -0.124 -0.050 233 175 67
-0.779 -0.123 -0.050 235 176 69
-0.779 -0.121 -0.050 234 175 69
-0.778 -0.120 -0.050 234 175 69
-0.778 -0.118 -0.049 235 176 67
-0.778 -0.117 -0.049 237 179 68
-0.777 -0.115 -0.048 234 177 66
-0.776 -0.114 -0.048 234 181 68
-0.776 -0.112 -0.047 235 178 67
-0.775 -0.111 -0.046 235 176 67
-0.774 -0.109 -0.046 234 178 67
-0.774 -0.108 -0.046 235 179 67
-0.774 -0.106 -0.045 234 178 66
-0.773 -0.105 -0.045 234 176 68
-0.773 -0.103 -0.044 235 176 67
-0.772 -0.102 -0.044 235 179 70
-0.771 -0.100 -0.043 236 177 69
-0.771 -0.099 -0.043 235 178 69
-0.771 -0.097 -0.043 233 178 70
-0.770 -0.096 -0.042 232 176 69
-0.770 -0.094 -0.042 233 178 70
-0.771 -0.093 -0.043 234 179 68
-0.771 -0.091 -0.043 236 178 70
-0.772 -0.089 -0.044 235 178 71
-0.772 -0.088 -0.044 235 180 73
-0.773 -0.086 -0.044 235 181 72
-0.773 -0.085 -0.045 236 182 71
-0.773 -0.083 -0.045 236 180 71
-0.773 -0.081 -0.045 235 178 69
-0.773 -0.080 -0.045 234 178 69
-0.773 -0.078 -0.045 233 177 71
-0.773 -0.077 -0.045 234 178 79
-0.773 -0.075 -0.045 232 185 106
-0.776 -0.134 -0.050 200 123 105
-0.776 -0.132 -0.050 193 135 94
-0.776 -0.131 -0.050 202 143 85
-0.776 -0.129 -0.050 230 172 67
-0.776 -0.128 -0.050 234 174 65
-0.776 -0.126 -0.050 234 176 67
-0.776 -0.124 -0.050 236 176 69
-0.777 -0.123 -0.050 236 176 68
-0.776 -0.121 -0.049 233 177 68
-0.776 -0.120 -0.049 232 175 65
-0.775 -0.118 -0.049 235 178 66
-0.774 -0.117 -0.048 235 176 67
-0.774 -0.115 -0.047 235 176 65
-0.773 -0.114 -0.047 233 177 67
-0.772 -0.112 -0.046 234 176 67
-0.772 -0.111 -0.046 234 175 66
-0.772 -0.109 -0.046 236 177 66
-0.772 -0.108 -0.046 235 177 65
-0.771 -0.106 -0.045 234 176 65
-0.770 -0.105 -0.044 234 178 69
-0.770 -0.103 -0.044 235 177 69
-0.770 -0.102 -0.044 236 181 69
-0.769 -0.100 -0.043 237 178 67
-0.768 -0.099 -0.043 233 177 69
-0.768 -0.097 -0.043 232 174 69
-0.768 -0.096 -0.043 231 172 68
-0.768 -0.094 -0.043 234 179 69
-0.769 -0.093 -0.043 234 179 67
-0.769 -0.091 -0.043 236 178 71
-0.770 -0.089 -0.044 235 177 72
-0.771 -0.088 -0.044 235 178 73
-0.771 -0.086 -0.045 235 179 72
-0.772 -0.085 -0.046 236 181 70
-0.772 -0.083 -0.045 235 181 71
-0.772 -0.081 -0.046 235 180 71
-0.772 -0.080 -0.046 235 178 70
-0.772 -0.078 -0.046 234 179 71
-0.772 -0.077 -0.046 237 179 72
-0.772 -0.075 -0.046 237 181 82
-0.772 -0.074 -0.046 232 186 111
-0.774 -0.134 -0.050 188 146 111
-0.774 -0.132 -0.050 180 138 91
-0.774 -0.131 -0.050 217 160 68
-0.774 -0.129 -0.050 234 177 68
-0.774 -0.128 -0.050 234 172 67
-0.774 -0.126 -0.050 234 180 69
-0.774 -0.124 -0.050 234 176 69
-0.774 -0.123 -0.050 233 177 68
-0.773 -0.121 -0.049 233 176 65
-0.773 -0.120 -0.049 233 180 67
-0.773 -0.118 -0.049 234 177 66
-0.772 -0.117 -0.048 233 175 65
-0.771 -0.115 -0.047 233 176 63
-0.771 -0.114 -0.047 234 174 65
-0.770 -0.112 -0.046 234 180 67
-0.769 -0.111 -0.046 233 178 67
-0.769 -0.109 -0.045 235 179 65
-0.768 -0.108 -0.045 235 176 65
-0.768 -0.106 -0.044 234 178 67
-0.767 -0.105 -0.044 232 179 69
-0.767 -0.104 -0.043 234 176 70
-0.767 -0.102 -0.043 235 181 68
-0.767 -0.101 -0.043 236 176 66
-0.766 -0.099 -0.043 233 177 68
-0.766 -0.098 -0.043 232 177 69
-0.766 -0.096 -0.043 232 175 68
-0.767 -0.094 -0.043 236 177 68
-0.767 -0.093 -0.044 234 179 70
-0.768 -0.091 -0.044 233 178 71
-0.769 -0.090 -0.045 234 177 73
-0.769 -0.088 -0.045 234 177 70
-0.770 -0.086 -0.046 234 181 71
-0.771 -0.085 -0.046 235 181 71
-0.770 -0.083 -0.046 235 180 70
-0.770 -0.082 -0.046 235 181 71
-0.771 -0.080 -0.047 235 179 70
-0.771 -0.078 -0.047 235 177 69
-0.770 -0.077 -0.046 238 179 70
-0.771 -0.075 -0.047 238 179 73
-0.771 -0.074 -0.047 238 182 85
-0.772 -0.132 -0.050 198 143 87
-0.772 -0.131 -0.050 227 170 63
-0.772 -0.129 -0.050 235 179 68
-0.772 -0.128 -0.050 236 176 68
-0.772 -0.126 -0.050 233 176 67
-0.771 -0.125 -0.049 233 178 69
-0.771 -0.123 -0.049 231 173 67
-0.771 -0.121 -0.049 233 178 67
-0.770 -0.120 -0.049 235 177 66
-0.770 -0.118 -0.048 234 178 65
-0.769 -0.117 -0.047 235 175 63
-0.768 -0.115 -0.047 234 177 65
-0.768 -0.114 -0.046 235 176 67
-0.767 -0.113 -0.046 235 180 68
-0.766 -0.111 -0.045 236 176 65
-0.766 -0.110 -0.045 237 182 65
-0.766 -0.108 -0.044 238 178 63
-0.765 -0.107 -0.043 235 176 66
-0.765 -0.105 -0.043 233 178 68
-0.764 -0.104 -0.043 233 178 69
-0.764 -0.102 -0.043 234 177 67
-0.764 -0.101 -0.043 235 175 65
-0.764 -0.099 -0.043 233 177 68
-0.764 -0.098 -0.043 234 179 68
-0.764 -0.096 -0.043 234 177 66
-0.765 -0.095 -0.044 237 176 67
-0.766 -0.093 -0.044 235 177 70
-0.766 -0.091 -0.045 234 179 70
-0.767 -0.090 -0.045 233 177 70
-0.768 -0.088 -0.046 234 178 70
-0.768 -0.086 -0.046 233 181 71
-0.769 -0.085 -0.047 234 181 71
-0.769 -0.083 -0.047 235 180 69
-0.769 -0.082 -0.047 236 181 70
-0.770 -0.080 -0.048 236 181 69
-0.770 -0.078 -0.048 236 179 70
-0.769 -0.077 -0.047 238 179 69
-0.770 -0.075 -0.048 238 179 69
-0.769 -0.074 -0.047 239 180 74
-0.769 -0.072 -0.047 235 190 102
-0.769 -0.132 -0.050 213 162 86
-0.769 -0.131 -0.050 232 175 64
-0.769 -0.129 -0.050 237 177 65
-0.769 -0.128 -0.050 235 177 68
-0.769 -0.126 -0.049 235 178 67
-0.768 -0.125 -0.049 235 178 69
-0.768 -0.123 -0.049 233 177 69
-0.768 -0.122 -0.048 235 176 66
-0.767 -0.120 -0.047 234 175 65
-0.767 -0.119 -0.047 236 178 63
-0.766 -0.117 -0.046 234 177 63
-0.765 -0.116 -0.046 234 176 65
-0.765 -0.114 -0.046 237 176 67
-0.765 -0.113 -0.045 236 177 68
-0.764 -0.111 -0.045 238 173 64
-0.763 -0.110 -0.044 237 181 63
-0.763 -0.108 -0.044 236 181 64
-0.762 -0.107 -0.043 235 178 64
-0.762 -0.105 -0.043 234 177 65
-0.762 -0.104 -0.043 236 177 68
-0.762 -0.102 -0.043 235 176 68
-0.762 -0.101 -0.043 234 177 66
-0.762 -0.099 -0.043 234 178 68
-0.763 -0.098 -0.043 235 180 68
-0.763 -0.096 -0.044 236 178 66
-0.763 -0.095 -0.044 239 179 68
-0.764 -0.093 -0.045 236 178 69
-0.764 -0.091 -0.045 236 180 70
-0.765 -0.090 -0.046 234 177 68
-0.766 -0.088 -0.046 235 179 70
-0.766 -0.086 -0.047 234 182 71
-0.768 -0.085 -0.048 233 182 71
-0.767 -0.083 -0.048 234 180 68
-0.768 -0.082 -0.048 238 181 70
-0.768 -0.080 -0.048 238 181 71
-0.768 -0.078 -0.048 237 181 70
-0.768 -0.077 -0.048 238 179 68
-0.768 -0.075 -0.048 238 179 67
-0.768 -0.074 -0.048 239 179 69
-0.767 -0.073 -0.047 239 186 86
-0.767 -0.132 -0.050 219 164 88
-0.767 -0.131 -0.050 235 177 65
-0.767 -0.129 -0.050 237 179 66
-0.767 -0.128 -0.050 237 178 65
-0.766 -0.126 -0.049 238 175 66
-0.766 -0.125 -0.049 235 173 66
-0.765 -0.123 -0.048 235 179 69
-0.765 -0.122 -0.048 236 174 66
-0.764 -0.120 -0.047 233 174 68
-0.764 -0.119 -0.047 234 176 65
-0.763 -0.117 -0.046 235 177 65
-0.763 -0.116 -0.046 233 176 65
-0.762 -0.114 -0.045 235 179 70
-0.762 -0.113 -0.045 236 177 69
-0.762 -0.111 -0.045 236 176 66
-0.761 -0.110 -0.044 236 176 65
-0.761 -0.108 -0.044 235 178 66
-0.760 -0.107 -0.043 236 178 66
-0.760 -0.105 -0.043 234 177 67
-0.760 -0.104 -0.043 234 180 70
-0.760 -0.102 -0.043 236 178 67
-0.761 -0.101 -0.044 233 178 67
-0.761 -0.099 -0.044 234 176 69
-0.761 -0.098 -0.044 236 181 71
-0.761 -0.096 -0.044 238 178 68
-0.762 -0.095 -0.045 238 182 71
-0.762 -0.093 -0.045 235 182 70
-0.762 -0.092 -0.045 236 178 68
-0.763 -0.090 -0.046 237 176 67
-0.764 -0.088 -0.047 236 179 69
-0.764 -0.087 -0.047 234 179 69
-0.766 -0.085 -0.048 234 180 69
-0.766 -0.083 -0.049 234 180 70
-0.766 -0.082 -0.049 237 179 70
-0.767 -0.080 -0.049 236 179 69
-0.767 -0.079 -0.049 236 180 69
-0.766 -0.077 -0.049 237 179 68
-0.767 -0.075 -0.049 238 180 68
-0.766 -0.074 -0.049 238 179 70
-0.765 -0.073 -0.048 241 182 78
-0.765 -0.071 -0.047 234 187 106
-0.766 -0.132 -0.050 221 163 86
-0.765 -0.131 -0.050 234 177 67
-0.765 -0.129 -0.050 236 178 64
-0.765 -0.128 -0.050 237 174 62
-0.764 -0.126 -0.049 238 176 65
-0.763 -0.125 -0.048 235 176 66
-0.763 -0.123 -0.048 236 177 67
-0.762 -0.122 -0.047 236 177 69
-0.762 -0.120 -0.047 234 176 66
-0.761 -0.119 -0.046 236 175 65
-0.761 -0.117 -0.046 235 176 66
-0.760 -0.116 -0.045 234 177 66
-0.760 -0.114 -0.045 234 177 69
-0.759 -0.113 -0.045 235 178 68
-0.759 -0.111 -0.044 237 178 67
-0.758 -0.110 -0.043 235 179 68
-0.758 -0.108 -0.043 235 176 65
-0.758 -0.107 -0.043 235 177 65
-0.758 -0.106 -0.043 233 177 65
-0.758 -0.104 -0.043 236 179 70
-0.758 -0.102 -0.043 236 177 68
-0.759 -0.101 -0.044 234 177 68
-0.759 -0.099 -0.044 235 175 66
-0.760 -0.098 -0.045 235 179 69
-0.760 -0.096 -0.045 236 182 70
-0.760 -0.095 -0.045 236 181 70
-0.761 -0.093 -0.046 236 180 68
-0.761 -0.092 -0.046 237 179 67
-0.761 -0.090 -0.046 237 178 68
-0.762 -0.088 -0.047 236 179 69
-0.762 -0.087 -0.047 236 179 70
-0.764 -0.085 -0.048 236 180 70
-0.764 -0.083 -0.049 235 181 70
-0.765 -0.082 -0.049 237 182 69
-0.765 -0.080 -0.050 236 181 68
-0.766 -0.079 -0.050 235 180 69
-0.765 -0.077 -0.049 237 181 70
-0.765 -0.076 -0.050 238 179 68
-0.765 -0.074 -0.049 237 179 69
-0.764 -0.073 -0.049 242 182 74
-0.763 -0.071 -0.048 238 186 95
-0.764 -0.132 -0.051 224 161 80
-0.763 -0.131 -0.050 232 176 69
-0.763 -0.129 -0.050 233 171 63
-0.763 -0.128 -0.050 236 175 63
-0.761 -0.126 -0.049 238 176 66
-0.761 -0.125 -0.048 237 179 64
-0.760 -0.123 -0.047 239 179 67
-0.759 -0.122 -0.047 237 175 66
-0.759 -0.120 -0.046 234 178 66
-0.758 -0.119 -0.046 236 175 65
-0.757 -0.117 -0.045 235 177 66
-0.757 -0.116 -0.045 236 177 65
-0.757 -0.114 -0.044 235 177 69
-0.757 -0.113 -0.044 234 175 66
-0.756 -0.112 -0.043 235 178 67
-0.755 -0.110 -0.043 236 179 66
-0.755 -0.109 -0.043 237 176 65
-0.755 -0.107 -0.043 235 176 65
-0.755 -0.106 -0.043 234 177 67
-0.756 -0.104 -0.043 234 178 70
-0.756 -0.103 -0.043 235 179 71
-0.756 -0.101 -0.044 232 177 68
-0.757 -0.100 -0.044 234 177 65
-0.757 -0.098 -0.045 236 179 68
-0.758 -0.096 -0.045 236 177 67
-0.759 -0.095 -0.046 237 176 67
-0.759 -0.093 -0.046 238 179 69
-0.759 -0.092 -0.046 238 180 68
-0.760 -0.090 -0.047 237 180 71
-0.760 -0.088 -0.047 238 178 70
-0.761 -0.087 -0.048 238 177 69
-0.762 -0.085 -0.049 235 181 69
-0.763 -0.083 -0.049 236 180 67
-0.763 -0.082 -0.050 236 183 69
-0.763 -0.080 -0.050 236 182 69
-0.764 -0.079 -0.051 236 182 68
-0.763 -0.077 -0.050 237 182 70
-0.764 -0.076 -0.050 238 179 68
-0.763 -0.074 -0.050 237 180 71
-0.762 -0.073 -0.049 242 182 74
-0.761 -0.072 -0.048 240 185 95
-0.762 -0.132 -0.051 218 162 81
-0.762 -0.131 -0.051 230 171 64
-0.761 -0.129 -0.050 234 174 66
-0.761 -0.128 -0.050 238 171 63
-0.759 -0.126 -0.049 241 177 65
-0.758 -0.125 -0.048 237 180 66
-0.758 -0.123 -0.047 237 177 65
-0.757 -0.122 -0.047 238 176 64
-0.756 -0.120 -0.046 235 178 65
-0.756 -0.119 -0.045 236 177 65
-0.755 -0.117 -0.044 238 179 61
-0.755 -0.116 -0.044 236 178 66
-0.754 -0.115 -0.044 233 177 67
-0.754 -0.113 -0.044 234 179 68
-0.754 -0.112 -0.043 236 177 65
-0.753 -0.110 -0.043 237 181 66
-0.753 -0.109 -0.043 238 178 64
-0.753 -0.107 -0.043 237 178 64
-0.753 -0.106 -0.043 237 177 67
-0.753 -0.104 -0.043 235 177 65
-0.754 -0.103 -0.043 237 178 65
-0.754 -0.101 -0.044 235 179 67
-0.755 -0.100 -0.045 235 176 69
-0.756 -0.098 -0.045 236 182 71
-0.756 -0.096 -0.046 235 178 67
-0.757 -0.095 -0.047 236 178 67
-0.758 -0.093 -0.047 237 178 68
-0.758 -0.092 -0.047 237 178 68
-0.758 -0.090 -0.048 236 179 69
-0.759 -0.088 -0.048 236 178 68
-0.760 -0.087 -0.049 238 178 70
-0.761 -0.085 -0.050 236 179 69
-0.761 -0.084 -0.050 237 180 67
-0.761 -0.082 -0.050 238 182 70
-0.762 -0.080 -0.051 238 182 68
-0.762 -0.079 -0.051 238 183 68
-0.761 -0.077 -0.050 237 181 67
-0.762 -0.076 -0.051 237 181 69
-0.761 -0.074 -0.050 238 179 71
-0.761 -0.073 -0.050 243 182 73
-0.760 -0.072 -0.049 240 187 93
-0.760 -0.132 -0.052 215 159 85
-0.760 -0.131 -0.052 229 169 60
-0.759 -0.129 -0.051 234 176 66
-0.759 -0.128 -0.050 238 170 61
-0.757 -0.126 -0.049 239 172 63
-0.756 -0.125 -0.048 240 176 64
-0.756 -0.123 -0.047 240 179 65
-0.755 -0.122 -0.047 239 178 63
-0.754 -0.120 -0.046 238 181 66
-0.753 -0.119 -0.045 237 179 65
-0.753 -0.118 -0.044 237 178 66
-0.752 -0.116 -0.044 236 181 67
-0.752 -0.115 -0.043 237 178 66
-0.752 -0.113 -0.043 237 180 68
-0.751 -0.112 -0.043 239 179 67
-0.751 -0.110 -0.042 239 177 64
-0.751 -0.109 -0.043 237 181 66
-0.751 -0.107 -0.042 237 178 66
-0.751 -0.106 -0.043 238 175 66
-0.751 -0.104 -0.043 235 178 66
-0.752 -0.103 -0.044 237 177 64
-0.752 -0.101 -0.044 238 180 68
-0.753 -0.100 -0.045 237 178 68
-0.754 -0.098 -0.045 237 178 68
-0.754 -0.097 -0.046 235 176 68
-0.755 -0.095 -0.047 236 180 67
-0.756 -0.093 -0.047 236 181 67
-0.757 -0.092 -0.048 238 181 68
-0.757 -0.090 -0.048 237 180 70
-0.758 -0.089 -0.049 236 180 70
-0.758 -0.087 -0.050 237 179 69
-0.759 -0.085 -0.050 236 180 69
-0.760 -0.084 -0.051 238 179 68
-0.760 -0.082 -0.051 238 180 68
-0.760 -0.080 -0.051 239 182 68
-0.760 -0.079 -0.051 238 183 70
-0.760 -0.077 -0.051 238 181 68
-0.760 -0.076 -0.051 237 180 69
-0.760 -0.074 -0.051 237 180 70
-0.759 -0.073 -0.050 242 183 73
-0.759 -0.072 -0.050 239 188 94
-0.760 -0.132 -0.053 211 156 89
-0.759 -0.131 -0.052 221 161 59
-0.758 -0.129 -0.051 231 173 69
-0.757 -0.128 -0.051 226 165 61
-0.755 -0.126 -0.049 233 170 62
-0.754 -0.125 -0.048 237 175 64
-0.753 -0.123 -0.047 239 178 65
-0.752 -0.122 -0.046 239 177 64
-0.751 -0.121 -0.045 238 178 64
-0.751 -0.119 -0.045 236 180 66
-0.750 -0.118 -0.044 238 178 68
-0.750 -0.116 -0.043 238 182 69
-0.749 -0.115 -0.043 240 180 65
-0.749 -0.113 -0.043 241 178 63
-0.748 -0.112 -0.042 239 180 68
-0.749 -0.110 -0.043 238 178 65
-0.749 -0.109 -0.043 236 179 66
-0.749 -0.108 -0.043 236 182 69
-0.749 -0.106 -0.043 238 178 66
-0.750 -0.104 -0.044 236 179 66
-0.750 -0.103 -0.044 237 179 67
-0.751 -0.101 -0.044 238 177 66
-0.752 -0.100 -0.045 239 177 66
-0.752 -0.098 -0.046 240 176 66
-0.753 -0.097 -0.046 238 179 68
-0.754 -0.095 -0.047 238 178 65
-0.754 -0.093 -0.048 237 181 69
-0.755 -0.092 -0.049 237 178 69
-0.755 -0.090 -0.049 236 177 70
-0.756 -0.089 -0.050 235 177 67
-0.757 -0.087 -0.051 236 179 68
-0.758 -0.085 -0.051 236 180 70
-0.759 -0.084 -0.052 238 180 71
-0.758 -0.082 -0.052 239 180 67
-0.759 -0.080 -0.052 238 182 70
-0.758 -0.079 -0.052 237 179 69
-0.758 -0.077 -0.052 238 178 68
-0.758 -0.076 -0.052 238 179 68
-0.758 -0.074 -0.052 237 180 70
-0.758 -0.073 -0.051 242 183 75
-0.758 -0.072 -0.051 238 186 97
-0.759 -0.132 -0.055 212 154 89
-0.758 -0.131 -0.054 212 151 65
-0.757 -0.129 -0.052 231 169 67
-0.756 -0.128 -0.051 227 168 68
-0.753 -0.126 -0.049 227 164 61
-0.752 -0.125 -0.048 234 177 68
-0.751 -0.123 -0.047 237 175 64
-0.750 -0.122 -0.046 240 175 65
-0.749 -0.121 -0.045 240 178 67
-0.748 -0.119 -0.044 238 179 66
-0.748 -0.118 -0.044 238 179 67
-0.747 -0.116 -0.043 239 180 66
-0.747 -0.115 -0.043 242 180 62
-0.747 -0.113 -0.043 241 179 63
-0.747 -0.112 -0.043 239 183 68
-0.747 -0.110 -0.043 238 180 64
-0.747 -0.109 -0.043 238 182 67
-0.747 -0.108 -0.043 237 180 66
-0.748 -0.106 -0.044 237 179 64
-0.748 -0.105 -0.044 235 179 64
-0.748 -0.103 -0.044 238 175 65
-0.749 -0.101 -0.045 236 179 66
-0.750 -0.100 -0.045 238 180 69
-0.750 -0.098 -0.046 237 178 66
-0.751 -0.097 -0.047 238 181 67
-0.752 -0.095 -0.047 238 179 67
-0.752 -0.094 -0.048 237 180 68
-0.753 -0.092 -0.049 237 178 68
-0.754 -0.090 -0.049 237 179 68
-0.755 -0.089 -0.051 236 180 67
-0.756 -0.087 -0.052 237 181 67
-0.756 -0.085 -0.052 239 182 67
-0.757 -0.084 -0.053 238 183 68
-0.757 -0.082 -0.053 238 182 69
-0.758 -0.080 -0.053 239 181 67
-0.757 -0.079 -0.052 238 179 68
-0.757 -0.078 -0.052 238 178 68
-0.757 -0.076 -0.052 238 179 67
-0.757 -0.075 -0.052 240 181 70
-0.757 -0.073 -0.052 247 188 79
-0.757 -0.071 -0.052 239 184 97
-0.759 -0.132 -0.057 209 154 87
-0.758 -0.131 -0.056 205 149 70
-0.756 -0.129 -0.054 222 159 56
-0.755 -0.128 -0.053 231 173 68
-0.752 -0.126 -0.050 231 169 65
-0.751 -0.125 -0.049 233 170 64
-0.749 -0.123 -0.047 238 178 64
-0.747 -0.122 -0.046 237 179 64
-0.746 -0.121 -0.045 236 178 64
-0.746 -0.119 -0.044 238 182 69
-0.745 -0.118 -0.043 238 175 66
-0.745 -0.116 -0.043 241 178 65
-0.745 -0.115 -0.043 239 181 65
-0.745 -0.113 -0.043 240 180 63
-0.745 -0.112 -0.043 239 180 66
-0.745 -0.111 -0.043 239 179 63
-0.745 -0.109 -0.043 239 182 65
-0.745 -0.108 -0.043 240 180 63
-0.746 -0.106 -0.044 237 178 65
-0.746 -0.105 -0.044 234 180 68
-0.747 -0.103 -0.045 236 179 67
-0.747 -0.102 -0.045 236 179 64
-0.748 -0.100 -0.046 236 179 67
-0.748 -0.098 -0.046 235 177 69
-0.749 -0.097 -0.047 237 179 67
-0.749 -0.095 -0.047 238 177 66
-0.750 -0.094 -0.048 238 181 65
-0.751 -0.092 -0.049 237 179 67
-0.752 -0.090 -0.050 235 180 68
-0.753 -0.089 -0.051 237 180 68
-0.755 -0.087 -0.053 237 182 70
-0.755 -0.085 -0.053 238 181 67
-0.756 -0.084 -0.054 239 180 67
-0.756 -0.082 -0.054 238 183 71
-0.756 -0.081 -0.054 239 181 69
-0.756 -0.079 -0.053 240 179 67
-0.756 -0.078 -0.053 239 180 67
-0.756 -0.076 -0.053 237 179 68
-0.756 -0.075 -0.053 244 183 74
-0.756 -0.073 -0.054 245 188 86
-0.756 -0.071 -0.054 237 185 103
-0.760 -0.135 -0.060 173 172 139
-0.760 -0.134 -0.060 162 147 117
-0.759 -0.132 -0.059 192 143 81
-0.758 -0.131 -0.058 202 147 76
-0.755 -0.129 -0.055 211 147 58
-0.754 -0.128 -0.054 225 163 57
-0.751 -0.126 -0.051 234 174 68
-0.749 -0.125 -0.049 233 173 67
-0.747 -0.124 -0.047 236 175 63
-0.745 -0.122 -0.045 238 178 66
-0.744 -0.121 -0.044 239 174 65
-0.743 -0.119 -0.044 239 177 64
-0.743 -0.118 -0.043 238 179 66
-0.743 -0.116 -0.043 243 181 64
-0.742 -0.115 -0.043 240 180 64
-0.743 -0.114 -0.043 240 179 67
-0.743 -0.112 -0.043 240 176 64
-0.743 -0.111 -0.043 239 179 66
-0.743 -0.109 -0.043 238 181 64
-0.744 -0.108 -0.044 237 178 64
-0.744 -0.106 -0.044 237 178 65
-0.745 -0.105 -0.045 237 180 69
-0.745 -0.103 -0.045 237 177 68
-0.745 -0.102 -0.045 238 180 65
-0.746 -0.100 -0.046 238 179 67
-0.746 -0.099 -0.046 238 176 66
-0.747 -0.097 -0.047 239 180 66
-0.747 -0.095 -0.047 236 181 66
-0.748 -0.094 -0.048 237 181 63
-0.749 -0.092 -0.049 237 181 66
-0.750 -0.091 -0.050 236 180 65
-0.752 -0.089 -0.052 237 179 67
-0.753 -0.087 -0.053 240 183 68
-0.754 -0.085 -0.054 237 182 67
-0.754 -0.084 -0.054 239 180 69
-0.754 -0.082 -0.054 239 179 68
-0.755 -0.081 -0.055 239 181 70
-0.754 -0.079 -0.054 239 180 69
-0.755 -0.078 -0.054 238 179 70
-0.755 -0.076 -0.054 239 180 74
-0.755 -0.075 -0.054 251 191 87
-0.755 -0.073 -0.055 241 186 95
-0.755 -0.071 -0.055 231 186 119
-0.761 -0.135 -0.063 172 139 115
-0.760 -0.134 -0.062 156 100 68
-0.759 -0.132 -0.061 190 138 78
-0.758 -0.131 -0.060 201 145 77
-0.755 -0.129 -0.058 202 146 66
-0.754 -0.128 -0.056 210 150 57
-0.751 -0.126 -0.053 225 165 59
-0.748 -0.125 -0.050 233 176 69
-0.745 -0.124 -0.048 236 174 68
-0.743 -0.122 -0.046 239 180 68
-0.742 -0.121 -0.045 239 175 67
-0.741 -0.119 -0.044 240 180 68
-0.741 -0.118 -0.043 239 179 65
-0.741 -0.117 -0.043 238 174 63
-0.741 -0.115 -0.043 240 181 66
-0.741 -0.114 -0.043 240 177 65
-0.741 -0.112 -0.043 240 180 65
-0.741 -0.111 -0.043 238 179 63
-0.741 -0.109 -0.043 240 180 63
-0.742 -0.108 -0.044 238 179 67
-0.742 -0.106 -0.044 237 178 66
-0.742 -0.105 -0.045 238 180 65
-0.743 -0.103 -0.045 237 178 66
-0.743 -0.102 -0.045 237 177 65
-0.744 -0.100 -0.046 238 180 68
-0.744 -0.099 -0.046 238 178 66
-0.745 -0.097 -0.047 237 177 64
-0.746 -0.096 -0.048 235 179 65
-0.746 -0.094 -0.048 239 182 66
-0.748 -0.092 -0.050 238 180 67
-0.748 -0.091 -0.050 237 180 68
-0.750 -0.089 -0.052 239 179 65
-0.752 -0.087 -0.054 240 180 66
-0.752 -0.085 -0.054 236 182 68
-0.753 -0.084 -0.055 237 180 67
-0.753 -0.082 -0.055 237 181 70
-0.753 -0.081 -0.055 237 181 71
-0.753 -0.079 -0.055 239 181 69
-0.753 -0.078 -0.055 240 182 72
-0.754 -0.076 -0.055 251 190 87
-0.754 -0.074 -0.056 249 200 102
-0.755 -0.073 -0.057 233 179 102
-0.761 -0.135 -0.065 172 136 111
-0.760 -0.134 -0.065 153 106 71
-0.759 -0.132 -0.064 182 128 77
-0.758 -0.131 -0.063 198 147 80
-0.756 -0.129 -0.060 200 140 67
-0.754 -0.128 -0.058 201 138 56
-0.751 -0.126 -0.055 209 150 53
-0.747 -0.125 -0.051 222 164 60
-0.744 -0.124 -0.049 235 176 64
-0.742 -0.122 -0.046 238 175 66
-0.741 -0.121 -0.045 238 181 69
-0.740 -0.119 -0.044 239 177 64
-0.739 -0.118 -0.043 240 176 64
-0.739 -0.117 -0.044 237 177 63
-0.739 -0.115 -0.043 242 176 66
-0.739 -0.114 -0.043 237 177 65
-0.739 -0.112 -0.043 239 180 66
-0.740 -0.111 -0.044 239 176 65
-0.740 -0.109 -0.044 238 177 62
-0.740 -0.108 -0.044 239 179 64
-0.740 -0.106 -0.045 239 178 64
-0.741 -0.105 -0.045 240 181 65
-0.741 -0.103 -0.046 239 179 65
-0.742 -0.102 -0.046 238 176 65
-0.742 -0.100 -0.046 239 173 64
-0.743 -0.099 -0.047 238 178 64
-0.743 -0.097 -0.047 240 180 65
-0.744 -0.096 -0.048 240 180 66
-0.744 -0.094 -0.048 240 178 65
-0.746 -0.092 -0.050 240 178 65
-0.746 -0.091 -0.051 239 180 68
-0.748 -0.089 -0.053 241 182 67
-0.750 -0.087 -0.054 241 180 66
-0.751 -0.086 -0.055 239 181 67
-0.751 -0.084 -0.055 237 179 66
-0.752 -0.082 -0.056 238 184 69
-0.752 -0.081 -0.056 238 180 68
-0.752 -0.079 -0.056 239 180 72
-0.752 -0.078 -0.056 251 191 88
-0.753 -0.076 -0.057 249 208 103
-0.753 -0.074 -0.058 234 182 91
-0.755 -0.072 -0.059 222 172 103
-0.761 -0.135 -0.068 167 127 107
-0.761 -0.134 -0.067 149 107 76
-0.760 -0.132 -0.066 162 118 77
-0.758 -0.131 -0.065 194 148 78
-0.756 -0.129 -0.062 196 143 68
-0.754 -0.128 -0.061 196 136 62
-0.750 -0.126 -0.057 200 137 52
-0.746 -0.125 -0.052 207 148 50
-0.743 -0.124 -0.050 220 163 57
-0.741 -0.122 -0.047 232 172 63
-0.740 -0.121 -0.046 236 175 68
-0.738 -0.119 -0.045 240 180 70
-0.738 -0.118 -0.044 239 179 68
-0.738 -0.117 -0.044 236 176 65
-0.737 -0.115 -0.044 240 176 66
-0.737 -0.114 -0.044 239 177 66
-0.737 -0.112 -0.043 238 180 67
-0.738 -0.111 -0.044 238 179 67
-0.738 -0.109 -0.044 238 179 66
-0.738 -0.108 -0.045 238 178 64
-0.739 -0.106 -0.045 240 177 62
-0.739 -0.105 -0.046 240 179 64
-0.740 -0.103 -0.046 239 178 66
-0.740 -0.102 -0.046 237 177 63
-0.741 -0.100 -0.047 238 176 65
-0.741 -0.099 -0.047 238 173 64
-0.741 -0.097 -0.048 238 177 67
-0.742 -0.096 -0.048 239 178 63
-0.742 -0.094 -0.049 241 182 66
-0.744 -0.093 -0.050 241 178 67
-0.745 -0.091 -0.051 240 182 68
-0.747 -0.089 -0.053 239 178 66
-0.749 -0.087 -0.055 240 180 67
-0.749 -0.086 -0.056 240 177 66
-0.750 -0.084 -0.056 239 178 67
-0.751 -0.082 -0.057 238 179 70
-0.751 -0.081 -0.057 240 180 78
-0.751 -0.079 -0.057 252 196 90
-0.751 -0.078 -0.058 250 198 97
-0.752 -0.076 -0.059 233 179 80
-0.753 -0.074 -0.060 222 165 85
-0.754 -0.072 -0.061 217 172 114
-0.761 -0.135 -0.070 171 114 90
-0.760 -0.134 -0.069 151 109 81
-0.759 -0.132 -0.068 152 114 80
-0.758 -0.131 -0.067 179 132 79
-0.755 -0.129 -0.064 194 139 71
-0.753 -0.128 -0.062 192 135 64
-0.750 -0.126 -0.058 192 131 58
-0.746 -0.125 -0.054 196 134 53
-0.742 -0.124 -0.051 204 143 51
-0.740 -0.122 -0.048 214 156 53
-0.738 -0.121 -0.047 226 168 62
-0.737 -0.119 -0.045 236 173 66
-0.736 -0.118 -0.044 238 177 68
-0.736 -0.117 -0.044 239 173 65
-0.736 -0.115 -0.044 239 175 67
-0.736 -0.114 -0.044 238 174 64
-0.736 -0.112 -0.044 237 178 66
-0.736 -0.111 -0.044 238 177 67
-0.736 -0.109 -0.044 239 176 66
-0.736 -0.108 -0.045 237 179 64
-0.737 -0.107 -0.045 237 178 63
-0.737 -0.105 -0.046 237 178 64
-0.738 -0.104 -0.046 240 176 64
-0.739 -0.102 -0.047 237 176 65
-0.739 -0.101 -0.047 237 177 66
-0.739 -0.099 -0.047 239 177 63
-0.740 -0.097 -0.048 237 178 63
-0.740 -0.096 -0.049 238 178 62
-0.741 -0.094 -0.049 238 179 63
-0.743 -0.093 -0.051 239 181 66
-0.744 -0.091 -0.052 241 180 64
-0.745 -0.089 -0.054 240 180 68
-0.747 -0.087 -0.056 236 178 65
-0.748 -0.086 -0.056 236 178 65
-0.749 -0.084 -0.057 236 177 68
-0.749 -0.082 -0.058 245 180 79
-0.750 -0.081 -0.058 251 211 100
-0.750 -0.079 -0.058 246 189 98
-0.751 -0.077 -0.059 234 174 77
-0.752 -0.076 -0.060 222 166 78
-0.753 -0.074 -0.061 216 165 93
-0.754 -0.072 -0.063 218 181 122
-0.760 -0.135 -0.071 170 111 80
-0.760 -0.134 -0.071 150 115 86
-0.759 -0.132 -0.070 147 110 79
-0.757 -0.131 -0.068 165 131 86
-0.755 -0.129 -0.066 187 136 68
-0.753 -0.128 -0.063 193 134 65
-0.749 -0.126 -0.060 188 131 63
-0.745 -0.125 -0.056 190 132 58
-0.742 -0.123 -0.052 194 130 52
-0.739 -0.122 -0.049 201 138 47
-0.737 -0.121 -0.047 209 149 50
-0.736 -0.119 -0.046 220 160 58
-0.735 -0.118 -0.045 232 172 63
-0.734 -0.117 -0.045 235 178 66
-0.734 -0.115 -0.044 235 173 66
-0.734 -0.114 -0.044 224 167 63
-0.734 -0.112 -0.044 232 176 63
-0.734 -0.111 -0.044 240 176 68
-0.734 -0.110 -0.044 240 176 64
-0.734 -0.108 -0.045 237 176 62
-0.735 -0.107 -0.045 238 179 65
-0.735 -0.105 -0.046 238 177 66
-0.736 -0.104 -0.046 239 179 67
-0.737 -0.102 -0.047 241 177 65
-0.737 -0.101 -0.047 238 177 65
-0.737 -0.099 -0.048 237 173 64
-0.738 -0.097 -0.049 238 178 66
-0.739 -0.096 -0.049 238 179 64
-0.740 -0.094 -0.050 239 180 64
-0.741 -0.093 -0.051 239 180 66
-0.742 -0.091 -0.052 238 180 66
-0.744 -0.089 -0.054 235 178 66
-0.745 -0.087 -0.056 238 181 69
-0.746 -0.086 -0.057 244 178 71
-0.747 -0.084 -0.057 247 190 81
-0.748 -0.082 -0.059 239 187 90
-0.749 -0.081 -0.059 240 178 79
-0.749 -0.079 -0.060 229 167 75
-0.750 -0.077 -0.061 218 156 76
-0.752 -0.075 -0.062 214 159 83
-0.753 -0.074 -0.064 215 166 102
-0.754 -0.072 -0.065 220 183 129
-0.759 -0.135 -0.073 198 155 98
-0.759 -0.134 -0.072 154 120 96
-0.758 -0.132 -0.071 143 107 79
-0.757 -0.131 -0.070 161 120 88
-0.755 -0.129 -0.068 172 131 83
-0.753 -0.128 -0.066 186 136 66
-0.751 -0.126 -0.064 187 132 63
-0.747 -0.125 -0.060 189 131 58
-0.742 -0.123 -0.055 187 127 55
-0.740 -0.122 -0.052 190 127 51
-0.738 -0.121 -0.050 194 132 49
-0.736 -0.119 -0.048 203 138 45
-0.735 -0.118 -0.047 213 152 55
-0.734 -0.117 -0.046 219 164 63
-0.733 -0.115 -0.045 228 174 67
-0.733 -0.114 -0.045 229 169 67
-0.732 -0.112 -0.044 234 179 67
-0.732 -0.111 -0.044 238 179 69
-0.732 -0.110 -0.044 237 176 66
-0.732 -0.108 -0.044 239 176 62
-0.733 -0.107 -0.045 240 178 66
-0.733 -0.105 -0.045 239 172 67
-0.734 -0.104 -0.046 239 175 69
-0.735 -0.102 -0.047 236 173 67
-0.735 -0.101 -0.048 236 177 69
-0.736 -0.099 -0.048 235 177 68
-0.737 -0.098 -0.049 236 175 67
-0.738 -0.096 -0.051 239 178 67
-0.739 -0.094 -0.051 239 180 67
-0.740 -0.093 -0.052 242 181 70
-0.741 -0.091 -0.053 242 180 69
-0.742 -0.089 -0.055 239 180 70
-0.743 -0.088 -0.056 238 185 74
-0.744 -0.086 -0.057 237 180 75
-0.745 -0.084 -0.058 235 172 71
-0.747 -0.082 -0.059 226 165 72
-0.748 -0.081 -0.060 220 159 75
-0.749 -0.079 -0.061 214 154 74
-0.749 -0.077 -0.062 210 153 77
-0.752 -0.075 -0.065 212 160 86
-0.753 -0.073 -0.066 208 168 111
-0.758 -0.134 -0.073 187 152 124
-0.757 -0.132 -0.072 157 109 84
-0.756 -0.131 -0.072 152 114 83
-0.754 -0.129 -0.070 164 119 90
-0.753 -0.128 -0.068 176 122 71
-0.751 -0.126 -0.066 185 133 63
-0.746 -0.125 -0.061 185 132 60
-0.743 -0.123 -0.058 187 129 55
-0.740 -0.122 -0.055 188 128 51
-0.738 -0.121 -0.053 188 127 50
-0.737 -0.119 -0.051 190 130 49
-0.735 -0.118 -0.050 193 133 48
-0.734 -0.117 -0.048 201 135 47
-0.732 -0.115 -0.047 208 145 51
-0.732 -0.114 -0.046 213 154 58
-0.731 -0.113 -0.045 218 163 62
-0.731 -0.111 -0.045 227 171 64
-0.731 -0.110 -0.045 232 176 67
-0.731 -0.108 -0.045 234 175 65
-0.732 -0.107 -0.047 235 176 67
-0.733 -0.105 -0.047 236 177 68
-0.734 -0.104 -0.048 236 174 68
-0.734 -0.102 -0.048 232 172 72
-0.735 -0.101 -0.049 220 159 66
-0.735 -0.099 -0.050 225 165 66
-0.736 -0.097 -0.051 235 176 68
-0.737 -0.096 -0.052 240 181 72
-0.738 -0.094 -0.053 241 181 72
-0.739 -0.093 -0.054 242 181 74
-0.740 -0.091 -0.055 241 180 73
-0.742 -0.089 -0.056 231 178 74
-0.743 -0.088 -0.057 223 170 75
-0.743 -0.086 -0.058 220 162 70
-0.744 -0.084 -0.059 217 156 67
-0.744 -0.083 -0.059 213 151 67
-0.746 -0.081 -0.061 209 147 70
-0.748 -0.079 -0.063 209 151 73
-0.749 -0.077 -0.064 210 157 79
-0.751 -0.075 -0.066 208 160 93
-0.753 -0.073 -0.068 205 170 121
-0.757 -0.134 -0.075 194 168 137
-0.757 -0.132 -0.074 164 114 84
-0.756 -0.131 -0.074 152 107 80
-0.755 -0.129 -0.072 179 117 86
-0.753 -0.128 -0.071 190 112 77
-0.752 -0.126 -0.069 186 121 64
-0.747 -0.125 -0.065 187 128 58
-0.744 -0.123 -0.061 185 128 56
-0.741 -0.122 -0.058 187 126 51
-0.739 -0.121 -0.056 184 128 54
-0.737 -0.119 -0.054 184 123 53
-0.736 -0.118 -0.053 186 130 53
-0.734 -0.116 -0.050 189 128 47
-0.732 -0.115 -0.049 191 125 47
-0.731 -0.114 -0.048 195 128 46
-0.730 -0.112 -0.047 198 136 47
-0.730 -0.111 -0.046 206 140 49
-0.730 -0.110 -0.046 212 147 51
-0.730 -0.108 -0.047 216 151 51
-0.731 -0.107 -0.048 218 155 54
-0.732 -0.105 -0.048 219 161 57
-0.732 -0.104 -0.049 221 163 59
-0.734 -0.102 -0.050 221 163 62
-0.734 -0.101 -0.051 217 161 62
-0.735 -0.099 -0.051 219 165 65
-0.736 -0.097 -0.052 221 170 68
-0.737 -0.096 -0.053 220 167 66
-0.738 -0.094 -0.054 220 163 65
-0.739 -0.092 -0.056 220 161 65
-0.741 -0.091 -0.057 222 158 60
-0.741 -0.089 -0.058 218 157 66
-0.742 -0.087 -0.059 214 154 71
-0.743 -0.086 -0.060 210 149 69
-0.744 -0.084 -0.061 206 146 66
-0.744 -0.082 -0.061 205 149 68
-0.745 -0.081 -0.062 206 149 70
-0.748 -0.079 -0.065 208 154 76
-0.749 -0.077 -0.066 206 158 86
-0.752 -0.075 -0.069 198 159 108
-0.757 -0.134 -0.077 191 164 141
-0.756 -0.132 -0.077 187 125 84
-0.756 -0.131 -0.076 176 114 84
-0.754 -0.129 -0.074 191 116 82
-0.753 -0.128 -0.073 195 107 75
-0.751 -0.126 -0.071 194 105 71
-0.751 -0.124 -0.071 189 115 61
-0.749 -0.123 -0.068 184 127 57
-0.747 -0.122 -0.066 184 128 53
-0.745 -0.120 -0.064 183 125 51
-0.742 -0.119 -0.062 184 125 53
-0.741 -0.117 -0.060 188 130 56
-0.734 -0.116 -0.053 187 129 51
-0.732 -0.115 -0.051 184 126 50
-0.731 -0.114 -0.049 186 123 47
-0.730 -0.112 -0.048 184 125 46
-0.730 -0.111 -0.048 187 130 48
-0.729 -0.110 -0.048 192 129 46
-0.729 -0.108 -0.048 200 137 46
-0.731 -0.107 -0.049 198 135 48
-0.731 -0.105 -0.049 199 137 48
-0.732 -0.104 -0.051 202 142 51
-0.734 -0.102 -0.052 205 142 52
-0.734 -0.100 -0.052 203 145 54
-0.734 -0.099 -0.053 204 145 53
-0.735 -0.097 -0.054 208 145 55
-0.736 -0.096 -0.055 207 145 56
-0.737 -0.094 -0.056 205 145 58
-0.738 -0.092 -0.057 200 142 62
-0.740 -0.091 -0.059 205 147 60
-0.741 -0.089 -0.060 204 146 64
-0.742 -0.087 -0.061 205 141 66
-0.743 -0.086 -0.062 206 145 64
-0.743 -0.084 -0.062 205 146 70
-0.745 -0.082 -0.064 205 149 73
-0.746 -0.080 -0.065 205 150 74
-0.748 -0.078 -0.068 205 157 83
-0.749 -0.076 -0.069 192 157 101
-0.757 -0.134 -0.080 191 164 141
-0.756 -0.132 -0.079 194 131 93
-0.756 -0.131 -0.078 184 122 99
-0.755 -0.129 -0.077 195 115 83
-0.753 -0.127 -0.075 195 108 72
-0.752 -0.126 -0.074 194 103 69
-0.752 -0.124 -0.074 195 101 65
-0.750 -0.123 -0.072 188 109 57
-0.748 -0.121 -0.070 183 117 52
-0.745 -0.120 -0.067 183 129 54
-0.743 -0.119 -0.064 186 125 50
-0.741 -0.117 -0.062 187 123 53
-0.734 -0.116 -0.055 186 128 54
-0.732 -0.115 -0.053 186 126 51
-0.731 -0.114 -0.051 185 126 49
-0.730 -0.112 -0.051 185 125 50
-0.729 -0.111 -0.049 186 121 49
-0.730 -0.109 -0.050 186 129 51
-0.730 -0.108 -0.050 188 128 49
-0.731 -0.106 -0.052 191 127 49
-0.732 -0.105 -0.052 191 130 45
-0.732 -0.103 -0.053 191 130 49
-0.733 -0.102 -0.054 192 134 52
-0.734 -0.100 -0.054 192 132 53
-0.734 -0.099 -0.055 196 133 52
-0.735 -0.097 -0.056 199 136 56
-0.736 -0.095 -0.057 197 137 55
-0.737 -0.094 -0.058 198 137 60
-0.738 -0.092 -0.059 194 136 61
-0.740 -0.090 -0.061 199 144 62
-0.741 -0.089 -0.062 200 139 64
-0.743 -0.087 -0.064 201 145 69
-0.743 -0.085 -0.065 205 146 70
-0.743 -0.084 -0.064 203 147 73
-0.745 -0.082 -0.066 201 150 75
-0.746 -0.080 -0.068 198 152 83
-0.749 -0.078 -0.071 189 152 101
-0.750 -0.076 -0.072 177 165 130
-0.757 -0.134 -0.082 185 159 140
-0.756 -0.132 -0.081 195 133 97
-0.756 -0.131 -0.081 192 130 102
-0.754 -0.129 -0.079 197 114 82
-0.753 -0.127 -0.077 196 108 76
-0.752 -0.126 -0.076 198 101 69
-0.751 -0.124 -0.075 198 97 64
-0.749 -0.123 -0.073 193 95 61
-0.748 -0.121 -0.072 188 95 58
-0.746 -0.120 -0.070 177 111 56
-0.743 -0.119 -0.067 180 123 55
-0.740 -0.117 -0.064 185 130 57
-0.735 -0.116 -0.058 186 128 52
-0.732 -0.115 -0.055 186 128 51
-0.730 -0.114 -0.053 183 127 50
-0.729 -0.112 -0.052 185 122 46
-0.728 -0.111 -0.051 183 124 48
-0.729 -0.109 -0.051 184 125 49
-0.730 -0.108 -0.053 185 129 50
-0.731 -0.106 -0.054 188 127 50
-0.732 -0.105 -0.054 188 128 48
-0.733 -0.103 -0.055 192 132 51
-0.733 -0.102 -0.056 191 131 52
-0.734 -0.100 -0.056 190 134 53
-0.734 -0.099 -0.057 190 135 56
-0.734 -0.097 -0.057 191 134 55
-0.736 -0.095 -0.059 191 137 58
-0.737 -0.094 -0.060 195 139 63
-0.738 -0.092 -0.061 192 138 63
-0.740 -0.090 -0.063 198 145 66
-0.742 -0.088 -0.065 200 141 62
-0.746 -0.086 -0.070 200 142 68
-0.747 -0.084 -0.071 201 143 69
-0.745 -0.083 -0.069 199 150 77
-0.752 -0.080 -0.076 188 152 89
-0.753 -0.078 -0.077 174 147 104
-0.755 -0.076 -0.079 178 163 133
-0.756 -0.074 -0.080 161 170 150
-0.758 -0.134 -0.085 180 158 135
-0.757 -0.132 -0.084 191 141 107
-0.757 -0.131 -0.084 194 130 102
-0.756 -0.129 -0.083 199 113 83
-0.755 -0.127 -0.082 198 105 74
-0.754 -0.126 -0.081 198 101 67
-0.752 -0.124 -0.079 196 92 62
-0.751 -0.123 -0.078 192 92 60
-0.749 -0.121 -0.076 189 93 58
-0.747 -0.120 -0.073 184 93 60
-0.744 -0.118 -0.070 177 93 58
-0.742 -0.117 -0.068 174 107 52
-0.736 -0.116 -0.061 174 120 51
-0.733 -0.115 -0.058 179 129 55
-0.731 -0.113 -0.056 182 128 51
-0.730 -0.112 -0.055 184 125 48
-0.729 -0.111 -0.053 182 124 50
-0.730 -0.109 -0.055 184 123 45
-0.731 -0.108 -0.056 186 129 48
-0.733 -0.106 -0.057 186 127 46
-0.733 -0.104 -0.058 187 129 48
-0.733 -0.103 -0.058 189 131 50
-0.733 -0.101 -0.058 190 136 53
-0.733 -0.100 -0.058 190 134 51
-0.734 -0.098 -0.059 190 133 55
-0.734 -0.097 -0.059 192 136 58
-0.736 -0.095 -0.061 192 134 57
-0.737 -0.094 -0.062 194 136 59
-0.738 -0.092 -0.063 193 134 61
-0.740 -0.090 -0.066 198 144 67
-0.742 -0.088 -0.067 197 143 67
-0.744 -0.086 -0.070 195 147 75
-0.747 -0.084 -0.073 190 144 81
-0.749 -0.082 -0.075 162 138 92
-0.753 -0.080 -0.079 137 122 115
-0.754 -0.078 -0.081 132 128 132
-0.756 -0.076 -0.083 163 154 141
-0.757 -0.074 -0.084 150 154 149
-0.758 -0.134 -0.088 182 163 136
-0.758 -0.132 -0.087 187 141 109
-0.757 -0.131 -0.087 192 128 104
-0.757 -0.129 -0.086 196 115 87
-0.756 -0.127 -0.085 196 106 74
-0.755 -0.126 -0.084 194 102 72
-0.754 -0.124 -0.083 192 93 62
-0.752 -0.123 -0.081 189 93 62
-0.750 -0.121 -0.079 191 88 54
-0.748 -0.120 -0.076 189 89 58
-0.744 -0.118 -0.073 186 91 60
-0.742 -0.117 -0.070 183 91 61
-0.737 -0.116 -0.064 183 93 59
-0.734 -0.115 -0.061 176 102 55
-0.732 -0.113 -0.059 162 111 55
-0.731 -0.112 -0.058 168 122 59
-0.729 -0.111 -0.056 174 127 58
-0.730 -0.109 -0.056 179 129 52
-0.732 -0.107 -0.059 181 127 48
-0.732 -0.106 -0.059 184 129 47
-0.733 -0.104 -0.060 188 127 48
-0.733 -0.103 -0.060 185 130 49
-0.733 -0.101 -0.060 188 130 50
-0.734 -0.100 -0.061 188 132 51
-0.734 -0.098 -0.061 189 131 53
-0.734 -0.097 -0.061 189 133 56
-0.736 -0.095 -0.063 190 137 56
-0.737 -0.093 -0.064 191 138 61
-0.738 -0.092 -0.066 192 137 61
-0.740 -0.090 -0.068 192 151 80
-0.742 -0.088 -0.070 168 140 83
-0.746 -0.085 -0.074 141 129 93
-0.748 -0.083 -0.077 134 116 107
-0.748 -0.082 -0.077 119 116 116
-0.754 -0.079 -0.083 112 116 130
-0.755 -0.077 -0.084 120 120 132
-0.755 -0.075 -0.085 150 143 136
-0.757 -0.074 -0.086 168 154 138
-0.759 -0.134 -0.091 174 162 142
-0.759 -0.132 -0.091 184 139 108
-0.758 -0.130 -0.090 189 129 104
-0.757 -0.129 -0.089 193 113 85
-0.757 -0.127 -0.088 195 107 76
-0.755 -0.126 -0.087 192 101 73
-0.754 -0.124 -0.085 192 93 65
-0.752 -0.123 -0.084 190 91 63
-0.750 -0.121 -0.082 193 90 56
-0.748 -0.120 -0.079 195 89 56
-0.745 -0.118 -0.075 192 92 59
-0.742 -0.117 -0.073 193 94 61
-0.738 -0.116 -0.067 191 92 61
-0.735 -0.114 -0.064 169 92 64
-0.733 -0.113 -0.062 121 79 67
-0.732 -0.112 -0.061 111 78 72
-0.730 -0.110 -0.059 114 86 66
-0.731 -0.109 -0.060 120 100 63
-0.733 -0.107 -0.062 129 112 65
-0.734 -0.106 -0.063 139 116 64
-0.734 -0.104 -0.064 152 123 62
-0.735 -0.102 -0.064 160 127 63
-0.735 -0.101 -0.065 168 126 59
-0.735 -0.099 -0.065 171 132 64
-0.735 -0.098 -0.065 168 131 65
-0.735 -0.096 -0.065 159 130 67
-0.737 -0.095 -0.067 153 128 69
-0.738 -0.093 -0.067 150 125 74
-0.739 -0.091 -0.069 148 121 78
-0.741 -0.089 -0.071 125 103 92
-0.743 -0.087 -0.074 116 100 101
-0.747 -0.085 -0.077 106 110 110
-0.749 -0.083 -0.080 102 105 119
-0.750 -0.081 -0.081 101 112 124
-0.754 -0.079 -0.086 112 123 133
-0.755 -0.077 -0.087 119 129 139
-0.757 -0.075 -0.089 137 139 137
-0.757 -0.073 -0.089 184 160 141
-0.759 -0.134 -0.094 179 161 142
-0.759 -0.132 -0.094 181 142 109
-0.758 -0.130 -0.093 171 131 105
-0.757 -0.129 -0.092 186 113 86
-0.757 -0.127 -0.092 188 103 77
-0.756 -0.126 -0.090 190 103 75
-0.755 -0.124 -0.089 192 94 67
-0.753 -0.122 -0.087 191 93 66
-0.751 -0.121 -0.084 192 92 59
-0.748 -0.120 -0.082 193 89 58
-0.746 -0.118 -0.079 193 89 58
-0.743 -0.117 -0.076 176 100 62
-0.739 -0.115 -0.071 165 96 64
-0.737 -0.114 -0.069 144 80 63
-0.735 -0.113 -0.066 117 94 72
-0.735 -0.111 -0.066 119 87 71
-0.733 -0.110 -0.065 122 97 71
-0.733 -0.109 -0.065 105 89 73
-0.734 -0.107 -0.066 93 75 77
-0.735 -0.105 -0.066 86 71 78
-0.735 -0.104 -0.067 96 75 80
-0.736 -0.102 -0.067 114 82 78
-0.736 -0.101 -0.068 116 93 75
-0.736 -0.099 -0.068 131 94 77
-0.736 -0.098 -0.068 140 97 77
-0.736 -0.096 -0.068 129 91 79
-0.738 -0.094 -0.070 132 103 82
-0.738 -0.093 -0.070 124 111 88
-0.740 -0.091 -0.073 104 97 92
-0.743 -0.089 -0.075 109 96 97
-0.744 -0.087 -0.077 120 115 104
-0.747 -0.085 -0.080 101 101 110
-0.750 -0.083 -0.083 98 103 118
-0.750 -0.081 -0.084 102 112 125
-0.755 -0.078 -0.090 131 130 139
-0.757 -0.076 -0.091 126 136 148
-0.758 -0.074 -0.092 135 139 143
-0.760 -0.134 -0.097 179 164 141
-0.760 -0.132 -0.097 178 148 115
-0.759 -0.130 -0.096 154 134 110
-0.758 -0.129 -0.095 157 114 89
-0.756 -0.127 -0.093 178 111 81
-0.755 -0.126 -0.092 187 103 76
-0.753 -0.124 -0.090 188 100 69
-0.753 -0.122 -0.090 186 96 65
-0.751 -0.121 -0.088 188 94 60
-0.750 -0.119 -0.086 191 92 60
-0.748 -0.118 -0.084 190 96 61
-0.746 -0.116 -0.082 163 98 63
-0.744 -0.115 -0.080 151 100 66
-0.743 -0.114 -0.078 138 97 65
-0.741 -0.112 -0.076 134 100 69
-0.738 -0.111 -0.072 129 94 71
-0.737 -0.110 -0.071 129 89 66
-0.736 -0.108 -0.070 113 98 69
-0.735 -0.107 -0.069 111 87 76
-0.736 -0.105 -0.070 81 75 76
-0.736 -0.103 -0.071 72 73 83
-0.737 -0.102 -0.071 90 72 80
-0.737 -0.100 -0.071 95 87 82
-0.737 -0.099 -0.071 114 86 82
-0.737 -0.097 -0.072 124 89 77
-0.737 -0.096 -0.072 128 109 85
-0.739 -0.094 -0.073 129 111 86
-0.739 -0.092 -0.073 103 88 91
-0.740 -0.091 -0.075 110 94 92
-0.741 -0.089 -0.076 124 110 100
-0.743 -0.087 -0.078 108 102 102
-0.747 -0.085 -0.082 93 101 110
-0.749 -0.083 -0.085 98 105 119
-0.752 -0.080 -0.088 108 111 127
-0.755 -0.078 -0.092 124 128 141
-0.756 -0.076 -0.093 124 133 141
-0.757 -0.074 -0.094 133 140 145
-0.760 -0.134 -0.100 175 159 139
-0.760 -0.132 -0.099 174 148 119
-0.759 -0.130 -0.098 146 138 115
-0.758 -0.129 -0.098 129 113 94
-0.757 -0.127 -0.097 132 104 86
-0.756 -0.126 -0.095 145 102 82
-0.754 -0.124 -0.093 171 103 69
-0.752 -0.122 -0.091 178 101 61
-0.751 -0.121 -0.090 179 99 58
-0.749 -0.119 -0.088 173 101 62
-0.748 -0.118 -0.086 171 100 63
-0.746 -0.116 -0.084 167 103 59
-0.746 -0.115 -0.084 156 103 63
-0.744 -0.113 -0.082 131 95 68
-0.743 -0.112 -0.081 120 89 65
-0.743 -0.110 -0.080 126 98 69
-0.742 -0.109 -0.079 122 91 70
-0.742 -0.107 -0.080 124 99 68
-0.744 -0.105 -0.081 124 95 71
-0.744 -0.104 -0.082 105 87 78
-0.746 -0.102 -0.083 83 70 77
-0.747 -0.100 -0.085 83 75 73
-0.747 -0.099 -0.085 118 83 76
-0.747 -0.097 -0.085 118 83 71
-0.747 -0.096 -0.084 122 106 71
-0.746 -0.094 -0.084 110 95 79
-0.746 -0.092 -0.084 103 86 83
-0.746 -0.091 -0.084 104 86 87
-0.745 -0.090 -0.083 121 113 96
-0.746 -0.088 -0.083 107 99 102
-0.746 -0.086 -0.084 95 97 104
-0.747 -0.084 -0.085 93 102 112
-0.750 -0.082 -0.088 96 104 119
-0.751 -0.080 -0.090 101 110 124
-0.755 -0.078 -0.094 110 118 130
-0.756 -0.076 -0.095 122 129 136
-0.757 -0.074 -0.096 134 141 146
-0.760 -0.134 -0.103 173 156 141
-0.760 -0.132 -0.102 172 147 116
-0.759 -0.130 -0.101 148 139 113
-0.758 -0.129 -0.100 127 116 96
-0.757 -0.127 -0.100 116 107 89
-0.756 -0.125 -0.098 127 104 84
-0.754 -0.124 -0.096 164 117 73
-0.753 -0.122 -0.094 175 118 68
-0.751 -0.121 -0.092 178 116 64
-0.750 -0.119 -0.091 180 124 67
-0.749 -0.118 -0.089 182 123 66
-0.747 -0.116 -0.088 186 130 64
-0.746 -0.115 -0.086 184 134 64
-0.745 -0.113 -0.085 180 135 64
-0.745 -0.112 -0.085 176 132 67
-0.745 -0.110 -0.085 176 121 71
-0.745 -0.108 -0.085 149 103 68
-0.746 -0.107 -0.086 113 93 68
-0.746 -0.105 -0.087 95 93 72
-0.746 -0.103 -0.086 91 86 71
-0.748 -0.102 -0.088 81 66 64
-0.748 -0.100 -0.089 82 64 58
-0.748 -0.098 -0.089 106 66 56
-0.748 -0.097 -0.089 124 74 53
-0.748 -0.095 -0.088 146 96 61
-0.747 -0.094 -0.088 163 108 65
-0.747 -0.092 -0.088 167 117 72
-0.746 -0.091 -0.087 165 112 77
-0.746 -0.089 -0.087 129 106 84
-0.746 -0.087 -0.087 103 94 95
-0.747 -0.086 -0.087 97 98 103
-0.748 -0.084 -0.088 94 101 115
-0.750 -0.082 -0.091 94 104 118
-0.752 -0.080 -0.093 101 110 123
-0.755 -0.078 -0.096 110 119 129
-0.757 -0.075 -0.099 127 131 134
-0.758 -0.073 -0.100 148 146 141
-0.760 -0.134 -0.105 177 169 147
-0.760 -0.132 -0.105 171 148 120
-0.759 -0.130 -0.104 148 137 111
-0.759 -0.129 -0.103 126 117 99
-0.757 -0.127 -0.102 114 109 93
-0.757 -0.125 -0.101 137 110 84
-0.755 -0.124 -0.099 169 126 73
-0.753 -0.122 -0.097 175 126 70
-0.752 -0.121 -0.096 180 125 66
-0.750 -0.119 -0.093 190 133 66
-0.749 -0.118 -0.092 194 136 69
-0.748 -0.116 -0.091 195 135 64
-0.747 -0.114 -0.090 199 139 62
-0.746 -0.113 -0.089 201 144 64
-0.746 -0.111 -0.089 195 139 66
-0.746 -0.110 -0.089 198 147 74
-0.747 -0.108 -0.090 172 128 64
-0.747 -0.106 -0.090 134 95 54
-0.748 -0.105 -0.091 99 61 51
-0.749 -0.103 -0.093 83 62 52
-0.750 -0.101 -0.093 84 62 55
-0.750 -0.100 -0.093 108 65 43
-0.749 -0.098 -0.093 138 86 48
-0.749 -0.096 -0.092 166 113 57
-0.748 -0.095 -0.091 181 121 62
-0.748 -0.093 -0.091 194 131 63
-0.747 -0.092 -0.090 203 138 64
-0.747 -0.090 -0.089 205 144 72
-0.746 -0.089 -0.089 191 141 80
-0.747 -0.087 -0.090 159 120 93
-0.748 -0.085 -0.091 115 97 102
-0.751 -0.083 -0.094 99 102 112
-0.752 -0.081 -0.096 97 108 116
-0.755 -0.079 -0.099 103 114 124
-0.756 -0.077 -0.100 115 122 130
-0.757 -0.075 -0.101 135 135 138
-0.758 -0.073 -0.102 170 154 144
-0.760 -0.134 -0.108 177 171 145
-0.760 -0.132 -0.107 169 155 124
-0.759 -0.130 -0.107 147 138 109
-0.759 -0.129 -0.106 125 119 103
-0.757 -0.127 -0.105 116 116 97
-0.757 -0.125 -0.104 148 117 86
-0.755 -0.124 -0.102 170 124 73
-0.753 -0.122 -0.100 178 128 68
-0.752 -0.121 -0.098 182 132 66
-0.750 -0.119 -0.096 198 140 68
-0.750 -0.117 -0.095 201 148 75
-0.748 -0.116 -0.094 199 139 66
-0.747 -0.114 -0.093 207 150 68
-0.747 -0.113 -0.092 210 152 74
-0.747 -0.111 -0.092 204 143 66
-0.747 -0.110 -0.093 203 145 73
-0.748 -0.108 -0.093 187 132 61
-0.748 -0.106 -0.094 154 103 55
-0.749 -0.104 -0.095 116 61 47
-0.750 -0.103 -0.096 101 63 49
-0.751 -0.101 -0.097 119 69 51
-0.751 -0.099 -0.097 153 103 49
-0.750 -0.098 -0.096 175 114 55
-0.750 -0.096 -0.096 191 129 56
-0.749 -0.095 -0.094 203 136 60
-0.748 -0.093 -0.094 209 139 63
-0.747 -0.092 -0.093 214 147 64
-0.747 -0.090 -0.092 221 154 71
-0.747 -0.088 -0.092 221 157 80
-0.747 -0.087 -0.093 210 152 90
-0.748 -0.085 -0.093 142 130 103
-0.750 -0.083 -0.096 105 112 118
-0.752 -0.081 -0.098 105 114 125
-0.754 -0.079 -0.100 110 120 137
-0.755 -0.077 -0.102 121 135 146
-0.757 -0.075 -0.104 151 165 156
-0.760 -0.134 -0.111 179 168 144
-0.760 -0.132 -0.110 169 151 121
-0.759 -0.130 -0.109 146 141 113
-0.759 -0.129 -0.109 125 124 107
-0.758 -0.127 -0.108 116 119 101
-0.757 -0.125 -0.106 150 121 88
-0.755 -0.124 -0.104 174 129 72
-0.754 -0.122 -0.103 181 130 66
-0.752 -0.121 -0.101 184 132 65
-0.751 -0.119 -0.099 196 147 72
-0.749 -0.117 -0.098 201 152 77
-0.748 -0.116 -0.096 201 141 66
-0.748 -0.114 -0.095 207 152 73
-0.748 -0.113 -0.095 209 151 76
-0.747 -0.111 -0.095 206 149 75
-0.747 -0.109 -0.095 214 157 94
-0.748 -0.108 -0.096 198 134 62
-0.749 -0.106 -0.097 151 106 61
-0.750 -0.104 -0.098 121 63 48
-0.751 -0.102 -0.099 138 74 47
-0.751 -0.101 -0.100 165 111 53
-0.751 -0.099 -0.100 183 122 54
-0.751 -0.097 -0.100 194 126 58
-0.750 -0.096 -0.099 203 135 55
-0.749 -0.094 -0.097 210 141 60
-0.748 -0.093 -0.096 216 142 63
-0.747 -0.091 -0.095 220 152 67
-0.747 -0.090 -0.095 224 157 72
-0.747 -0.088 -0.095 225 159 79
-0.747 -0.087 -0.095 226 163 93
-0.748 -0.085 -0.096 174 151 108
-0.749 -0.083 -0.098 123 136 128
-0.751 -0.081 -0.100 116 143 137
-0.754 -0.079 -0.103 136 162 158
-0.755 -0.077 -0.104 135 175 179
-0.756 -0.075 -0.106 150 171 175
-0.760 -0.132 -0.113 169 152 122
-0.759 -0.130 -0.112 143 139 117
-0.759 -0.129 -0.111 124 126 109
-0.758 -0.127 -0.110 111 119 104
-0.756 -0.125 -0.109 147 121 89
-0.755 -0.124 -0.107 174 135 73
-0.754 -0.122 -0.105 181 130 66
-0.752 -0.120 -0.103 185 134 64
-0.750 -0.119 -0.101 192 139 66
-0.749 -0.117 -0.100 197 141 67
-0.748 -0.116 -0.098 199 142 66
-0.747 -0.114 -0.098 207 148 67
-0.747 -0.113 -0.097 207 145 70
-0.747 -0.111 -0.097 221 158 84
-0.747 -0.109 -0.098 212 167 106
-0.748 -0.108 -0.099 197 133 63
-0.749 -0.106 -0.100 137 100 62
-0.749 -0.104 -0.100 124 71 52
-0.750 -0.102 -0.101 165 110 50
-0.750 -0.101 -0.101 185 122 51
-0.750 -0.099 -0.101 195 131 57
-0.749 -0.098 -0.100 204 135 57
-0.749 -0.096 -0.099 207 139 59
-0.748 -0.094 -0.098 215 144 61
-0.747 -0.093 -0.098 219 147 64
-0.746 -0.091 -0.096 223 156 72
-0.746 -0.090 -0.096 234 167 86
-0.746 -0.088 -0.096 233 164 83
-0.746 -0.087 -0.097 233 168 94
-0.747 -0.085 -0.097 201 163 101
-0.749 -0.083 -0.100 144 138 99
-0.751 -0.081 -0.102 129 146 112
-0.753 -0.079 -0.104 137 156 135
-0.754 -0.076 -0.106 143 172 162
-0.756 -0.074 -0.108 155 176 162
-0.760 -0.132 -0.116 168 151 122
-0.759 -0.130 -0.115 144 143 118
-0.758 -0.129 -0.113 123 129 113
-0.757 -0.127 -0.112 112 120 106
-0.756 -0.125 -0.111 139 116 90
-0.754 -0.124 -0.109 172 136 73
-0.754 -0.122 -0.108 179 131 66
-0.752 -0.120 -0.105 184 133 65
-0.750 -0.119 -0.103 188 134 63
-0.749 -0.117 -0.102 193 139 63
-0.747 -0.116 -0.100 198 140 63
-0.747 -0.114 -0.099 202 145 63
-0.747 -0.113 -0.099 204 148 71
-0.747 -0.111 -0.099 221 167 89
-0.747 -0.109 -0.100 208 151 84
-0.747 -0.108 -0.100 194 130 60
-0.748 -0.106 -0.101 130 91 56
-0.748 -0.104 -0.102 161 97 44
-0.749 -0.102 -0.102 188 125 49
-0.749 -0.101 -0.102 197 131 53
-0.749 -0.099 -0.102 204 134 58
-0.748 -0.097 -0.101 207 138 60
-0.747 -0.096 -0.100 212 146 63
-0.747 -0.094 -0.100 217 149 69
-0.746 -0.093 -0.099 220 149 69
-0.745 -0.091 -0.098 227 166 81
-0.745 -0.090 -0.098 228 172 95
-0.745 -0.088 -0.098 235 171 92
-0.745 -0.086 -0.098 232 176 106
-0.746 -0.085 -0.099 205 169 99
-0.748 -0.083 -0.101 151 142 100
-0.749 -0.081 -0.103 135 157 108
-0.752 -0.078 -0.106 143 168 118
-0.754 -0.076 -0.108 155 178 135
-0.756 -0.074 -0.110 170 179 146
-0.760 -0.132 -0.118 168 156 126
-0.759 -0.130 -0.117 145 143 119
-0.758 -0.129 -0.116 124 130 117
-0.757 -0.127 -0.115 112 120 110
-0.756 -0.125 -0.113 122 115 96
-0.754 -0.124 -0.111 166 135 76
-0.754 -0.122 -0.110 179 130 65
-0.751 -0.120 -0.108 183 131 63
-0.749 -0.119 -0.105 187 132 61
-0.748 -0.117 -0.103 191 139 62
-0.747 -0.116 -0.102 196 141 60
-0.746 -0.114 -0.101 203 141 62
-0.746 -0.112 -0.101 204 150 72
-0.746 -0.111 -0.101 210 151 73
-0.746 -0.109 -0.101 207 145 64
-0.747 -0.107 -0.102 181 125 59
-0.747 -0.106 -0.103 145 82 53
-0.748 -0.104 -0.104 181 120 50
-0.748 -0.102 -0.104 195 131 53
-0.748 -0.101 -0.104 202 134 55
-0.748 -0.099 -0.104 205 137 59
-0.747 -0.097 -0.103 211 145 64
-0.747 -0.096 -0.102 222 162 79
-0.746 -0.094 -0.101 220 155 75
-0.745 -0.093 -0.100 221 151 71
-0.745 -0.091 -0.100 224 156 74
-0.744 -0.090 -0.099 226 163 85
-0.745 -0.088 -0.100 238 177 100
-0.745 -0.086 -0.100 232 170 98
-0.746 -0.085 -0.101 199 170 102
-0.747 -0.083 -0.103 151 148 98
-0.749 -0.081 -0.104 139 162 110
-0.751 -0.078 -0.107 145 174 120
-0.753 -0.076 -0.110 158 181 133
-0.756 -0.074 -0.113 181 185 144
-0.760 -0.132 -0.121 168 160 128
-0.759 -0.130 -0.120 144 143 120
-0.758 -0.129 -0.118 125 131 117
-0.757 -0.127 -0.117 112 122 109
-0.755 -0.125 -0.115 110 120 97
-0.754 -0.124 -0.113 158 124 78
-0.753 -0.122 -0.112 177 131 67
-0.751 -0.120 -0.110 182 128 61
-0.748 -0.119 -0.107 187 133 65
-0.747 -0.117 -0.105 193 135 62
-0.746 -0.116 -0.104 196 138 61
-0.745 -0.114 -0.103 203 143 66
-0.745 -0.112 -0.103 207 150 78
-0.745 -0.111 -0.103 206 146 66
-0.745 -0.109 -0.103 199 139 59
-0.746 -0.107 -0.104 170 106 52
-0.746 -0.106 -0.104 164 100 47
-0.747 -0.104 -0.105 186 130 55
-0.747 -0.102 -0.105 198 132 55
-0.747 -0.101 -0.105 202 137 59
-0.747 -0.099 -0.105 203 136 62
-0.746 -0.097 -0.104 211 151 69
-0.745 -0.096 -0.103 214 150 70
-0.745 -0.094 -0.103 216 146 68
-0.745 -0.093 -0.102 219 156 71
-0.744 -0.091 -0.101 222 157 74
-0.744 -0.090 -0.102 224 161 87
-0.744 -0.088 -0.102 231 174 101
-0.744 -0.086 -0.102 229 170 93
-0.746 -0.084 -0.103 183 169 102
-0.747 -0.082 -0.105 145 154 101
-0.748 -0.080 -0.107 156 166 115
-0.750 -0.078 -0.109 157 175 125
-0.752 -0.076 -0.111 161 178 136
-0.760 -0.132 -0.124 165 154 125
-0.759 -0.130 -0.123 143 142 119
-0.758 -0.129 -0.121 125 129 110
-0.757 -0.127 -0.120 113 121 100
-0.755 -0.125 -0.118 107 111 88
-0.753 -0.124 -0.116 138 116 74
-0.753 -0.122 -0.115 171 130 69
-0.750 -0.120 -0.111 181 130 64
-0.748 -0.119 -0.109 184 131 62
-0.747 -0.117 -0.107 188 133 60
-0.746 -0.116 -0.106 195 139 63
-0.745 -0.114 -0.105 202 147 66
-0.745 -0.112 -0.105 203 145 67
-0.745 -0.111 -0.105 203 144 65
-0.745 -0.109 -0.105 190 132 60
-0.745 -0.107 -0.105 179 111 45
-0.746 -0.106 -0.106 181 112 47
-0.746 -0.104 -0.106 193 129 55
-0.745 -0.102 -0.106 199 133 55
-0.745 -0.101 -0.106 202 137 60
-0.746 -0.099 -0.106 204 141 65
-0.745 -0.097 -0.105 207 145 67
-0.745 -0.096 -0.105 209 145 67
-0.744 -0.094 -0.104 211 150 69
-0.744 -0.093 -0.104 218 152 71
-0.743 -0.091 -0.103 222 159 78
-0.744 -0.089 -0.104 222 164 86
-0.744 -0.088 -0.104 225 161 87
-0.744 -0.086 -0.105 224 168 93
-0.745 -0.084 -0.105 168 157 101
-0.746 -0.082 -0.107 141 157 105
-0.748 -0.080 -0.109 150 175 122
-0.750 -0.078 -0.111 163 186 133
-0.751 -0.076 -0.113 167 184 143
-0.761 -0.132 -0.128 169 152 121
-0.760 -0.130 -0.126 142 128 106
-0.758 -0.129 -0.124 127 121 94
-0.756 -0.127 -0.122 120 121 88
-0.755 -0.125 -0.120 113 116 81
-0.753 -0.124 -0.117 116 113 76
-0.752 -0.122 -0.116 159 122 70
-0.749 -0.120 -0.113 177 129 66
-0.747 -0.119 -0.111 182 130 62
-0.746 -0.117 -0.109 186 136 59
-0.745 -0.115 -0.108 195 136 60
-0.745 -0.114 -0.108 204 143 66
-0.745 -0.112 -0.107 206 146 65
-0.745 -0.111 -0.107 200 142 64
-0.745 -0.109 -0.107 194 122 50
-0.745 -0.107 -0.108 194 123 48
-0.745 -0.106 -0.108 195 126 50
-0.745 -0.104 -0.108 197 125 51
-0.744 -0.102 -0.107 198 132 55
-0.744 -0.101 -0.107 198 138 61
-0.744 -0.099 -0.107 202 143 65
-0.744 -0.097 -0.106 207 139 62
-0.743 -0.096 -0.106 210 145 64
-0.743 -0.094 -0.105 213 149 70
-0.743 -0.093 -0.105 217 154 74
-0.743 -0.091 -0.105 223 164 84
-0.743 -0.089 -0.106 224 161 81
-0.744 -0.087 -0.107 226 164 85
-0.744 -0.086 -0.107 218 170 94
-0.745 -0.084 -0.108 178 164 102
-0.746 -0.082 -0.110 145 157 106
-0.748 -0.080 -0.112 142 169 122
-0.750 -0.078 -0.114 164 196 145
-0.753 -0.075 -0.117 166 184 145
-0.761 -0.132 -0.131 170 154 120
-0.760 -0.130 -0.130 151 130 101
-0.758 -0.128 -0.127 134 130 96
-0.756 -0.127 -0.124 123 129 91
-0.754 -0.125 -0.122 113 122 83
-0.752 -0.123 -0.119 108 120 78
-0.751 -0.122 -0.118 124 120 73
-0.749 -0.120 -0.115 158 121 68
-0.747 -0.119 -0.113 174 128 66
-0.746 -0.117 -0.112 182 130 62
-0.745 -0.115 -0.111 193 135 59
-0.745 -0.114 -0.110 200 141 66
-0.745 -0.112 -0.110 202 137 62
-0.745 -0.110 -0.110 194 125 55
-0.744 -0.109 -0.110 198 131 52
-0.744 -0.107 -0.110 205 135 53
-0.744 -0.105 -0.110 203 135 55
-0.744 -0.104 -0.109 202 132 55
-0.744 -0.102 -0.109 201 129 55
-0.743 -0.101 -0.108 198 137 62
-0.743 -0.099 -0.108 200 139 61
-0.742 -0.097 -0.107 206 143 63
-0.742 -0.096 -0.107 210 148 66
-0.742 -0.094 -0.107 213 148 72
-0.742 -0.093 -0.107 217 157 78
-0.742 -0.091 -0.107 219 159 82
-0.743 -0.089 -0.108 224 159 82
-0.744 -0.087 -0.109 225 163 85
-0.744 -0.085 -0.110 187 160 94
-0.746 -0.083 -0.111 151 150 99
-0.747 -0.082 -0.113 141 155 106
-0.748 -0.080 -0.115 144 172 120
-0.750 -0.077 -0.118 154 183 141
-0.753 -0.075 -0.121 173 180 143
-0.762 -0.132 -0.135 169 152 118
-0.762 -0.130 -0.134 159 136 102
-0.759 -0.128 -0.131 140 139 97
-0.756 -0.127 -0.127 124 134 91
-0.754 -0.125 -0.125 113 127 83
-0.752 -0.123 -0.123 112 124 78
-0.751 -0.122 -0.121 110 124 76
-0.749 -0.120 -0.118 122 115 74
-0.747 -0.119 -0.116 121 107 67
-0.746 -0.117 -0.114 132 113 68
-0.744 -0.115 -0.113 166 123 59
-0.744 -0.114 -0.112 184 126 60
-0.744 -0.112 -0.112 197 125 50
-0.744 -0.110 -0.112 202 132 54
-0.744 -0.109 -0.112 203 141 59
-0.744 -0.107 -0.112 208 144 60
-0.744 -0.105 -0.111 209 143 62
-0.743 -0.104 -0.111 209 141 61
-0.743 -0.102 -0.110 205 137 58
-0.742 -0.101 -0.110 200 135 59
-0.742 -0.099 -0.109 200 137 61
-0.741 -0.097 -0.109 206 137 64
-0.741 -0.096 -0.108 208 150 70
-0.741 -0.094 -0.108 213 154 76
-0.741 -0.092 -0.108 218 157 79
-0.742 -0.091 -0.110 220 159 82
-0.743 -0.089 -0.111 220 160 86
-0.744 -0.087 -0.112 200 165 95
-0.745 -0.085 -0.113 154 130 91
-0.746 -0.083 -0.115 135 140 97
-0.747 -0.081 -0.116 137 154 107
-0.749 -0.079 -0.118 144 167 118
-0.751 -0.077 -0.121 157 180 132
-0.754 -0.075 -0.124 180 186 146
-0.765 -0.132 -0.141 167 153 121
-0.762 -0.130 -0.138 154 138 105
-0.761 -0.128 -0.136 140 142 96
-0.757 -0.127 -0.131 128 137 90
-0.755 -0.125 -0.129 120 133 81
-0.752 -0.123 -0.125 127 131 80
-0.751 -0.122 -0.123 122 128 82
-0.748 -0.120 -0.120 102 106 73
-0.746 -0.119 -0.118 95 92 63
-0.745 -0.117 -0.116 119 89 58
-0.744 -0.115 -0.114 167 125 60
-0.744 -0.114 -0.114 186 126 55
-0.744 -0.112 -0.114 198 132 52
-0.744 -0.110 -0.114 204 140 62
-0.743 -0.109 -0.114 215 147 68
-0.743 -0.107 -0.113 222 153 71
-0.743 -0.105 -0.113 215 147 63
-0.742 -0.104 -0.113 214 144 61
-0.742 -0.102 -0.112 215 147 64
-0.741 -0.101 -0.111 212 144 66
-0.741 -0.099 -0.111 208 140 66
-0.740 -0.097 -0.110 199 139 68
-0.740 -0.096 -0.110 193 134 76
-0.740 -0.094 -0.110 207 157 84
-0.741 -0.092 -0.110 213 160 86
-0.742 -0.090 -0.113 216 159 85
-0.744 -0.088 -0.114 205 154 91
-0.745 -0.087 -0.116 155 120 93
-0.746 -0.085 -0.117 126 123 88
-0.747 -0.083 -0.118 128 136 98
-0.748 -0.081 -0.120 137 149 107
-0.750 -0.079 -0.122 146 165 121
-0.752 -0.077 -0.124 159 186 141
-0.766 -0.132 -0.146 166 152 121
-0.764 -0.130 -0.143 149 134 105
-0.762 -0.128 -0.141 140 141 97
-0.757 -0.127 -0.134 133 138 89
-0.755 -0.125 -0.132 124 135 80
-0.753 -0.123 -0.128 123 132 84
-0.750 -0.122 -0.125 109 123 83
-0.748 -0.120 -0.123 95 103 67
-0.746 -0.118 -0.120 94 101 61
-0.744 -0.117 -0.118 122 105 58
-0.743 -0.115 -0.116 169 128 63
-0.743 -0.114 -0.116 185 131 58
-0.743 -0.112 -0.116 195 136 61
-0.743 -0.110 -0.116 200 148 72
-0.743 -0.109 -0.116 205 154 81
-0.742 -0.107 -0.115 210 153 73
-0.742 -0.105 -0.115 211 150 62
-0.741 -0.104 -0.114 216 149 62
-0.741 -0.102 -0.114 216 149 65
-0.740 -0.101 -0.113 217 153 69
-0.740 -0.099 -0.112 218 152 75
-0.739 -0.097 -0.111 218 158 84
-0.739 -0.096 -0.111 173 98 80
-0.739 -0.094 -0.112 166 109 75
-0.740 -0.092 -0.113 179 128 89
-0.743 -0.090 -0.116 184 132 94
-0.744 -0.088 -0.117 176 99 89
-0.745 -0.086 -0.119 159 97 83
-0.747 -0.084 -0.121 137 119 93
-0.748 -0.082 -0.123 132 139 100
-0.749 -0.080 -0.124 138 154 108
-0.750 -0.078 -0.126 149 169 124
-0.752 -0.076 -0.128 163 184 142
-0.768 -0.132 -0.151 167 151 120
-0.766 -0.130 -0.149 148 128 102
-0.765 -0.128 -0.148 140 134 95
-0.764 -0.126 -0.146 134 139 94
-0.762 -0.125 -0.143 122 134 87
-0.759 -0.123 -0.140 123 133 84
-0.749 -0.122 -0.127 100 98 76
-0.747 -0.120 -0.124 92 97 66
-0.745 -0.118 -0.122 96 107 64
-0.744 -0.117 -0.120 116 114 64
-0.743 -0.115 -0.118 165 127 63
-0.742 -0.114 -0.118 187 129 58
-0.742 -0.112 -0.118 194 132 59
-0.742 -0.110 -0.118 200 139 62
-0.742 -0.109 -0.118 202 143 62
-0.741 -0.107 -0.117 204 140 62
-0.741 -0.105 -0.116 208 145 61
-0.741 -0.104 -0.116 213 150 64
-0.740 -0.102 -0.115 217 151 65
-0.739 -0.100 -0.114 221 154 70
-0.739 -0.099 -0.114 221 163 81
-0.738 -0.097 -0.113 219 165 94
-0.738 -0.096 -0.112 175 115 89
-0.739 -0.094 -0.113 161 78 73
-0.740 -0.092 -0.115 172 83 74
-0.742 -0.090 -0.117 180 81 76
-0.744 -0.088 -0.120 181 86 77
-0.745 -0.086 -0.122 178 94 82
-0.747 -0.084 -0.124 169 104 95
-0.749 -0.082 -0.126 150 142 107
-0.750 -0.080 -0.128 146 157 117
-0.751 -0.078 -0.129 158 170 136
-0.753 -0.076 -0.131 174 183 152
-0.767 -0.132 -0.153 168 148 118
-0.766 -0.130 -0.152 155 127 99
-0.766 -0.128 -0.152 146 122 90
-0.764 -0.126 -0.149 137 139 91
-0.761 -0.125 -0.146 123 135 88
-0.758 -0.123 -0.142 118 131 86
-0.749 -0.122 -0.130 100 92 69
-0.747 -0.120 -0.127 93 91 66
-0.745 -0.118 -0.124 92 96 64
-0.743 -0.117 -0.122 104 111 64
-0.742 -0.115 -0.121 157 118 59
-0.742 -0.113 -0.120 183 127 59
-0.742 -0.112 -0.120 191 135 60
-0.742 -0.110 -0.120 196 140 60
-0.742 -0.108 -0.120 197 139 59
-0.741 -0.107 -0.119 202 140 62
-0.741 -0.105 -0.119 206 146 64
-0.740 -0.104 -0.118 210 146 64
-0.740 -0.102 -0.117 216 150 67
-0.739 -0.100 -0.116 219 154 72
-0.739 -0.099 -0.116 219 162 80
-0.738 -0.097 -0.115 216 157 81
-0.738 -0.096 -0.115 184 129 96
-0.738 -0.094 -0.116 172 81 75
-0.739 -0.092 -0.117 179 81 74
-0.742 -0.090 -0.120 184 82 78
-0.744 -0.088 -0.123 190 87 81
-0.745 -0.086 -0.125 196 96 90
-0.747 -0.084 -0.127 193 100 91
-0.749 -0.081 -0.130 173 121 100
-0.750 -0.079 -0.131 167 136 119
-0.751 -0.077 -0.133 173 153 145
-0.752 -0.075 -0.134 185 171 157
-0.766 -0.132 -0.155 169 148 115
-0.765 -0.130 -0.153 162 123 97
-0.764 -0.128 -0.152 152 110 90
-0.762 -0.126 -0.150 139 124 86
-0.760 -0.125 -0.147 125 138 92
-0.758 -0.123 -0.144 110 127 91
-0.749 -0.122 -0.133 101 96 68
-0.747 -0.120 -0.129 94 92 65
-0.745 -0.118 -0.127 93 91 65
-0.743 -0.117 -0.124 98 100 59
-0.741 -0.115 -0.122 125 111 62
-0.741 -0.113 -0.122 169 126 65
-0.740 -0.112 -0.121 184 131 63
-0.740 -0.110 -0.121 190 134 60
-0.740 -0.108 -0.121 194 134 62
-0.740 -0.107 -0.120 198 140 64
-0.740 -0.105 -0.120 202 144 63
-0.740 -0.103 -0.120 206 146 63
-0.740 -0.102 -0.120 211 147 69
-0.739 -0.100 -0.119 212 151 74
-0.739 -0.099 -0.119 214 155 81
-0.738 -0.097 -0.118 213 153 84
-0.738 -0.095 -0.118 185 124 94
-0.738 -0.094 -0.118 177 82 73
-0.739 -0.092 -0.119 189 90 81
-0.741 -0.090 -0.122 190 93 91
-0.744 -0.087 -0.126 198 101 97
-0.746 -0.085 -0.128 210 109 110
-0.747 -0.083 -0.130 206 100 93
-0.749 -0.081 -0.133 192 110 100
-0.751 -0.079 -0.135 185 119 116
-0.752 -0.077 -0.136 188 135 132
-0.753 -0.075 -0.138 197 160 146
-0.766 -0.132 -0.158 168 145 115
-0.764 -0.130 -0.156 163 123 98
-0.764 -0.128 -0.155 158 109 90
-0.761 -0.126 -0.151 148 100 80
-0.759 -0.125 -0.149 131 122 85
-0.756 -0.123 -0.145 119 132 89
-0.749 -0.121 -0.136 104 105 71
-0.747 -0.120 -0.132 97 100 64
-0.744 -0.118 -0.129 97 100 67
-0.742 -0.117 -0.126 96 101 66
-0.740 -0.115 -0.123 106 103 66
-0.739 -0.113 -0.122 130 105 65
-0.739 -0.112 -0.122 159 121 62
-0.739 -0.110 -0.122 178 126 61
-0.739 -0.108 -0.122 187 131 65
-0.738 -0.107 -0.121 194 138 68
-0.738 -0.105 -0.121 199 141 67
-0.739 -0.103 -0.122 203 145 72
-0.739 -0.102 -0.122 203 147 77
-0.739 -0.100 -0.122 204 148 83
-0.739 -0.098 -0.122 198 146 89
-0.738 -0.097 -0.121 179 131 93
-0.738 -0.095 -0.121 166 95 84
-0.739 -0.093 -0.121 175 80 76
-0.740 -0.091 -0.123 185 81 82
-0.742 -0.089 -0.126 191 91 95
-0.744 -0.087 -0.129 208 131 121
-0.746 -0.085 -0.131 202 115 129
-0.747 -0.083 -0.133 207 107 101
-0.749 -0.081 -0.136 179 118 113
-0.750 -0.079 -0.137 158 143 146
-0.751 -0.077 -0.138 170 169 163
-0.765 -0.132 -0.160 164 144 117
-0.764 -0.130 -0.159 163 122 97
-0.763 -0.128 -0.158 161 107 87
-0.761 -0.126 -0.154 156 96 80
-0.759 -0.125 -0.151 155 105 84
-0.757 -0.123 -0.149 138 120 83
-0.749 -0.121 -0.139 120 121 80
-0.747 -0.120 -0.135 109 110 74
-0.744 -0.118 -0.132 107 109 71
-0.741 -0.117 -0.128 108 105 71
-0.739 -0.115 -0.125 99 96 68
-0.738 -0.113 -0.123 127 83 62
-0.738 -0.112 -0.123 130 103 68
-0.738 -0.110 -0.123 133 126 70
-0.738 -0.108 -0.124 141 130 74
-0.738 -0.107 -0.124 154 131 83
-0.739 -0.105 -0.124 170 110 75
-0.739 -0.103 -0.125 189 114 80
-0.739 -0.101 -0.125 196 110 87
-0.739 -0.100 -0.125 182 95 85
-0.739 -0.098 -0.125 146 87 84
-0.738 -0.096 -0.124 152 84 81
-0.739 -0.095 -0.125 162 84 82
-0.739 -0.093 -0.125 172 81 80
-0.740 -0.091 -0.127 180 83 84
-0.742 -0.089 -0.130 186 89 94
-0.744 -0.087 -0.132 197 93 96
-0.746 -0.085 -0.135 199 99 99
-0.747 -0.083 -0.136 200 104 104
-0.749 -0.080 -0.139 153 132 131
-0.751 -0.078 -0.141 139 157 164
-0.751 -0.076 -0.142 164 181 175
-0.764 -0.132 -0.161 165 145 116
-0.763 -0.130 -0.160 161 120 94
-0.762 -0.128 -0.159 160 108 90
-0.760 -0.126 -0.156 157 95 81
-0.758 -0.125 -0.153 159 86 78
-0.756 -0.123 -0.151 153 83 73
-0.750 -0.121 -0.142 150 100 78
-0.747 -0.120 -0.138 134 110 87
-0.744 -0.118 -0.135 109 97 79
-0.742 -0.117 -0.131 94 87 79
-0.739 -0.115 -0.128 92 81 80
-0.738 -0.113 -0.126 125 77 66
-0.737 -0.112 -0.126 132 79 65
-0.737 -0.110 -0.126 125 112 72
-0.738 -0.108 -0.126 133 152 91
-0.738 -0.107 -0.126 148 146 105
-0.738 -0.105 -0.126 166 74 72
-0.739 -0.103 -0.128 181 81 84
-0.739 -0.101 -0.128 196 124 112
-0.739 -0.100 -0.128 179 86 90
-0.739 -0.098 -0.128 119 92 100
-0.739 -0.096 -0.128 115 100 102
-0.739 -0.094 -0.128 145 95 97
-0.739 -0.093 -0.128 164 85 90
-0.740 -0.091 -0.130 176 87 85
-0.742 -0.089 -0.132 183 92 89
-0.744 -0.087 -0.135 189 89 92
-0.746 -0.084 -0.138 191 99 99
-0.747 -0.082 -0.139 172 116 119
-0.749 -0.080 -0.142 133 144 153
-0.751 -0.078 -0.145 134 161 169
-0.752 -0.076 -0.145 164 180 175
-0.763 -0.132 -0.163 164 142 115
-0.762 -0.130 -0.161 162 119 95
-0.760 -0.128 -0.159 162 110 91
-0.758 -0.126 -0.157 160 92 78
-0.756 -0.125 -0.154 160 86 74
-0.754 -0.123 -0.151 158 79 73
-0.750 -0.121 -0.145 160 84 78
-0.747 -0.120 -0.142 148 81 75
-0.745 -0.118 -0.138 105 76 74
-0.741 -0.116 -0.134 86 79 88
-0.739 -0.115 -0.130 88 84 91
-0.738 -0.113 -0.129 110 82 77
-0.737 -0.112 -0.128 133 73 66
-0.737 -0.110 -0.128 139 77 66
-0.738 -0.108 -0.129 141 116 87
-0.738 -0.106 -0.129 148 92 91
-0.739 -0.105 -0.131 168 68 66
-0.739 -0.103 -0.131 180 77 75
-0.740 -0.101 -0.132 188 83 89
-0.740 -0.099 -0.132 157 99 104
-0.740 -0.098 -0.132 108 116 127
-0.740 -0.096 -0.131 98 128 140
-0.740 -0.094 -0.131 112 128 145
-0.739 -0.092 -0.131 128 122 132
-0.741 -0.091 -0.133 146 111 124
-0.742 -0.089 -0.135 158 107 124
-0.744 -0.086 -0.138 162 110 127
-0.746 -0.084 -0.140 155 134 135
-0.747 -0.082 -0.142 135 140 154
-0.749 -0.080 -0.145 128 151 164
-0.751 -0.078 -0.147 137 162 168
-0.752 -0.076 -0.149 164 180 170
-0.762 -0.132 -0.165 164 140 114
-0.761 -0.130 -0.163 160 125 96
-0.759 -0.128 -0.161 166 115 92
-0.757 -0.126 -0.158 161 97 82
-0.755 -0.125 -0.155 160 89 76
-0.753 -0.123 -0.153 163 82 72
-0.750 -0.121 -0.148 157 79 70
-0.747 -0.119 -0.145 124 80 71
-0.745 -0.118 -0.142 96 84 81
-0.743 -0.116 -0.138 87 83 89
-0.741 -0.115 -0.136 92 84 85
-0.740 -0.113 -0.135 101 92 86
-0.739 -0.111 -0.134 107 82 77
-0.739 -0.110 -0.133 130 74 63
-0.739 -0.108 -0.134 148 76 69
-0.739 -0.106 -0.134 156 71 67
-0.739 -0.104 -0.134 168 71 66
-0.740 -0.103 -0.134 179 76 74
-0.740 -0.101 -0.134 162 91 94
-0.740 -0.099 -0.135 120 115 126
-0.740 -0.097 -0.134 104 140 152
-0.740 -0.096 -0.135 120 159 172
-0.740 -0.094 -0.135 116 164 179
-0.740 -0.092 -0.135 106 160 184
-0.741 -0.090 -0.137 111 163 193
-0.742 -0.088 -0.137 129 168 203
-0.744 -0.086 -0.140 128 176 203
-0.746 -0.084 -0.143 123 176 197
-0.747 -0.082 -0.145 121 162 181
-0.749 -0.080 -0.148 126 161 176
-0.753 -0.077 -0.153 140 164 170
-0.761 -0.132 -0.167 164 142 115
-0.760 -0.130 -0.166 151 129 101
-0.758 -0.128 -0.163 141 113 97
-0.757 -0.126 -0.161 143 103 84
-0.755 -0.124 -0.158 155 96 76
-0.753 -0.123 -0.155 159 90 71
-0.750 -0.121 -0.152 146 83 71
-0.748 -0.119 -0.150 108 81 73
-0.746 -0.118 -0.147 91 78 74
-0.744 -0.116 -0.143 89 76 70
-0.742 -0.114 -0.141 94 77 69
-0.742 -0.113 -0.141 120 80 69
-0.741 -0.111 -0.139 114 80 65
-0.740 -0.109 -0.138 108 82 66
-0.741 -0.108 -0.139 118 88 69
-0.741 -0.106 -0.139 126 91 71
-0.740 -0.104 -0.138 130 90 79
-0.739 -0.102 -0.137 127 98 93
-0.739 -0.101 -0.137 114 109 114
-0.740 -0.099 -0.138 97 133 143
-0.740 -0.097 -0.138 96 147 167
-0.740 -0.095 -0.138 103 161 181
-0.740 -0.094 -0.139 103 168 189
-0.740 -0.092 -0.138 100 171 204
-0.742 -0.090 -0.140 130 189 226
-0.742 -0.088 -0.141 149 218 248
-0.744 -0.086 -0.144 122 192 230
-0.746 -0.084 -0.146 116 186 215
-0.747 -0.082 -0.148 122 175 195
-0.749 -0.079 -0.151 129 176 191
-0.754 -0.076 -0.158 142 176 182
-0.761 -0.132 -0.170 163 144 119
-0.760 -0.130 -0.169 144 133 104
-0.758 -0.128 -0.167 126 114 101
-0.757 -0.126 -0.164 122 104 93
-0.755 -0.124 -0.162 124 93 79
-0.753 -0.123 -0.158 146 87 72
-0.750 -0.121 -0.155 150 89 72
-0.748 -0.119 -0.152 138 86 70
-0.746 -0.118 -0.150 116 81 69
-0.744 -0.116 -0.147 98 76 68
-0.743 -0.114 -0.145 128 75 64
-0.742 -0.113 -0.143 152 85 64
-0.741 -0.111 -0.142 151 82 62
-0.740 -0.109 -0.141 136 82 61
-0.741 -0.107 -0.142 111 91 66
-0.741 -0.106 -0.142 107 106 80
-0.739 -0.104 -0.140 104 102 94
-0.739 -0.102 -0.140 99 113 113
-0.739 -0.101 -0.140 89 122 130
-0.740 -0.099 -0.140 87 139 152
-0.740 -0.097 -0.140 90 149 173
-0.740 -0.095 -0.141 95 162 186
-0.740 -0.093 -0.141 102 169 197
-0.740 -0.092 -0.141 102 178 214
-0.741 -0.090 -0.143 117 196 238
-0.743 -0.088 -0.145 119 192 232
-0.745 -0.085 -0.147 112 185 222
-0.746 -0.083 -0.150 120 185 209
-0.749 -0.081 -0.153 128 153 164
-0.750 -0.079 -0.155 139 158 167
-0.756 -0.076 -0.163 150 159 167
-0.762 -0.132 -0.174 161 142 117
-0.761 -0.130 -0.173 147 132 103
-0.759 -0.128 -0.170 124 113 104
-0.757 -0.126 -0.168 113 105 95
-0.755 -0.124 -0.165 106 94 85
-0.753 -0.123 -0.162 113 85 78
-0.751 -0.121 -0.159 123 86 71
-0.749 -0.119 -0.156 146 86 71
-0.747 -0.117 -0.153 149 86 68
-0.745 -0.116 -0.150 143 82 67
-0.744 -0.114 -0.149 167 87 64
-0.742 -0.112 -0.147 179 89 65
-0.741 -0.111 -0.145 179 87 63
-0.740 -0.109 -0.144 171 85 60
-0.740 -0.107 -0.144 148 84 62
-0.740 -0.106 -0.143 116 94 71
-0.740 -0.104 -0.143 106 100 86
-0.740 -0.102 -0.143 103 109 109
-0.740 -0.100 -0.143 94 124 132
-0.739 -0.099 -0.143 89 137 153
-0.739 -0.097 -0.143 90 149 171
-0.739 -0.095 -0.143 93 160 184
-0.740 -0.093 -0.144 97 165 195
-0.739 -0.092 -0.143 97 171 203
-0.741 -0.089 -0.145 100 177 212
-0.742 -0.087 -0.147 100 181 215
-0.744 -0.085 -0.150 107 181 216
-0.746 -0.083 -0.153 113 169 198
-0.749 -0.081 -0.157 123 137 159
-0.750 -0.078 -0.159 139 155 170
-0.757 -0.075 -0.169 159 158 160
-0.762 -0.132 -0.178 162 142 117
-0.761 -0.130 -0.176 145 136 106
-0.759 -0.128 -0.174 124 115 106
-0.757 -0.126 -0.171 112 105 98
-0.755 -0.124 -0.168 105 96 91
-0.753 -0.123 -0.165 100 90 81
-0.751 -0.121 -0.162 102 84 74
-0.749 -0.119 -0.160 115 83 74
-0.747 -0.117 -0.157 141 82 68
-0.745 -0.116 -0.154 175 88 65
-0.744 -0.114 -0.152 190 94 66
-0.742 -0.112 -0.150 193 94 64
-0.741 -0.111 -0.148 197 92 63
-0.740 -0.109 -0.147 190 90 65
-0.740 -0.107 -0.147 175 85 63
-0.740 -0.105 -0.147 147 86 68
-0.740 -0.104 -0.147 117 87 74
-0.740 -0.102 -0.147 104 91 91
-0.739 -0.100 -0.146 106 110 117
-0.739 -0.098 -0.145 99 130 143
-0.739 -0.097 -0.145 95 142 163
-0.739 -0.095 -0.145 95 152 177
-0.740 -0.093 -0.146 96 160 188
-0.739 -0.091 -0.146 95 167 196
-0.741 -0.089 -0.149 96 170 202
-0.742 -0.087 -0.150 100 176 205
-0.745 -0.085 -0.154 114 178 199
-0.747 -0.083 -0.157 115 146 170
-0.750 -0.080 -0.161 123 129 147
-0.752 -0.078 -0.164 138 144 155
-0.758 -0.075 -0.173 166 162 158
-0.762 -0.132 -0.182 157 144 119
-0.761 -0.130 -0.180 141 139 116
-0.759 -0.128 -0.177 125 124 114
-0.757 -0.126 -0.174 113 112 102
-0.755 -0.124 -0.172 104 102 93
-0.753 -0.122 -0.169 104 92 86
-0.751 -0.121 -0.166 105 87 77
-0.749 -0.119 -0.163 115 81 73
-0.748 -0.117 -0.161 145 77 67
-0.746 -0.116 -0.158 184 99 70
-0.744 -0.114 -0.156 197 99 68
-0.743 -0.112 -0.154 205 93 65
-0.741 -0.110 -0.152 217 100 70
-0.741 -0.109 -0.151 210 104 77
-0.740 -0.107 -0.150 196 90 70
-0.740 -0.105 -0.150 179 86 66
-0.739 -0.104 -0.149 123 81 69
-0.739 -0.102 -0.148 114 77 77
-0.738 -0.100 -0.148 123 83 84
-0.738 -0.098 -0.148 128 99 108
-0.739 -0.097 -0.148 114 124 136
-0.739 -0.095 -0.149 108 140 157
-0.739 -0.093 -0.149 109 156 173
-0.740 -0.091 -0.150 106 161 180
-0.741 -0.089 -0.152 108 164 185
-0.743 -0.087 -0.154 111 167 187
-0.745 -0.085 -0.157 114 143 172
-0.747 -0.082 -0.161 116 129 153
-0.752 -0.079 -0.168 127 136 152
-0.754 -0.077 -0.171 142 146 156
-0.760 -0.074 -0.179 176 170 158
-0.762 -0.132 -0.186 151 144 121
-0.761 -0.130 -0.183 138 139 116
-0.759 -0.128 -0.181 121 130 120
-0.757 -0.126 -0.177 110 116 108
-0.755 -0.124 -0.175 107 105 94
-0.753 -0.122 -0.172 111 92 80
-0.751 -0.121 -0.169 128 88 72
-0.749 -0.119 -0.166 140 84 66
-0.747 -0.117 -0.164 164 88 65
-0.746 -0.115 -0.162 188 92 66
-0.744 -0.114 -0.159 198 91 64
-0.742 -0.112 -0.157 206 91 62
-0.741 -0.110 -0.155 216 96 66
-0.740 -0.109 -0.153 216 98 77
-0.739 -0.107 -0.152 226 102 81
-0.739 -0.105 -0.152 209 99 75
-0.739 -0.103 -0.151 132 85 74
-0.739 -0.102 -0.151 125 72 73
-0.738 -0.100 -0.151 143 76 73
-0.738 -0.098 -0.151 166 86 86
-0.739 -0.096 -0.152 166 96 100
-0.739 -0.094 -0.152 156 99 108
-0.740 -0.093 -0.153 135 112 125
-0.740 -0.091 -0.153 126 119 136
-0.742 -0.089 -0.156 147 119 139
-0.743 -0.086 -0.158 126 125 144
-0.748 -0.084 -0.165 120 132 150
-0.751 -0.081 -0.169 120 125 145
-0.754 -0.079 -0.173 128 135 155
-0.757 -0.076 -0.178 150 150 157
-0.762 -0.132 -0.188 153 145 120
-0.760 -0.130 -0.186 136 133 108
-0.758 -0.128 -0.183 123 126 115
-0.756 -0.126 -0.180 112 120 107
-0.754 -0.124 -0.177 106 102 92
-0.753 -0.122 -0.175 134 92 75
-0.751 -0.121 -0.172 151 90 70
-0.749 -0.119 -0.170 156 88 67
-0.747 -0.117 -0.167 174 91 65
-0.746 -0.115 -0.165 186 92 68
-0.744 -0.114 -0.161 196 92 62
-0.742 -0.112 -0.159 205 93 61
-0.741 -0.110 -0.158 213 94 63
-0.740 -0.109 -0.156 223 99 76
-0.739 -0.107 -0.155 231 128 99
-0.739 -0.105 -0.154 218 107 84
-0.739 -0.103 -0.154 149 84 76
-0.739 -0.102 -0.154 146 75 73
-0.739 -0.100 -0.154 146 75 70
-0.738 -0.098 -0.154 156 83 77
-0.739 -0.096 -0.155 173 85 82
-0.740 -0.094 -0.156 173 89 87
-0.741 -0.092 -0.158 155 93 93
-0.745 -0.090 -0.164 144 93 96
-0.747 -0.087 -0.167 175 101 106
-0.749 -0.085 -0.170 139 115 128
-0.751 -0.083 -0.173 141 125 143
-0.754 -0.080 -0.177 135 126 138
-0.757 -0.078 -0.181 136 136 147
-0.759 -0.075 -0.184 162 156 152
-0.761 -0.132 -0.191 157 148 117
-0.760 -0.130 -0.189 139 132 101
-0.758 -0.128 -0.185 126 121 100
-0.756 -0.126 -0.183 114 108 96
-0.754 -0.124 -0.180 106 97 88
-0.752 -0.122 -0.177 149 96 79
-0.751 -0.120 -0.175 162 93 71
-0.749 -0.119 -0.173 168 90 70
-0.747 -0.117 -0.170 185 98 72
-0.746 -0.115 -0.168 185 95 73
-0.743 -0.114 -0.165 193 94 67
-0.741 -0.112 -0.161 202 89 64
-0.741 -0.110 -0.160 210 93 66
-0.739 -0.108 -0.158 223 95 69
-0.739 -0.107 -0.158 231 106 80
-0.739 -0.105 -0.158 216 95 77
-0.739 -0.103 -0.158 188 89 72
-0.739 -0.101 -0.158 179 83 74
-0.739 -0.099 -0.158 156 77 72
-0.739 -0.098 -0.158 147 79 73
-0.739 -0.096 -0.159 157 83 79
-0.740 -0.094 -0.160 161 86 85
-0.743 -0.092 -0.164 158 89 86
-0.745 -0.089 -0.168 156 88 88
-0.748 -0.087 -0.171 183 102 103
-0.750 -0.085 -0.174 148 119 126
-0.752 -0.082 -0.178 176 131 128
-0.755 -0.080 -0.182 186 137 127
-0.758 -0.077 -0.186 171 141 141
-0.759 -0.075 -0.189 184 159 149
-0.761 -0.132 -0.194 157 151 116
-0.759 -0.130 -0.191 144 136 99
-0.757 -0.128 -0.187 129 126 96
-0.755 -0.126 -0.185 113 105 96
-0.753 -0.124 -0.183 106 97 92
-0.752 -0.122 -0.181 148 93 83
-0.750 -0.120 -0.178 167 95 73
-0.749 -0.119 -0.176 174 90 69
-0.747 -0.117 -0.173 185 103 74
-0.745 -0.115 -0.171 186 98 76
-0.743 -0.113 -0.167 191 95 72
-0.741 -0.112 -0.165 195 90 65
-0.740 -0.110 -0.163 192 90 64
-0.740 -0.108 -0.162 204 92 66
-0.739 -0.107 -0.161 217 88 69
-0.739 -0.105 -0.161 221 90 69
-0.739 -0.103 -0.161 223 95 73
-0.739 -0.101 -0.161 212 93 77
-0.739 -0.099 -0.161 179 81 76
-0.739 -0.097 -0.162 155 83 78
-0.740 -0.095 -0.163 151 85 81
-0.740 -0.094 -0.164 154 87 84
-0.742 -0.091 -0.165 160 90 86
-0.746 -0.089 -0.172 177 90 92
-0.747 -0.087 -0.174 165 108 115
-0.750 -0.084 -0.177 149 125 137
-0.753 -0.082 -0.182 204 150 131
-0.756 -0.079 -0.186 218 142 119
-0.758 -0.077 -0.191 196 141 131
-0.761 -0.132 -0.197 158 153 117
-0.758 -0.130 -0.194 147 141 99
-0.756 -0.128 -0.191 132 130 97
-0.755 -0.126 -0.188 115 105 100
-0.753 -0.124 -0.186 103 97 97
-0.752 -0.122 -0.184 128 91 87
-0.750 -0.120 -0.181 164 94 74
-0.749 -0.119 -0.179 177 92 68
-0.747 -0.117 -0.176 182 94 69
-0.745 -0.115 -0.174 187 95 72
-0.743 -0.113 -0.171 193 100 73
-0.741 -0.112 -0.168 184 96 73
-0.741 -0.110 -0.167 172 77 64
-0.740 -0.108 -0.166 189 84 63
-0.739 -0.106 -0.165 209 85 67
-0.739 -0.105 -0.164 223 93 76
-0.739 -0.103 -0.165 243 105 84
-0.739 -0.101 -0.165 230 107 92
-0.740 -0.099 -0.166 169 86 86
-0.740 -0.097 -0.166 151 88 85
-0.741 -0.095 -0.167 162 91 86
-0.742 -0.093 -0.169 169 91 87
-0.743 -0.091 -0.170 177 92 88
-0.746 -0.089 -0.176 168 100 101
-0.748 -0.086 -0.179 141 112 127
-0.751 -0.084 -0.182 171 127 142
-0.755 -0.081 -0.189 218 154 140
-0.757 -0.079 -0.191 225 144 119
-0.759 -0.076 -0.195 206 143 128
-0.760 -0.132 -0.199 157 149 114
-0.757 -0.130 -0.196 149 145 99
-0.755 -0.128 -0.193 133 133 98
-0.754 -0.126 -0.191 116 113 100
-0.753 -0.124 -0.189 101 98 100
-0.751 -0.122 -0.186 105 93 95
-0.750 -0.120 -0.185 130 94 87
-0.749 -0.118 -0.183 168 96 74
-0.747 -0.117 -0.180 181 93 69
-0.746 -0.115 -0.178 187 96 70
-0.743 -0.113 -0.174 190 97 73
-0.742 -0.111 -0.172 148 94 85
-0.741 -0.110 -0.171 139 77 77
-0.740 -0.108 -0.169 176 80 69
-0.740 -0.106 -0.169 208 87 65
-0.739 -0.104 -0.167 225 95 69
-0.739 -0.103 -0.168 241 107 82
-0.740 -0.101 -0.169 211 117 97
-0.740 -0.099 -0.169 138 104 113
-0.740 -0.097 -0.170 128 96 94
-0.741 -0.095 -0.172 154 101 91
-0.742 -0.093 -0.173 171 97 89
-0.744 -0.091 -0.175 185 98 88
-0.747 -0.088 -0.180 150 110 105
-0.748 -0.086 -0.182 131 121 130
-0.751 -0.084 -0.186 192 133 124
-0.756 -0.081 -0.193 226 142 119
-0.758 -0.078 -0.197 222 140 117
-0.760 -0.076 -0.200 208 148 129
-0.759 -0.132 -0.202 156 148 113
-0.756 -0.130 -0.198 150 145 100
-0.754 -0.128 -0.195 137 136 97
-0.754 -0.126 -0.193 125 124 98
-0.753 -0.124 -0.192 111 105 96
-0.751 -0.122 -0.190 103 95 94
-0.750 -0.120 -0.188 106 93 94
-0.749 -0.118 -0.186 137 89 82
-0.747 -0.117 -0.184 166 90 70
-0.745 -0.115 -0.181 180 96 72
-0.744 -0.113 -0.178 167 101 79
-0.742 -0.111 -0.176 117 94 102
-0.741 -0.110 -0.174 111 91 105
-0.740 -0.108 -0.173 132 87 91
-0.739 -0.106 -0.172 172 90 78
-0.739 -0.104 -0.171 203 99 74
-0.739 -0.102 -0.172 217 104 80
-0.740 -0.100 -0.172 187 120 108
-0.741 -0.098 -0.174 127 122 144
-0.741 -0.096 -0.175 115 104 112
-0.742 -0.094 -0.176 131 106 97
-0.743 -0.092 -0.177 162 102 91
-0.744 -0.090 -0.179 187 104 89
-0.746 -0.088 -0.182 175 111 102
-0.748 -0.086 -0.185 173 119 120
-0.751 -0.083 -0.190 211 130 108
-0.755 -0.080 -0.197 223 138 113
-0.758 -0.078 -0.200 216 138 120
-0.760 -0.075 -0.203 208 157 136
-0.758 -0.132 -0.204 152 146 117
-0.755 -0.130 -0.199 149 142 102
-0.753 -0.128 -0.197 141 141 99
-0.753 -0.126 -0.196 137 130 93
-0.752 -0.124 -0.195 134 103 83
-0.751 -0.122 -0.192 127 96 81
-0.750 -0.120 -0.191 122 93 81
-0.749 -0.118 -0.190 130 89 77
-0.747 -0.116 -0.187 151 85 72
-0.746 -0.115 -0.185 167 87 72
-0.744 -0.113 -0.182 161 88 79
-0.742 -0.111 -0.180 136 87 96
-0.741 -0.109 -0.178 113 93 112
-0.740 -0.108 -0.176 101 94 111
-0.740 -0.106 -0.176 118 90 102
-0.739 -0.104 -0.175 144 94 91
-0.740 -0.102 -0.176 181 96 81
-0.740 -0.100 -0.176 191 110 92
-0.740 -0.098 -0.177 174 119 115
-0.741 -0.096 -0.178 137 113 122
-0.742 -0.094 -0.179 119 115 114
-0.743 -0.092 -0.181 143 118 99
-0.744 -0.090 -0.182 172 120 96
-0.746 -0.088 -0.185 192 115 98
-0.747 -0.086 -0.188 207 118 104
-0.750 -0.083 -0.193 220 128 105
-0.755 -0.080 -0.200 218 138 123
-0.758 -0.078 -0.204 212 137 126
-0.760 -0.075 -0.207 209 162 141
-0.758 -0.132 -0.207 152 144 118
-0.754 -0.130 -0.201 146 138 104
-0.753 -0.128 -0.200 144 140 101
-0.752 -0.126 -0.198 146 118 87
-0.751 -0.124 -0.197 149 101 76
-0.750 -0.122 -0.195 144 95 73
-0.749 -0.120 -0.194 137 92 73
-0.749 -0.118 -0.193 133 90 73
-0.747 -0.116 -0.190 149 85 76
-0.745 -0.115 -0.188 165 86 75
-0.743 -0.113 -0.184 171 85 81
-0.742 -0.111 -0.182 175 98 95
-0.741 -0.109 -0.181 132 87 94
-0.740 -0.107 -0.179 94 89 102
-0.740 -0.106 -0.179 90 89 104
-0.739 -0.104 -0.178 97 91 105
-0.739 -0.102 -0.179 125 90 99
-0.740 -0.100 -0.179 152 101 96
-0.741 -0.098 -0.181 188 112 105
-0.741 -0.096 -0.182 147 123 131
-0.742 -0.094 -0.183 114 123 129
-0.743 -0.092 -0.184 125 133 103
-0.744 -0.090 -0.186 146 141 104
-0.746 -0.088 -0.188 177 153 113
-0.747 -0.085 -0.191 192 143 117
-0.750 -0.083 -0.196 203 122 108
-0.755 -0.080 -0.204 208 127 121
-0.758 -0.077 -0.208 209 138 128
-0.760 -0.075 -0.211 208 166 142
-0.757 -0.132 -0.210 157 143 115
-0.754 -0.130 -0.205 143 135 103
-0.752 -0.128 -0.202 135 137 105
-0.751 -0.126 -0.201 136 115 88
-0.750 -0.124 -0.199 150 103 77
-0.750 -0.122 -0.198 151 96 72
-0.749 -0.120 -0.197 144 94 72
-0.749 -0.118 -0.196 132 94 75
-0.747 -0.116 -0.194 142 101 81
-0.745 -0.114 -0.191 163 86 78
-0.742 -0.113 -0.187 178 84 80
-0.741 -0.111 -0.185 179 95 92
-0.740 -0.109 -0.183 128 99 87
-0.740 -0.107 -0.183 90 89 97
-0.739 -0.106 -0.181 85 88 95
-0.739 -0.104 -0.181 86 91 99
-0.740 -0.102 -0.183 93 91 104
-0.740 -0.100 -0.183 110 98 118
-0.740 -0.098 -0.184 144 117 135
-0.741 -0.096 -0.185 126 126 146
-0.742 -0.094 -0.186 110 129 135
-0.743 -0.092 -0.188 121 143 107
-0.744 -0.090 -0.190 132 164 118
-0.746 -0.087 -0.192 161 192 144
-0.747 -0.085 -0.194 172 178 136
-0.751 -0.082 -0.200 186 122 112
-0.756 -0.079 -0.208 198 124 117
-0.758 -0.077 -0.213 206 141 129
-0.761 -0.074 -0.216 210 173 144
-0.763 -0.134 -0.223 172 151 115
-0.757 -0.132 -0.214 160 141 112
-0.754 -0.130 -0.208 144 141 101
-0.753 -0.128 -0.207 133 138 103
-0.751 -0.126 -0.204 129 121 91
-0.750 -0.124 -0.203 151 104 79
-0.749 -0.122 -0.201 147 98 76
-0.749 -0.120 -0.201 135 92 73
-0.748 -0.118 -0.200 126 97 79
-0.747 -0.116 -0.197 131 129 90
-0.745 -0.114 -0.194 142 116 87
-0.743 -0.113 -0.191 154 114 88
-0.741 -0.111 -0.189 149 124 94
-0.741 -0.109 -0.187 120 130 98
-0.740 -0.107 -0.187 96 117 111
-0.739 -0.105 -0.185 87 91 103
-0.739 -0.103 -0.185 86 93 102
-0.740 -0.101 -0.187 86 96 113
-0.740 -0.100 -0.186 94 108 138
-0.741 -0.098 -0.188 105 120 151
-0.742 -0.095 -0.189 108 126 151
-0.742 -0.094 -0.190 108 133 135
-0.743 -0.091 -0.191 124 151 113
-0.744 -0.089 -0.193 134 176 125
-0.746 -0.087 -0.196 151 199 149
-0.747 -0.085 -0.199 166 192 143
-0.752 -0.082 -0.206 181 125 116
-0.757 -0.079 -0.213 193 129 119
-0.759 -0.076 -0.218 201 152 134
-0.766 -0.136 -0.232 176 149 111
-0.763 -0.134 -0.227 170 145 109
-0.758 -0.132 -0.219 160 140 110
-0.754 -0.130 -0.212 146 146 99
-0.753 -0.128 -0.210 136 141 97
-0.751 -0.126 -0.208 132 125 89
-0.750 -0.124 -0.206 154 103 78
-0.749 -0.122 -0.205 136 103 78
-0.749 -0.120 -0.204 116 94 76
-0.748 -0.118 -0.203 113 100 82
-0.747 -0.116 -0.201 123 142 92
-0.745 -0.114 -0.198 125 139 93
-0.743 -0.112 -0.195 128 145 96
-0.742 -0.111 -0.193 127 153 102
-0.741 -0.109 -0.191 127 163 119
-0.740 -0.107 -0.191 117 163 142
-0.739 -0.105 -0.189 105 127 120
-0.739 -0.103 -0.189 94 105 114
-0.740 -0.101 -0.190 88 105 129
-0.740 -0.099 -0.190 91 117 144
-0.741 -0.097 -0.191 96 127 156
-0.741 -0.095 -0.192 104 141 160
-0.742 -0.093 -0.193 117 142 142
-0.743 -0.091 -0.194 130 153 118
-0.744 -0.089 -0.197 137 176 124
-0.746 -0.087 -0.200 148 193 138
-0.748 -0.084 -0.203 163 177 139
-0.754 -0.081 -0.212 182 131 119
-0.758 -0.078 -0.219 191 145 128
-0.769 -0.138 -0.241 177 148 112
-0.766 -0.136 -0.235 169 140 107
-0.763 -0.134 -0.231 167 141 106
-0.758 -0.132 -0.222 155 142 108
-0.753 -0.130 -0.215 144 145 96
-0.752 -0.128 -0.213 137 142 95
-0.751 -0.126 -0.211 145 122 86
-0.750 -0.124 -0.209 158 104 76
-0.749 -0.122 -0.208 124 105 81
-0.749 -0.120 -0.208 102 101 85
-0.748 -0.118 -0.206 103 108 90
-0.746 -0.116 -0.204 119 141 94
-0.745 -0.114 -0.202 118 143 95
-0.743 -0.112 -0.198 118 155 98
-0.742 -0.110 -0.197 121 163 106
-0.741 -0.109 -0.195 131 178 123
-0.740 -0.107 -0.194 133 186 142
-0.740 -0.105 -0.193 123 167 130
-0.740 -0.103 -0.193 104 126 116
-0.740 -0.101 -0.193 95 122 132
-0.740 -0.099 -0.194 100 129 147
-0.740 -0.097 -0.194 101 146 170
-0.741 -0.095 -0.196 105 165 186
-0.742 -0.093 -0.196 137 151 167
-0.742 -0.091 -0.198 146 144 117
-0.745 -0.089 -0.201 137 165 126
-0.746 -0.086 -0.204 142 186 144
-0.748 -0.084 -0.207 161 155 140
-0.754 -0.081 -0.217 183 137 126
-0.771 -0.140 -0.248 178 149 111
-0.769 -0.138 -0.245 170 141 107
-0.766 -0.136 -0.239 164 135 102
-0.763 -0.134 -0.234 162 139 103
-0.757 -0.132 -0.225 150 144 105
-0.753 -0.130 -0.218 140 140 93
-0.751 -0.128 -0.216 136 136 93
-0.750 -0.126 -0.214 156 115 86
-0.749 -0.124 -0.212 153 105 79
-0.748 -0.122 -0.211 114 106 88
-0.748 -0.120 -0.211 98 110 101
-0.747 -0.118 -0.209 99 116 104
-0.746 -0.116 -0.207 112 138 104
-0.745 -0.114 -0.205 116 146 99
-0.743 -0.112 -0.202 118 154 98
-0.741 -0.110 -0.199 122 165 106
-0.741 -0.109 -0.199 130 179 118
-0.740 -0.107 -0.197 138 185 128
-0.740 -0.105 -0.197 128 172 127
-0.740 -0.103 -0.197 114 144 117
-0.740 -0.101 -0.197 102 132 128
-0.740 -0.099 -0.197 104 137 147
-0.740 -0.097 -0.198 102 159 182
-0.741 -0.095 -0.199 112 185 209
-0.741 -0.093 -0.199 163 153 179
-0.743 -0.091 -0.202 176 134 121
-0.745 -0.088 -0.206 141 151 143
-0.747 -0.086 -0.208 130 175 170
-0.748 -0.084 -0.211 142 154 165
-0.754 -0.080 -0.221 169 146 146
-0.771 -0.140 -0.252 172 145 109
-0.769 -0.138 -0.248 164 137 101
-0.765 -0.136 -0.243 161 133 97
-0.762 -0.134 -0.237 159 135 99
-0.757 -0.132 -0.228 147 142 103
-0.753 -0.130 -0.222 137 137 92
-0.751 -0.128 -0.220 135 133 91
-0.750 -0.126 -0.217 151 116 86
-0.749 -0.124 -0.215 135 106 84
-0.748 -0.122 -0.213 107 113 100
-0.748 -0.120 -0.213 96 119 118
-0.747 -0.118 -0.212 102 125 120
-0.746 -0.116 -0.210 111 141 124
-0.744 -0.114 -0.208 110 147 114
-0.742 -0.112 -0.204 115 151 106
-0.741 -0.110 -0.203 122 159 107
-0.741 -0.108 -0.202 135 179 115
-0.740 -0.106 -0.201 127 159 118
-0.739 -0.105 -0.200 116 146 117
-0.739 -0.103 -0.200 109 132 115
-0.740 -0.101 -0.201 103 120 121
-0.740 -0.099 -0.201 107 131 141
-0.741 -0.097 -0.202 111 156 178
-0.741 -0.095 -0.203 138 174 196
-0.742 -0.093 -0.204 201 148 153
-0.743 -0.090 -0.206 205 138 131
-0.746 -0.088 -0.211 145 146 161
-0.747 -0.086 -0.214 120 163 182
-0.749 -0.083 -0.217 122 164 188
-0.756 -0.080 -0.227 145 156 165
-0.760 -0.077 -0.234 163 171 168
-0.771 -0.140 -0.256 168 142 107
-0.768 -0.138 -0.251 161 135 98
-0.765 -0.136 -0.247 159 131 96
-0.762 -0.134 -0.241 157 131 98
-0.757 -0.132 -0.232 146 133 102
-0.753 -0.130 -0.226 136 131 93
-0.751 -0.128 -0.223 134 136 93
-0.750 -0.126 -0.221 133 124 91
-0.748 -0.124 -0.219 113 105 90
-0.747 -0.122 -0.217 104 119 110
-0.747 -0.120 -0.216 96 127 128
-0.746 -0.118 -0.215 103 133 134
-0.745 -0.116 -0.213 106 144 144
-0.744 -0.114 -0.211 100 144 138
-0.742 -0.112 -0.208 102 141 122
-0.741 -0.110 -0.206 114 146 110
-0.741 -0.108 -0.206 139 180 115
-0.740 -0.106 -0.205 111 129 112
-0.740 -0.104 -0.204 98 115 108
-0.740 -0.102 -0.204 95 108 112
-0.740 -0.100 -0.205 98 104 115
-0.740 -0.098 -0.205 120 115 122
-0.741 -0.096 -0.206 146 133 137
-0.742 -0.094 -0.208 179 139 142
-0.742 -0.092 -0.209 231 139 118
-0.744 -0.090 -0.211 214 144 131
-0.746 -0.088 -0.215 143 140 159
-0.748 -0.085 -0.218 116 150 168
-0.750 -0.083 -0.221 116 163 185
-0.756 -0.079 -0.231 136 161 171
-0.760 -0.076 -0.238 158 175 173
-0.771 -0.140 -0.260 166 140 106
-0.767 -0.138 -0.254 160 135 99
-0.765 -0.136 -0.251 157 130 96
-0.762 -0.134 -0.245 155 129 98
-0.756 -0.132 -0.235 145 124 102
-0.753 -0.130 -0.230 135 122 93
-0.751 -0.128 -0.227 131 137 96
-0.750 -0.126 -0.225 117 127 94
-0.748 -0.124 -0.222 103 101 92
-0.747 -0.122 -0.221 102 116 111
-0.747 -0.120 -0.220 97 133 131
-0.746 -0.118 -0.218 96 138 143
-0.745 -0.116 -0.217 95 144 156
-0.744 -0.114 -0.214 94 146 156
-0.742 -0.112 -0.212 94 138 139
-0.741 -0.110 -0.211 104 137 117
-0.741 -0.108 -0.210 136 179 117
-0.740 -0.106 -0.209 107 133 121
-0.740 -0.104 -0.208 93 102 110
-0.740 -0.102 -0.208 91 107 120
-0.740 -0.100 -0.209 98 107 127
-0.741 -0.098 -0.210 121 114 122
-0.741 -0.096 -0.210 160 114 109
-0.742 -0.094 -0.213 200 120 101
-0.743 -0.092 -0.213 223 131 108
-0.744 -0.090 -0.216 186 137 128
-0.747 -0.087 -0.220 131 131 146
-0.749 -0.085 -0.223 114 143 160
-0.751 -0.082 -0.227 115 158 178
-0.757 -0.079 -0.237 138 169 178
-0.760 -0.076 -0.243 161 176 173
-0.769 -0.140 -0.261 168 142 107
-0.766 -0.138 -0.257 163 137 103
-0.764 -0.136 -0.252 155 131 99
-0.761 -0.134 -0.247 152 130 99
-0.756 -0.132 -0.240 144 124 101
-0.753 -0.130 -0.233 134 118 93
-0.751 -0.127 -0.230 128 135 98
-0.749 -0.125 -0.228 112 123 96
-0.748 -0.123 -0.225 101 101 92
-0.747 -0.121 -0.224 101 110 105
-0.746 -0.119 -0.223 100 135 125
-0.745 -0.118 -0.221 97 140 141
-0.745 -0.116 -0.220 99 146 155
-0.743 -0.114 -0.218 99 149 159
-0.743 -0.112 -0.217 98 142 145
-0.742 -0.110 -0.215 100 131 119
-0.741 -0.108 -0.214 130 172 115
-0.741 -0.106 -0.213 113 153 133
-0.741 -0.104 -0.213 95 103 116
-0.740 -0.102 -0.213 89 110 130
-0.740 -0.100 -0.213 100 120 146
-0.741 -0.098 -0.214 110 131 155
-0.741 -0.096 -0.214 131 124 134
-0.743 -0.094 -0.217 168 129 121
-0.743 -0.092 -0.218 173 126 122
-0.745 -0.089 -0.221 137 125 136
-0.747 -0.087 -0.225 113 133 151
-0.749 -0.084 -0.229 117 155 168
-0.752 -0.082 -0.233 127 170 180
-0.756 -0.079 -0.241 147 177 182
-0.764 -0.138 -0.257 168 140 105
-0.762 -0.136 -0.254 158 134 100
-0.759 -0.134 -0.248 152 130 100
-0.755 -0.132 -0.242 143 125 101
-0.752 -0.129 -0.237 132 118 94
-0.751 -0.127 -0.235 124 121 99
-0.749 -0.125 -0.231 109 114 100
-0.748 -0.123 -0.229 103 102 95
-0.747 -0.121 -0.227 100 106 101
-0.746 -0.119 -0.227 107 137 109
-0.745 -0.117 -0.225 110 136 121
-0.744 -0.115 -0.223 124 129 129
-0.743 -0.114 -0.222 122 136 136
-0.742 -0.112 -0.220 114 128 130
-0.741 -0.110 -0.219 105 117 108
-0.741 -0.108 -0.219 126 157 110
-0.741 -0.106 -0.218 116 153 132
-0.741 -0.104 -0.218 98 101 120
-0.740 -0.102 -0.217 87 105 133
-0.740 -0.100 -0.217 98 121 152
-0.741 -0.098 -0.218 103 129 166
-0.741 -0.096 -0.218 108 130 152
-0.743 -0.093 -0.221 120 138 148
-0.743 -0.091 -0.222 120 134 154
-0.745 -0.089 -0.225 110 139 161
-0.748 -0.086 -0.231 112 154 175
-0.751 -0.084 -0.235 126 178 179
-0.752 -0.081 -0.238 143 180 172
-0.756 -0.078 -0.245 159 178 168
-0.760 -0.136 -0.255 165 139 103
-0.758 -0.134 -0.251 155 132 101
-0.755 -0.132 -0.245 144 127 101
-0.753 -0.129 -0.242 131 119 97
-0.751 -0.127 -0.239 117 109 100
-0.749 -0.125 -0.236 108 105 102
-0.748 -0.123 -0.234 105 104 103
-0.746 -0.121 -0.231 102 111 103
-0.746 -0.119 -0.230 114 140 99
-0.745 -0.117 -0.229 127 132 95
-0.745 -0.115 -0.228 154 107 96
-0.744 -0.113 -0.226 157 114 104
-0.743 -0.111 -0.225 145 103 103
-0.742 -0.109 -0.223 130 98 92
-0.742 -0.107 -0.223 131 124 101
-0.742 -0.105 -0.223 115 123 115
-0.741 -0.103 -0.222 107 95 110
-0.741 -0.102 -0.221 98 103 130
-0.741 -0.100 -0.221 98 114 142
-0.741 -0.097 -0.223 102 122 149
-0.742 -0.095 -0.224 100 126 151
-0.744 -0.093 -0.227 108 142 158
-0.745 -0.091 -0.229 113 159 174
-0.747 -0.088 -0.233 119 173 185
-0.750 -0.086 -0.238 129 186 188
-0.752 -0.083 -0.242 132 181 169
-0.754 -0.080 -0.245 155 184 149
-0.756 -0.078 -0.249 168 181 153
-0.757 -0.134 -0.254 160 137 104
-0.755 -0.132 -0.250 148 128 98
-0.753 -0.129 -0.246 138 123 97
-0.751 -0.127 -0.243 124 115 99
-0.750 -0.125 -0.241 117 109 103
-0.748 -0.123 -0.237 104 108 106
-0.747 -0.121 -0.236 101 108 105
-0.746 -0.119 -0.234 112 135 101
-0.745 -0.117 -0.233 127 144 97
-0.745 -0.115 -0.232 148 136 100
-0.744 -0.113 -0.231 164 128 107
-0.743 -0.111 -0.229 170 100 99
-0.742 -0.109 -0.228 174 99 90
-0.742 -0.107 -0.228 159 93 90
-0.741 -0.105 -0.227 138 87 91
-0.741 -0.103 -0.227 129 87 89
-0.741 -0.101 -0.226 120 94 108
-0.741 -0.099 -0.226 119 131 126
-0.742 -0.097 -0.228 112 134 140
-0.743 -0.095 -0.229 105 124 146
-0.744 -0.093 -0.232 112 135 153
-0.746 -0.090 -0.235 123 160 165
-0.748 -0.088 -0.239 130 172 171
-0.751 -0.085 -0.244 142 180 156
-0.753 -0.082 -0.248 144 172 139
-0.755 -0.080 -0.250 159 179 141
-0.756 -0.078 -0.253 176 181 150
-0.755 -0.132 -0.254 154 133 101
-0.753 -0.129 -0.250 140 123 97
-0.751 -0.127 -0.247 134 121 96
-0.750 -0.125 -0.245 126 115 100
-0.748 -0.123 -0.242 112 109 104
-0.747 -0.121 -0.240 104 111 106
-0.746 -0.119 -0.239 107 127 101
-0.746 -0.117 -0.238 124 149 98
-0.745 -0.115 -0.237 137 166 111
-0.744 -0.113 -0.235 148 160 115
-0.743 -0.111 -0.234 142 111 94
-0.743 -0.109 -0.233 165 93 85
-0.742 -0.107 -0.232 172 94 89
-0.742 -0.105 -0.232 164 87 87
-0.742 -0.103 -0.231 151 81 80
-0.741 -0.101 -0.230 147 90 88
-0.741 -0.099 -0.230 141 150 109
-0.742 -0.097 -0.233 134 160 136
-0.743 -0.095 -0.234 116 125 138
-0.745 -0.092 -0.238 114 130 145
-0.748 -0.090 -0.243 136 165 148
-0.750 -0.087 -0.246 132 154 145
-0.752 -0.085 -0.249 142 157 131
-0.753 -0.082 -0.252 155 169 135
-0.755 -0.080 -0.255 166 178 146
-0.751 -0.129 -0.252 147 130 99
-0.750 -0.127 -0.250 139 125 96
-0.748 -0.125 -0.247 134 122 99
-0.747 -0.123 -0.245 128 119 100
-0.747 -0.121 -0.244 119 127 99
-0.746 -0.119 -0.243 116 135 97
-0.745 -0.117 -0.242 124 139 92
-0.745 -0.115 -0.242 126 155 106
-0.744 -0.113 -0.240 129 142 103
-0.744 -0.111 -0.238 126 109 88
-0.743 -0.109 -0.238 160 94 76
-0.743 -0.107 -0.237 163 90 79
-0.742 -0.105 -0.237 159 81 77
-0.742 -0.103 -0.237 160 78 80
-0.741 -0.101 -0.235 174 92 90
-0.741 -0.099 -0.235 166 139 106
-0.742 -0.097 -0.237 160 156 128
-0.744 -0.094 -0.239 128 118 126
-0.745 -0.092 -0.241 111 124 139
-0.748 -0.089 -0.247 116 127 144
-0.750 -0.087 -0.251 124 134 151
-0.752 -0.084 -0.254 146 153 144
-0.753 -0.082 -0.256 162 166 146
-0.755 -0.079 -0.260 174 175 151
-0.749 -0.127 -0.253 145 130 98
-0.748 -0.125 -0.250 140 127 97
-0.747 -0.123 -0.248 136 125 98
-0.746 -0.121 -0.247 128 141 94
-0.745 -0.119 -0.246 122 146 96
-0.745 -0.117 -0.246 119 143 95
-0.745 -0.115 -0.245 121 149 97
-0.744 -0.113 -0.244 122 124 91
-0.744 -0.111 -0.243 129 106 84
-0.743 -0.109 -0.242 165 99 77
-0.743 -0.107 -0.242 172 93 78
-0.743 -0.105 -0.241 167 83 77
-0.743 -0.102 -0.241 180 82 80
-0.742 -0.101 -0.240 196 94 93
-0.742 -0.098 -0.240 199 108 102
-0.743 -0.096 -0.241 185 116 107
-0.744 -0.094 -0.243 138 112 119
-0.745 -0.092 -0.245 113 120 133
-0.749 -0.089 -0.253 116 129 148
-0.751 -0.086 -0.257 125 140 162
-0.752 -0.084 -0.258 148 153 153
-0.753 -0.082 -0.260 168 164 148
-0.754 -0.079 -0.263 187 173 149
-0.747 -0.125 -0.253 141 129 100
-0.746 -0.123 -0.251 134 130 99
-0.745 -0.121 -0.250 127 142 95
-0.745 -0.119 -0.249 127 153 95
-0.745 -0.117 -0.249 127 154 101
-0.744 -0.115 -0.248 121 147 99
-0.744 -0.113 -0.248 125 129 95
-0.744 -0.111 -0.247 135 105 87
-0.743 -0.109 -0.246 173 103 79
-0.743 -0.106 -0.246 188 97 78
-0.743 -0.104 -0.246 197 96 78
-0.743 -0.102 -0.246 210 97 81
-0.742 -0.100 -0.244 223 105 92
-0.742 -0.098 -0.244 227 128 109
-0.742 -0.096 -0.245 185 127 114
-0.743 -0.094 -0.247 140 119 125
-0.745 -0.091 -0.249 116 123 142
-0.748 -0.089 -0.255 114 131 155
-0.749 -0.086 -0.258 121 140 161
-0.751 -0.084 -0.261 149 155 154
-0.752 -0.081 -0.263 175 166 150
-0.745 -0.123 -0.253 144 132 100
-0.744 -0.121 -0.251 134 136 103
-0.744 -0.119 -0.251 135 154 101
-0.744 -0.117 -0.251 141 169 113
-0.744 -0.115 -0.251 141 173 121
-0.744 -0.113 -0.251 137 126 107
-0.743 -0.110 -0.250 139 113 94
-0.743 -0.108 -0.250 175 103 85
-0.743 -0.106 -0.250 195 101 78
-0.743 -0.104 -0.250 211 101 78
-0.743 -0.102 -0.250 224 108 82
-0.742 -0.100 -0.249 235 117 91
-0.742 -0.098 -0.249 225 130 104
-0.743 -0.096 -0.250 177 127 116
-0.744 -0.093 -0.252 149 128 129
-0.745 -0.091 -0.253 131 129 140
-0.747 -0.088 -0.259 125 131 150
-0.749 -0.086 -0.261 140 143 152
-0.750 -0.084 -0.264 168 162 150
-0.742 -0.121 -0.253 153 140 115
-0.742 -0.119 -0.253 145 143 113
-0.742 -0.117 -0.253 151 146 112
-0.742 -0.115 -0.253 154 148 115
-0.742 -0.113 -0.253 152 139 113
-0.742 -0.110 -0.253 149 134 109
-0.742 -0.108 -0.253 172 118 103
-0.742 -0.106 -0.253 195 105 89
-0.742 -0.104 -0.253 215 103 83
-0.743 -0.102 -0.254 229 109 85
-0.742 -0.100 -0.253 228 123 97
-0.742 -0.098 -0.253 199 133 111
-0.743 -0.095 -0.254 172 138 124
-0.743 -0.093 -0.256 161 143 135
-0.744 -0.091 -0.258 156 149 142
-0.747 -0.088 -0.263 162 151 146
-0.740 -0.117 -0.254 164 147 120
-0.740 -0.115 -0.254 153 147 116
-0.740 -0.113 -0.254 157 140 118
-0.740 -0.110 -0.254 157 141 117
-0.741 -0.108 -0.255 161 136 118
-0.741 -0.106 -0.256 177 134 114
-0.742 -0.104 -0.257 193 130 106
-0.742 -0.102 -0.257 199 129 107
-0.742 -0.100 -0.256 194 137 120
-0.742 -0.097 -0.257 183 144 128

